-74.15916 -46.12338 0
 -74.4845 -46.18401 0
 -73.86306999999999 -46.3475 0
 -74.01736 -46.21351000000001 0
 -73.89230000000001 -46.13875000000001 0
 -73.76682 -46.29625 0
 -73.99383000000002 -46.55931 0
 -73.83125 -46.57806000000001 0
 -73.42556999999999 -46.07445000000001 0
 -73.68785 -46.31500000000001 0
 -73.66515 -45.98049 0
 -73.18424000000002 -45.66834 0
 -73.57987 -45.77827 0
 -73.51466000000001 -45.4557 0
 -73.23717000000001 -45.3129 0
 -73.46181 -45.25285000000001 0
 -73.30549000000001 -45.14775000000001 0
 -73.37528 -44.96792 0 
-73.1433 -44.94498 0
 -72.76611000000001 -44.75333 0 
-72.61389 -44.47278 0
 -73.28209 -44.17806 0
 -72.84584 -43.77667 0
 -73.0421 -43.73384 0 
-73.08174 -43.31431 0
 -72.74529 -43.04834 0
 -72.85695 -42.56681 0
 -72.53979 -42.55417 0 
-72.84903 -42.28882000000001 0
 -72.60439 -42.18438 0
 -72.42146 -42.44597 0 
-72.46167 -41.97348000000001 0 
-72.86806 -41.9325 0
 -72.35057 -41.65250000000001 0
 -72.31001000000001 -41.43584 0 
-72.47584999999999 -41.68333 0
 -72.93584 -41.48327 0
 -73.12918000000001 -41.75111 0
 -73.51056000000001 -41.80528 0
 -73.74556 -41.75438 0
 -73.49772 -41.51993 0
 -73.87112 -41.47917 0
 -73.99432 -40.96695 0
 -73.74542 -40.50965000000001 0 
-73.71487 -39.98167 0
 -73.37806999999999 -39.85473 0
 -73.22028 -39.35132 0
 -73.51862 -38.53722 0
 -73.45493999999999 -38.05716 0
 -73.66792 -37.72681 0
 -73.67709000000001 -37.34729 0
 -73.58687999999999 -37.15257 0 
-73.20376 -37.16181 0
 -73.12945999999999 -36.6825 0
 -72.98154 -36.69903000000001 0
 -72.79604999999999 -35.97507 0
 -72.59139999999999 -35.8025 0
 -72.64778 -35.57403 0 
-72.21084 -35.08528 0
 -72.01681000000001 -34.14438 0
 -71.65501 -33.66251 0
 -71.75626 -33.10542 0
 -71.44667 -32.665 0
 -71.70334 -30.76167 0
 -71.64557000000001 -30.27361 0
 -71.40584 -30.18583 0
 -71.28964999999999 -29.90965 0
 -71.51027999999999 -28.895 0
 -70.91388999999999 -27.62445 0
 -70.96666999999999 -27.17917 0
 -70.78534999999999 -26.98882 0
 -70.63806 -26.30139 0
 -70.73125 -25.8159 0
 -70.45056000000001 -25.36549000000001 0
 -70.58334000000001 -24.71611 0
 -70.39111 -23.56195 0
 -70.62209 -23.49965 0
 -70.57472 -23.06695 0 
-70.28612 -22.88688 0
 -70.05334000000002 -21.42565 0
 -70.40549 -18.34855 0
 -69.95847999999999 -18.24944 0
 -69.77444 -17.98528 0
 -69.83487 -17.68139 0
 -69.49973 -17.50528 0
 -69.29125000000001 -17.97945 0
 -69.07167 -18.03889 0
 -68.96584 -18.95306 0
 -68.44368 -19.43365 0
 -68.68716000000001 -19.70368 0
 -68.52334999999999 -19.91639 0
 -68.77723 -20.08917 0
 -68.75223 -20.42403 0
 -68.46702000000001 -20.63063 0
 -68.56001000000001 -20.89139 0
 -68.18861 -21.29695 0
 -67.8764 -22.82806 0
 -67.18362 -22.82167 0
 -67.00084 -23.00278 0
 -67.33584999999999 -24.02167 0
 -68.25362 -24.39861 0
 -68.56743 -24.78194 0
 -68.35563 -25.12125 0
 -68.5975 -25.44334 0 
-68.39986 -26.15938 0
 -68.58362 -26.50528 0
 -68.28779 -26.91278 0
 -68.80743 -27.11854 0
 -69.17778 -27.95195 0
 -69.65537999999999 -28.40093 0
 -69.79279 -29.0957 0
 -70.02897 -29.29111 0 
-69.83168000000001 -30.19056 0
 -70.21167 -30.55944999999999 0
 -70.29501 -31.02972 0
 -70.53126 -31.18125 0
 -70.58674000000001 -31.56382 0
 -70.23751 -31.93847 0
 -70.32098000000001 -32.26528 0 
-69.99334 -32.87618 0
 -70.09556000000001 -33.17945 0
 -69.77493 -33.38715 0
 -69.90501 -33.77848 0
 -69.81757000000002 -34.23473 0
 -70.04761999999999 -34.28601 0
 -70.36299 -35.14479 0
 -70.565 -35.24195 0 
-70.34376 -35.81136 0
 -70.42431999999999 -36.13604 0
 -70.70473 -36.27056 0
 -70.70695000000001 -36.41452 0
 -71.03431 -36.48389 0
 -71.18612 -36.84556 0
 -71.17986000000001 -37.69646 0
 -70.82973000000001 -38.58806 0
 -71.41042 -38.93542 0
 -71.4032 -39.33014 0
 -71.50716 -39.61764 0
 -71.68987000000001 -39.57549 0
 -71.63335000000001 -39.95056000000001 0
 -71.81806 -40.20459 0
 -71.66396 -40.33451 0
 -71.95014 -40.72695 0
 -71.83807 -40.95549 0 
-71.91459 -41.65209 0
 -71.72654 -42.09507 0 
-72.13036 -42.28542 0 
-72.13667 -43.00577 0
 -71.73966 -43.17611 0
 -71.93556 -43.4534 0
 -71.70174 -43.60167 0
 -71.80765000000001 -43.76334 0
 -71.69833 -43.86667 0
 -71.85341 -44.37244 0
 -71.10876 -44.53528 0
 -71.27791999999999 -44.7982 0
 -72.08181 -44.78709 0
 -72.06682000000001 -44.90167 0
 -71.58265 -44.97542 0
 -71.29861 -45.30507000000001 0
 -71.78194999999999 -45.65500999999999 0
 -71.60445 -45.97694 0
 -71.90181 -46.1491 0 
-71.7466 -46.24702 0
 -71.67285 -46.68396 0
 -71.93925 -46.81625 0 
-71.86792 -47.21862 0
 -72.35014 -47.45 0
 -72.53507 -47.91549 0
 -72.32195 -48.07834 0
 -72.29189 -48.34778 0
 -72.59557 -48.47306 0
 -72.56112 -48.79945 0
 -73.00639 -48.99834 0
 -73.13612000000001 -49.30417 0 
-73.46474000000001 -49.31139000000001 0
 -73.54001 -49.4432 0
 -73.53625 -50.12014 0
 -73.27751000000001 -50.32848 0
 -73.13709 -50.76986000000001 0 
-72.29389 -50.65292 0 
-72.26584 -51.0107 0 
-72.39521999999999 -51.10813 0
 -72.24963 -51.23785000000001 0 
-72.40056 -51.51362 0 
-71.91057000000001 -51.99583000000001 0 
-69.99834 -51.99639000000001 0
 -68.44176 -52.37778000000001 0
 -69.26849000000001 -52.20806000000001 0
 -69.67570000000001 -52.52827000000001 0
 -70.81168 -52.73251 0
 -70.9766 -53.76091000000001 0
 -71.28473 -53.88639000000001 0
 -72.11501 -53.68764 0 
-72.45251 -53.40431 0
 -72.28341 -53.24501000000001 0
 -72.11208999999999 -53.25764 0
 -72.22736 -53.43551999999999 0
 -72.10529 -53.42973000000001 0
 -71.86660000000001 -53.22285 0 
-71.78605 -53.42952 0
 -72.00584000000001 -53.56542 0
 -71.79737 -53.51278 0
 -71.73903000000001 -53.21521 0
 -71.32862000000002 -53.10001 0
 -71.16652999999999 -52.8107 0
 -72.01958999999999 -53.12431 0
 -72.51709 -53.06237000000001 0
 -72.18952 -53.18271 0
 -72.64778 -53.32597000000001 0
 -72.40028000000001 -53.54028000000001 0
 -73.29889 -53.16077 0 
-72.71028000000001 -53.29403000000001 0
 -72.79222 -53.1841 0
-72.65584 -53.1491 0
 -72.91167 -53.08417 0
 -72.95834000000001 -52.85751 0
 -72.71944999999999 -52.74612000000001 0
 -71.47528 -52.63334 0
 -72.78979000000001 -52.54285 0
 -72.8989 -52.62556000000001 0
 -72.67834000000001 -52.66216000000001 0
 -73.00584000000001 -52.85417 0
 -72.98042 -53.06472 0
 -73.20348 -53.10625000000001 0
 -73.44935 -53.00205 0
 -73.235 -52.88972 0
 -73.55646 -52.80233 0
 -73.23188 -52.78764 0
 -73.12312 -52.55463 0
 -73.69361000000001 -52.72209 0
 -73.54993 -52.54257 0
 -73.73166999999999 -52.03751 0 
-73.32182 -52.22375 0
 -72.98625 -52.07063 0
 -72.86639 -52.26389000000001 0
 -72.78473 -52.06223 0
 -72.8755 -52.20306000000001 0
 -72.94334000000001 -52.08778 0
 -72.69423999999999 -51.9891 0 
-72.57563 -52.32153000000001 0 
-72.89944 -52.45862000000001 0
 -72.49105 -52.31674 0
 -72.66656 -51.96524 0
 -72.47069999999999 -51.93597000000001 0 
-72.4689 -51.78917 0
 -73.24251 -51.46299 0
 -72.56605 -51.78896000000001 0
 -73.2839 -51.61354 0 
-72.99736 -51.78333 0
 -73.19070000000001 -51.87650000000001 0
 -72.92695999999999 -51.86110999999999 0
 -73.24077000000001 -52.08722 0
 -73.38067000000001 -51.6699 0
 -73.28695000000002 -52.16 0
 -73.54528999999999 -52.0564 0
 -73.64914 -51.83451000000001 0
 -73.39945000000002 -52.01722 0
 -73.58671 -51.75636000000001 0
 -73.47132000000001 -51.69413 0
 -73.70036 -51.78917 0 
-73.90584 -51.62251 0
 -73.90479999999999 -51.37729 0 
-73.60494 -51.62841000000001 0 
-73.71167 -51.15973000000001 0
 -74.08376 -51.20903000000001 0 
-74.24737 -50.92771000000001 0 
-73.85138999999999 -50.91667000000001 0
 -73.75167 -50.66174 0
 -73.53313 -50.71424 0
 -73.72257999999999 -50.5457 0
 -73.57174000000001 -50.40434 0
 -74.04348 -50.82806 0
 -74.28924000000001 -50.48049 0
 -73.89091000000001 -50.54684000000001 0
 -74.68876 -50.20709 0
 -74.34875 -50.08862 0
 -73.86733 -50.28889000000001 0
 -74.37084 -49.99208 0 
-73.89014 -50.07486 0 
-74.32487 -49.86778000000001 0  
-74.06334000000001 -49.71556 0 
-74.2991 -49.7391 0 
-74.24327 -49.57118000000001 0 
-73.99724999999999 -49.56124 0
 -74.11084 -49.48306 0
 -74.06834000000001 -49.26278 0
 -73.84784999999999 -49.34660000000001 0
 -74.02889999999999 -49.09306 0 
-73.83118 -49.03223 0
 -74.04333000000001 -49.02195 0
 -74.21598 -49.53222 0
 -74.37390000000001 -49.42751 0
 -74.45014 -48.8157 0
 -74.06465 -48.74368 0
 -74.39758 -48.61195 0 
-74.04667999999999 -48.54778 0
 -74.02112 -48.41361 0
 -74.63181 -48.00056 0
 -74.34959000000001 -48.02250000000001 0
 -74.21521 -48.23181000000001 0 
-74.32778 -48.005 0
 -73.77181 -48.02972 0
 -73.55334000000001 -48.24583 0
 -73.27376000000001 -48.09334000000001 0
 -73.48653 -48.12292 0 
-73.65421000000001 -47.9091 0
 -73.2266 -48.00303 0
 -73.71362000000001 -47.78014 0
 -73.72629000000001 -47.53139 0
 -73.77126000000001 -47.78653000000001 0
 -73.93445 -47.84695000000001 0
 -74.74139 -47.71146 0
 -74.54028000000001 -47.54834 0
 -74.17591 -47.74854000000001 0 
-74.29862 -47.68084000000001 0 
-74.06195 -47.53973 0 
-74.30501 -47.60334 0 
-74.52813 -47.43431000000001 0 
-74.31959999999999 -47.21985999999999 0 
-74.10529 -47.3475 0
 -73.93827 -47.03445 0
 -74.33945 -46.76611 0
 -74.61862000000001 -46.78556 0
 -74.50404 -46.90306 0
 -75.00861999999999 -46.75195000000001 0 
-74.94529 -46.44271 0
 -75.59807000000001 -46.70306 0 
-75.34265000000001 -46.87882 0
 -75.48833999999999 -46.95583 0 
-75.70459 -46.63445000000001 0 
-74.82167 -46.11279 0 
-74.67487 -45.82681 0 
-74.36861000000002 -45.79237 0
 -74.11069999999999 -45.83583 0
 -74.15916 -46.12338 0  
-74.2525 -42.99167 0
 -74.06180999999999 -41.81348 0 
-73.50333999999999 -41.84153 0
 -73.38028 -42.285 0
 -73.82098000000001 -42.51431000000001 0
 -73.50063 -42.80035 0
 -73.65209 -42.93542000000001 0
 -73.49161000000001 -43.11583 0
 -73.78021000000001 -43.12743 0
 -73.71474000000001 -43.37029 0
 -73.86646 -43.3982 0
 -74.38918 -43.26723 0
 -74.2525 -42.99167 0
