0.0 0.000730726375543
0.0302938503484 0.000291421614483
0.0605877006968 0.00044014342859
0.0908815510451 0.000375439690037
0.121175401394 0.000396970825338
0.151469251742 0.000411096663307
0.18176310209 0.000274266500695
0.212056952439 0.00035513622721
0.242350802787 0.000280080906601
0.272644653135 0.00035389172604
0.302938503484 0.000153278079642
0.333232353832 0.000417347965008
0.363526204181 0.000287984140388
0.393820054529 0.000612018102336
0.424113904877 0.000271515070257
0.454407755226 9.70762249983e-05
0.484701605574 0.000353477303066
0.514995455922 0.00023039087753
0.545289306271 0.000139826864633
0.575583156619 0.000292594147079
0.605877006968 0.000203087178458
0.636170857316 0.00015021825966
0.666464707664 0.000348632991063
0.696758558013 0.00051965334645
0.727052408361 0.000227175922754
0.757346258709 1.2860726825e-05
0.787640109058 0.000244830681452
0.817933959406 0.000129184118188
0.848227809755 0.000191372411379
0.878521660103 7.06310747725e-05
0.908815510451 7.92281144374e-05
0.9391093608 0.000222532236823
0.969403211148 0.000103868533414
0.999697061497 9.05380753473e-05
1.02999091184 0.00022944134489
1.06028476219 7.47316887508e-05
1.09057861254 6.34786327818e-05
1.12087246289 6.75281136745e-05
1.15116631324 0.000126019389267
1.18146016359 0.000139721144989
1.21175401394 0.000122380104969
1.24204786428 0.000101061846559
1.27234171463 0.000235731965733
1.30263556498 0.000205337280396
1.33292941533 0.000199835715597
1.36322326568 9.87790750243e-05
1.39351711603 0.000230809789951
1.42381096637 0.000303813075905
1.45410481672 0.000332734351288
1.48439866707 0.000256248663076
1.51469251742 0.000178436835879
1.54498636777 0.000183174547639
1.57528021812 8.40927189784e-05
1.60557406846 5.34261680842e-05
1.63586791881 2.7062622855e-05
1.66616176916 0.000129150115932
1.69645561951 5.8459824912e-05
1.72674946986 0.000130010713385
1.75704332021 0.000103083551928
1.78733717055 0.00012122491192
1.8176310209 0.0001275483008
1.84792487125 0.000105108861996
1.8782187216 5.8351802837e-05
1.90851257195 0.000178538362298
1.9388064223 0.000103204179475
1.96910027264 8.698876103e-05
1.99939412299 8.06303453104e-05
2.02968797334 3.88407489023e-05
2.05998182369 0.000107882097496
2.09027567404 0.000126125731792
2.12056952439 0.00015451380341
2.15086337473 0.000181616595502
2.18115722508 7.94853450416e-05
2.21145107543 5.57027398653e-05
2.24174492578 1.37006642902e-05
2.27203877613 0.000145012115378
2.30233262648 0.000105178822962
2.33262647683 0.000100748930506
2.36292032717 0.000145981249014
2.39321417752 0.000129044351796
2.42350802787 6.2558745478e-05
2.45380187822 3.48855037952e-05
2.48409572857 0.000119825814987
2.51438957892 8.90613479313e-05
2.54468342926 8.43772612725e-05
2.57497727961 3.77464806491e-05
2.60527112996 4.51587771264e-05
2.63556498031 3.09235574507e-05
2.66585883066 7.83877754526e-06
2.69615268101 3.25417059377e-05
2.72644653135 1.54531444869e-05
2.7567403817 7.639585787e-05
2.78703423205 0.000110766740113
2.8173280824 5.92498815216e-05
2.84762193275 3.67911101688e-05
2.8779157831 1.8108576452e-05
2.90820963344 6.98644790473e-05
2.93850348379 5.24958184898e-05
2.96879733414 9.84398387269e-05
2.99909118449 9.94788445292e-05
3.02938503484 5.50729769079e-05
3.05967888519 5.32713739857e-05
3.08997273553 3.15112776152e-05
3.12026658588 5.86237886454e-05
3.15056043623 7.70897954642e-05
3.18085428658 8.74972760887e-05
3.21114813693 8.0114515162e-05
3.24144198728 6.70220857687e-05
3.27173583762 5.60820044485e-05
3.30202968797 6.09473349477e-05
3.33232353832 0.000147062455984
3.36261738867 0.000154773517753
3.39291123902 0.000208802426992
3.42320508937 0.000175056849263
3.45349893972 0.000140103024844
3.48379279006 9.58839056387e-05
3.51408664041 0.000128711638233
3.54438049076 0.000100296831329
3.57467434111 9.57441374574e-05
3.60496819146 5.5490385485e-05
3.63526204181 9.88460551575e-06
3.66555589215 2.03773450934e-05
3.6958497425 1.46132392568e-05
3.72614359285 3.48071330171e-05
3.7564374432 1.5619281644e-05
3.78673129355 5.89683816909e-05
3.8170251439 1.44309117011e-05
3.84731899424 4.43937346616e-05
3.87761284459 5.82876536605e-05
3.90790669494 0.000106427269892
3.93820054529 6.30201577107e-05
3.96849439564 4.81412456586e-05
3.99878824599 4.75382331459e-05
4.02908209633 5.40544090412e-05
4.05937594668 7.61372475217e-05
4.08966979703 1.74860662663e-05
4.11996364738 4.54816397727e-05
4.15025749773 4.09435306116e-05
4.18055134808 5.80506186614e-05
4.21084519842 5.53290617859e-05
4.24113904877 4.93585940652e-05
4.27143289912 3.45830060987e-05
4.30172674947 1.56151519195e-05
4.33202059982 2.64624251464e-05
4.36231445017 2.81807439505e-05
4.39260830051 3.11364413639e-05
4.42290215086 2.65312608517e-05
4.45319600121 2.50707129007e-05
4.48348985156 2.85313034803e-05
4.51378370191 2.37912894988e-05
4.54407755226 2.96119268328e-05
4.57437140261 7.78058466804e-06
4.60466525295 1.0300291992e-05
4.6349591033 4.15591704091e-05
4.66525295365 5.49170210955e-05
4.695546804 4.41498687751e-05
4.72584065435 4.63922684319e-05
4.7561345047 6.56698873766e-05
4.78642835504 8.34117094098e-05
4.81672220539 8.13269902057e-05
4.84701605574 6.11412965977e-05
4.87730990609 4.10199836194e-05
4.90760375644 4.48844541024e-05
4.93789760679 4.9254672792e-05
4.96819145713 7.9867859888e-05
4.99848530748 5.25352438107e-05
5.02877915783 4.68097288126e-05
5.05907300818 7.13720332657e-05
5.08936685853 5.48020409195e-05
5.11966070888 3.49113506222e-05
5.14995455922 3.20523685667e-05
5.18024840957 3.16583481515e-05
5.21054225992 7.25625380165e-05
5.24083611027 5.90230666961e-05
5.27112996062 3.37079009824e-05
5.30142381097 3.24438676076e-05
5.33171766131 2.30642823223e-05
5.36201151166 2.64995569785e-05
5.39230536201 1.51387842146e-05
5.42259921236 1.56854001333e-05
5.45289306271 1.42000534199e-05
5.48318691306 2.25292967213e-05
5.51348076341 1.5136593879e-05
5.54377461375 2.62712842741e-05
5.5740684641 2.07002716498e-05
5.60436231445 1.35053688018e-06
5.6346561648 4.95235369014e-06
5.66495001515 1.99810964341e-05
5.6952438655 1.9524950183e-05
5.72553771584 2.99358770151e-05
5.75583156619 9.00039055584e-06
5.78612541654 1.60445986861e-05
5.81641926689 3.97275540347e-06
5.84671311724 9.30046258254e-06
5.87700696759 2.56847455156e-05
5.90730081793 8.6547589873e-06
5.93759466828 1.12763686932e-06
5.96788851863 1.53207491396e-05
5.99818236898 2.79670769509e-05
6.02847621933 2.13181417545e-05
6.05877006968 2.95056863334e-05
6.08906392002 9.42997961024e-06
6.11935777037 1.07295415323e-05
6.14965162072 1.03088021875e-05
6.17994547107 2.81385200898e-05
6.21023932142 1.20725237829e-05
6.24053317177 4.31855853064e-06
6.27082702211 9.2743025827e-06
6.30112087246 2.7670031431e-06
6.33141472281 1.86248901141e-05
6.36170857316 1.20726826007e-05
6.39200242351 2.93180095111e-05
6.42229627386 2.52767819699e-05
6.4525901242 2.77503555292e-05
6.48288397455 3.40840471129e-05
6.5131778249 1.55001028587e-05
6.54347167525 1.47136465108e-05
6.5737655256 2.23735265835e-05
6.60405937595 1.08119941886e-05
6.6343532263 1.56582175259e-05
6.66464707664 1.52115010799e-05
6.69494092699 8.45864876899e-06
6.72523477734 1.01136388507e-05
6.75552862769 1.04560310804e-05
6.78582247804 1.52492624195e-05
6.81611632839 1.14298831882e-05
6.84641017873 8.75502716369e-06
6.87670402908 8.07909392098e-06
6.90699787943 1.46744047467e-05
6.93729172978 4.21859900828e-06
6.96758558013 2.83644508159e-07
6.99787943048 1.13631862843e-05
7.02817328082 2.86449022325e-06
7.05846713117 9.29764816788e-06
7.08876098152 2.25794806853e-06
7.11905483187 4.06202713131e-06
7.14934868222 8.36665266315e-06
7.17964253257 5.7470414837e-06
7.20993638291 3.10940123636e-06
7.24023023326 5.22286965449e-06
7.27052408361 4.32126574703e-06
7.30081793396 1.93592249588e-06
7.33111178431 1.00579600307e-05
7.36140563466 5.86167173104e-06
7.391699485 5.09236199544e-06
7.42199333535 2.47820179214e-06
7.4522871857 3.28920895994e-06
7.48258103605 6.76433875589e-07
7.5128748864 3.82601465048e-06
7.54316873675 1.44955387007e-06
7.57346258709 3.05590963773e-06
7.60375643744 1.02816988362e-05
7.63405028779 8.47867626031e-06
7.66434413814 1.40345263498e-05
7.69463798849 1.40768571636e-05
7.72493183884 1.08939091792e-05
7.75522568919 3.86910789639e-06
7.78551953953 6.6166879762e-06
7.81581338988 1.73616624392e-06
7.84610724023 2.51033790206e-06
7.87640109058 3.43216555198e-06
7.90669494093 1.24507292678e-06
7.93698879128 3.35281982876e-06
7.96728264162 3.54913548837e-06
7.99757649197 3.5240068198e-06
8.02787034232 2.66382283768e-06
8.05816419267 3.87500061894e-06
8.08845804302 7.69130789537e-06
8.11875189337 2.75524506078e-06
8.14904574371 4.97182601297e-06
8.17933959406 1.27650450322e-05
8.20963344441 1.60476429346e-05
8.23992729476 5.35304070061e-06
8.27022114511 7.73400881015e-06
8.30051499546 6.0004799032e-06
8.3308088458 1.76217877934e-06
8.36110269615 7.46648755379e-06
8.3913965465 8.19862647805e-06
8.42169039685 7.71664084105e-06
8.4519842472 1.0110603459e-05
8.48227809755 8.93769781001e-06
8.51257194789 9.07046299186e-06
8.54286579824 7.16853242839e-06
8.57315964859 6.06205591545e-06
8.60345349894 1.00673304517e-05
8.63374734929 7.18548793342e-06
8.66404119964 8.60987228042e-06
8.69433504998 6.77953569056e-06
8.72462890033 3.84860286524e-06
8.75492275068 4.76679645451e-06
8.78521660103 3.40719101928e-06
8.81551045138 4.4809471166e-06
8.84580430173 9.37065432519e-06
8.87609815208 7.7232989313e-06
8.90639200242 6.94971439489e-06
8.93668585277 1.20126483353e-06
8.96697970312 4.5680507206e-06
8.99727355347 3.5704017361e-06
9.02756740382 3.70052207201e-06
9.05786125417 2.7329397273e-06
9.08815510451 4.07790608563e-06
9.11844895486 3.00358752411e-06
9.14874280521 2.68404548482e-06
9.17903665556 2.48961406268e-06
9.20933050591 2.59958895463e-06
9.23962435626 5.3235216801e-06
9.2699182066 6.31352492656e-06
9.30021205695 5.46299176705e-06
9.3305059073 3.65283240529e-06
9.36079975765 2.26471400535e-06
9.391093608 5.98632786081e-06
9.42138745835 9.6226080849e-06
9.45168130869 9.52871545312e-06
9.48197515904 9.33058656811e-06
9.51226900939 4.39245045424e-06
9.54256285974 6.20375347385e-06
9.57285671009 3.10388001373e-06
9.60315056044 6.88814776494e-06
9.63344441078 4.85889432225e-06
9.66373826113 3.25895029815e-06
9.69403211148 6.92095565504e-06
9.72432596183 7.02115575615e-06
9.75461981218 4.95249520017e-06
9.78491366253 5.92070426213e-06
9.81520751287 4.83172963922e-06
9.84550136322 7.6550149658e-06
9.87579521357 1.3026098741e-05
9.90608906392 6.30202118882e-06
9.93638291427 9.32242110789e-06
9.96667676462 1.24363484086e-05
9.99697061497 6.07553176628e-06
10.0272644653 1.66924918875e-06
10.0575583157 2.89788979973e-06
10.087852166 3.92014843335e-06
10.1181460164 5.433821635e-06
10.1484398667 7.92115316403e-07
10.1787337171 2.81757510454e-06
10.2090275674 1.49125773258e-06
10.2393214178 4.79570020895e-06
10.2696152681 5.90442910946e-06
10.2999091184 5.16314471564e-06
10.3302029688 4.97990515478e-06
10.3604968191 4.4255235869e-06
10.3907906695 4.85463244913e-06
10.4210845198 4.77067740545e-07
10.4513783702 2.58039389736e-06
10.4816722205 1.62372292252e-06
10.5119660709 8.08736974688e-07
10.5422599212 1.26846060507e-06
10.5725537716 1.15651369202e-06
10.6028476219 4.55551920944e-06
10.6331414723 3.81280929479e-06
10.6634353226 1.79964316156e-06
10.693729173 4.14403691068e-06
10.7240230233 3.21041887228e-06
10.7543168737 2.23194412421e-06
10.784610724 2.4089801182e-06
10.8149045744 5.70104544491e-07
10.8451984247 2.48659597792e-06
10.8754922751 1.9937959271e-06
10.9057861254 1.65284363788e-06
10.9360799758 2.5372875703e-06
10.9663738261 2.50152372463e-06
10.9966676765 7.88487313635e-07
11.0269615268 2.17306727264e-06
11.0572553772 4.53572144363e-06
11.0875492275 4.1818257946e-06
11.1178430779 3.85995071801e-06
11.1481369282 1.07250807409e-06
11.1784307786 1.40944070843e-06
11.2087246289 2.00578499339e-06
11.2390184792 2.71330450314e-06
11.2693123296 5.65344483111e-07
11.2996061799 8.73834989124e-07
11.3299000303 1.58902633675e-06
11.3601938806 2.3807320648e-06
11.390487731 2.14473972083e-06
11.4207815813 1.82662243198e-06
11.4510754317 1.42663359824e-06
11.481369282 6.29928845605e-07
11.5116631324 1.24347143852e-06
11.5419569827 3.87906900149e-06
11.5722508331 2.88098974559e-06
11.6025446834 1.30008055906e-06
11.6328385338 2.12024009952e-06
11.6631323841 1.97754544003e-06
11.6934262345 2.30020238554e-06
11.7237200848 1.17157692065e-06
11.7540139352 1.77986736177e-06
11.7843077855 4.26618110322e-06
11.8146016359 2.14827912785e-06
11.8448954862 3.20461521081e-06
11.8751893366 1.93718102948e-06
11.9054831869 7.28574472883e-07
11.9357770373 1.22133796617e-06
11.9660708876 1.381028696e-06
11.996364738 3.23193055777e-06
12.0266585883 2.16735776957e-06
12.0569524387 2.3790507619e-06
12.087246289 3.82235761945e-06
12.1175401394 3.3621114895e-06
12.1478339897 2.67948362476e-06
12.17812784 1.64400285064e-06
12.2084216904 1.94156262589e-06
12.2387155407 1.22988251585e-06
12.2690093911 1.82746887429e-06
12.2993032414 2.16393560518e-06
12.3295970918 3.64935203567e-07
12.3598909421 8.23089038053e-07
12.3901847925 1.07004474573e-06
12.4204786428 1.22945493915e-06
12.4507724932 7.19707025118e-07
12.4810663435 1.887555648e-06
12.5113601939 1.97058557596e-06
12.5416540442 8.2590582581e-07
12.5719478946 2.05033833162e-06
12.6022417449 3.16711211366e-06
12.6325355953 1.28256754083e-06
12.6628294456 3.48093439684e-07
12.693123296 1.36611981975e-06
12.7234171463 1.66154789409e-06
12.7537109967 1.27426388264e-06
12.784004847 1.07047381197e-06
12.8142986974 1.96182215997e-06
12.8445925477 1.43631412643e-06
12.8748863981 1.25920938955e-06
12.9051802484 9.18982999564e-07
12.9354740988 1.66269477767e-06
12.9657679491 8.00748850685e-07
12.9960617995 9.35945297775e-07
13.0263556498 1.36413333353e-06
13.0566495002 6.3703935566e-07
13.0869433505 5.6302144543e-07
13.1172372008 3.30488406648e-07
13.1475310512 8.73644757772e-07
13.1778249015 1.41933498421e-06
13.2081187519 6.06706127492e-07
13.2384126022 3.08098885283e-07
13.2687064526 1.2652518357e-06
13.2990003029 1.1692985374e-06
13.3292941533 1.61812035271e-06
13.3595880036 1.53983811108e-06
13.389881854 4.18135234233e-07
13.4201757043 1.50417239601e-06
13.4504695547 8.1251386834e-07
13.480763405 3.73980857622e-07
13.5110572554 4.74090461361e-07
13.5413511057 4.98383604372e-07
13.5716449561 1.1448338083e-06
13.6019388064 1.0562165894e-06
13.6322326568 1.14528049635e-07
13.6625265071 6.69240563772e-07
13.6928203575 1.80192126701e-07
13.7231142078 1.19075966076e-06
13.7534080582 9.54654569899e-07
13.7837019085 3.08252470448e-07
13.8139957589 4.11412376544e-07
13.8442896092 9.23035562248e-07
13.8745834596 4.52310538866e-07
13.9048773099 1.07583301283e-06
13.9351711603 4.88744978483e-07
13.9654650106 6.00539537127e-07
13.995758861 4.04847385951e-07
14.0260527113 5.66375807027e-07
14.0563465616 1.03452615571e-06
14.086640412 1.12364244103e-06
14.1169342623 1.00034057056e-06
14.1472281127 4.60686105989e-08
14.177521963 6.28787871658e-08
14.2078158134 3.60479225856e-07
14.2381096637 6.55151309305e-07
14.2684035141 6.18654438085e-07
14.2986973644 1.48924052086e-06
14.3289912148 9.62276433903e-07
14.3592850651 3.70680774357e-07
14.3895789155 6.22728545151e-07
14.4198727658 6.03377845086e-07
14.4501666162 9.20051059239e-07
14.4804604665 9.93696336823e-07
14.5107543169 8.56553233173e-07
14.5410481672 6.17617047574e-07
14.5713420176 1.23386272353e-06
14.6016358679 6.85051405433e-07
14.6319297183 7.18044299687e-07
14.6622235686 1.09842927683e-06
14.692517419 1.39032283365e-06
14.7228112693 1.53573337815e-07
14.7531051197 2.000291444e-07
14.78339897 5.4724155696e-07
14.8136928204 7.09555436512e-07
14.8439866707 5.04892058359e-07
14.8742805211 3.12946954233e-07
14.9045743714 7.74690565044e-07
14.9348682218 9.75788743651e-07
14.9651620721 6.56158657956e-07
14.9954559224 3.8840112598e-07
15.0257497728 7.92826014326e-07
15.0560436231 2.74549813166e-07
15.0863374735 1.87455148051e-07
15.1166313238 4.18825844758e-07
15.1469251742 4.71371772456e-07
15.1772190245 2.21207477297e-07
15.2075128749 4.44902830787e-07
15.2378067252 5.59173808172e-07
15.2681005756 3.93505059939e-07
15.2983944259 4.25852350966e-07
15.3286882763 1.40759918211e-07
15.3589821266 5.04501480823e-07
15.389275977 8.15133030753e-07
15.4195698273 7.7216358936e-08
15.4498636777 4.72242185245e-07
15.480157528 7.48642150204e-07
15.5104513784 1.71427701131e-07
15.5407452287 7.6089957456e-07
15.5710390791 6.90158842147e-07
15.6013329294 8.08014893735e-07
15.6316267798 2.81874418186e-07
15.6619206301 2.79828249042e-07
15.6922144805 2.67137978117e-07
15.7225083308 5.55859011784e-07
15.7528021812 7.4643632313e-07
15.7830960315 4.56301582027e-07
15.8133898819 9.26413823313e-08
15.8436837322 4.68627920001e-07
15.8739775826 6.35395429471e-07
15.9042714329 5.65750495587e-07
15.9345652832 6.46356065549e-07
15.9648591336 3.44190806176e-07
15.9951529839 7.97939552264e-07
16.0254468343 6.88476748732e-07
16.0557406846 7.46761650009e-07
16.086034535 7.933926667e-07
16.1163283853 9.98792665976e-07
16.1466222357 2.97811525926e-07
16.176916086 1.74284659405e-07
16.2072099364 7.50807728981e-07
16.2375037867 9.05581846991e-07
16.2677976371 8.04291211495e-07
16.2980914874 4.78379415423e-07
16.3283853378 5.86508209851e-07
16.3586791881 3.48479459303e-07
16.3889730385 3.64877042588e-07
16.4192668888 3.96537627689e-07
16.4495607392 8.09800881847e-07
16.4798545895 9.29250780581e-07
16.5101484399 1.49640139252e-07
16.5404422902 4.11458580916e-07
16.5707361406 8.97725863115e-07
16.6010299909 7.18028204777e-07
16.6313238413 4.80357046529e-07
16.6616176916 6.23445467548e-07
16.691911542 6.87541549769e-07
16.7222053923 6.77388946169e-07
16.7524992427 4.76821806777e-08
16.782793093 6.61276227694e-08
16.8130869434 8.76276613367e-07
16.8433807937 1.08300470601e-06
16.873674644 2.33237378778e-07
16.9039684944 3.08195405058e-07
16.9342623447 6.8845666205e-07
16.9645561951 6.74643629196e-07
16.9948500454 1.3002483133e-07
17.0251438958 1.07610203571e-07
17.0554377461 3.31329099661e-07
17.0857315965 2.43519219935e-07
17.1160254468 7.78366860874e-07
17.1463192972 1.08430991688e-06
17.1766131475 4.02407818074e-07
17.2069069979 2.67997827584e-07
17.2372008482 5.85955367443e-07
17.2674946986 6.03319374796e-07
17.2977885489 1.75374971927e-07
17.3280823993 3.30340811238e-07
17.3583762496 6.95168824818e-07
17.3886701 7.03597644199e-07
17.4189639503 3.30161291202e-07
17.4492578007 7.03647411491e-07
17.479551651 4.43703124e-07
17.5098455014 3.4446296326e-07
17.5401393517 1.77237953749e-07
17.5704332021 5.51297274405e-07
17.6007270524 3.32653285745e-07
17.6310209028 4.74562058116e-07
17.6613147531 4.26307150339e-07
17.6916086035 2.29070555992e-07
17.7219024538 2.17866098311e-07
17.7521963042 5.25929482253e-07
17.7824901545 1.52318134824e-07
17.8127840048 4.25452410288e-07
17.8430778552 2.53568322118e-07
17.8733717055 3.38780797868e-07
17.9036655559 3.42535767342e-07
17.9339594062 4.51469307237e-07
17.9642532566 3.62060460508e-07
17.9945471069 1.79306098334e-07
18.0248409573 4.67731179262e-07
18.0551348076 3.97509642706e-07
18.085428658 5.60188354765e-07
18.1157225083 9.7808778893e-08
18.1460163587 2.89459134755e-07
18.176310209 2.04888970953e-07
18.2066040594 4.6786774599e-07
18.2368979097 3.70984563025e-07
18.2671917601 1.48626939165e-07
18.2974856104 1.72585825947e-07
18.3277794608 4.27537348537e-07
18.3580733111 1.00207364033e-07
18.3883671615 2.04540618171e-07
18.4186610118 3.63506474909e-07
18.4489548622 2.98747518929e-07
18.4792487125 3.26510946478e-07
18.5095425629 4.40251076459e-07
18.5398364132 4.151432207e-07
18.5701302636 1.66946448099e-07
18.6004241139 3.28444735843e-07
18.6307179643 3.613176006e-08
18.6610118146 3.53085817894e-07
18.691305665 4.8961028749e-07
18.7215995153 4.67596749766e-07
18.7518933656 1.37746096059e-07
18.782187216 2.02602372044e-07
18.8124810663 5.23036001102e-07
18.8427749167 3.32875738733e-07
18.873068767 1.70576198009e-07
18.9033626174 1.93548670201e-07
18.9336564677 5.20585664867e-07
18.9639503181 3.05264284964e-07
18.9942441684 4.09312151039e-08
19.0245380188 5.15783586559e-07
19.0548318691 2.49682578055e-07
19.0851257195 2.21849869304e-07
19.1154195698 4.63021480261e-07
19.1457134202 1.96970829596e-07
19.1760072705 5.77712648268e-08
19.2063011209 4.20665762952e-07
19.2365949712 4.23200664486e-07
19.2668888216 7.26601612005e-08
19.2971826719 2.6590525396e-07
19.3274765223 3.00005045827e-07
19.3577703726 2.02464090053e-07
19.388064223 1.79831837224e-07
19.4183580733 1.68278538088e-07
19.4486519237 2.3056755619e-07
19.478945774 2.64094581299e-07
19.5092396244 2.77597732327e-07
19.5395334747 4.24560838023e-07
19.5698273251 1.69347052097e-07
19.6001211754 3.17430390839e-07
19.6304150257 1.89773290495e-07
19.6607088761 2.6535772702e-07
19.6910027264 2.44083703418e-07
19.7212965768 1.90390856352e-07
19.7515904271 1.60845657397e-07
19.7818842775 2.73489955822e-07
19.8121781278 2.53489032478e-07
19.8424719782 9.32693370368e-08
19.8727658285 2.5278256912e-07
19.9030596789 2.42864234122e-07
19.9333535292 3.72103783779e-07
19.9636473796 7.26219349934e-08
19.9939412299 1.34185012757e-07
20.0242350803 3.61408232102e-07
20.0545289306 2.88812720202e-07
20.084822781 1.15209429401e-07
20.1151166313 2.78706341955e-07
20.1454104817 2.70445821277e-07
20.175704332 3.45048160355e-07
20.2059981824 6.98073404362e-08
20.2362920327 3.87448606878e-07
20.2665858831 1.82614330159e-07
20.2968797334 2.19547007076e-07
20.3271735838 2.50320058542e-07
20.3574674341 1.87738432277e-07
20.3877612845 2.19533340827e-07
20.4180551348 3.55260154493e-07
20.4483489852 1.34786606559e-07
20.4786428355 2.07102288498e-07
20.5089366859 2.76653704102e-07
20.5392305362 3.52508805282e-07
20.5695243865 1.48658340844e-07
20.5998182369 2.26883245041e-07
20.6301120872 2.42177664563e-07
20.6604059376 2.81899557367e-07
20.6906997879 2.28223760823e-07
20.7209936383 2.82238536077e-07
20.7512874886 2.67443261487e-07
20.781581339 3.37666473491e-07
20.8118751893 2.19542704132e-07
20.8421690397 1.39532037928e-07
20.87246289 1.3114061312e-07
20.9027567404 2.58600058054e-07
20.9330505907 3.50579195306e-07
20.9633444411 2.32266465685e-07
20.9936382914 1.65395732915e-07
21.0239321418 2.03594907359e-07
21.0542259921 3.02507919778e-07
21.0845198425 2.69186559017e-07
21.1148136928 2.09351508774e-07
21.1451075432 1.83761881876e-07
21.1754013935 2.37925864297e-07
21.2056952439 2.20546106202e-07
21.2359890942 1.94616893908e-07
21.2662829446 2.38109261407e-07
21.2965767949 1.87768865071e-07
21.3268706453 2.16389617645e-07
21.3571644956 1.9402931895e-07
21.387458346 2.25071987843e-07
21.4177521963 3.01195184691e-07
21.4480460467 2.51465568253e-07
21.478339897 1.44328782988e-07
21.5086337473 1.96656959872e-07
21.5389275977 1.62118742736e-07
21.569221448 2.3017240057e-07
21.5995152984 2.38568720581e-07
21.6298091487 1.38721848638e-07
21.6601029991 2.46088581844e-07
21.6903968494 2.93815794717e-07
21.7206906998 1.60081512208e-07
21.7509845501 3.0430980605e-07
21.7812784005 1.9821140701e-07
21.8115722508 1.97833181789e-07
21.8418661012 1.93557449994e-07
21.8721599515 1.2079904665e-07
21.9024538019 2.23899124904e-07
21.9327476522 2.04277828022e-07
21.9630415026 1.28159382479e-07
21.9933353529 1.62951407917e-07
22.0236292033 3.21060697194e-07
22.0539230536 2.25649478309e-07
22.084216904 2.25062370551e-07
22.1145107543 2.06405650746e-07
22.1448046047 3.28493983999e-07
22.175098455 1.82261043267e-07
22.2053923054 1.76836921359e-07
22.2356861557 2.40443303877e-07
22.2659800061 2.10847530574e-07
22.2962738564 2.4708430768e-07
22.3265677068 2.3869081288e-07
22.3568615571 2.32890319793e-07
22.3871554075 2.19559327245e-07
22.4174492578 1.79765228132e-07
22.4477431081 1.6819718502e-07
22.4780369585 2.18269209222e-07
22.5083308088 1.41492878386e-07
22.5386246592 1.82489346996e-07
22.5689185095 1.47224002525e-07
22.5992123599 2.82951870821e-07
22.6295062102 1.64854195064e-07
22.6598000606 2.6291131672e-07
22.6900939109 1.61915400177e-07
22.7203877613 1.09441374018e-07
22.7506816116 2.19831550922e-07
22.780975462 2.9556972384e-07
22.8112693123 1.67946335844e-07
22.8415631627 1.92189184661e-07
22.871857013 1.57923209031e-07
22.9021508634 2.44628672787e-07
22.9324447137 2.2970045086e-07
22.9627385641 1.31635178738e-07
22.9930324144 2.10715630871e-07
23.0233262648 2.24167773429e-07
23.0536201151 1.66432147231e-07
23.0839139655 1.64072206308e-07
23.1142078158 1.95518111384e-07
23.1445016662 2.60474197324e-07
23.1747955165 2.18764213226e-07
23.2050893669 1.8958972916e-07
23.2353832172 1.91290903097e-07
23.2656770676 1.73903267993e-07
23.2959709179 1.94312704008e-07
23.3262647683 2.44896766421e-07
23.3565586186 1.77118237893e-07
23.3868524689 2.53064350332e-07
23.4171463193 1.65156603743e-07
23.4474401696 2.15875294943e-07
23.47773402 2.19190530167e-07
23.5080278703 1.44005293723e-07
23.5383217207 2.16433903352e-07
23.568615571 1.82298708261e-07
23.5989094214 1.84460120014e-07
23.6292032717 1.83960977977e-07
23.6594971221 2.17236589283e-07
23.6897909724 1.41852318036e-07
23.7200848228 2.03844399789e-07
23.7503786731 2.18676537254e-07
23.7806725235 2.04112491607e-07
23.8109663738 1.75557962414e-07
23.8412602242 1.76624403178e-07
23.8715540745 1.78867400495e-07
23.9018479249 2.28766598146e-07
23.9321417752 2.30199657735e-07
23.9624356256 1.54798304101e-07
23.9927294759 1.40291385746e-07
24.0230233263 2.44905960386e-07
24.0533171766 1.77376522688e-07
24.083611027 1.42780983534e-07
24.1139048773 2.24330217109e-07
24.1441987277 1.6514680218e-07
24.174492578 1.99073775464e-07
24.2047864284 1.92436667644e-07
24.2350802787 1.84379496008e-07
24.2653741291 1.86002166199e-07
24.2956679794 1.58982364859e-07
24.3259618297 2.08358751118e-07
24.3562556801 1.75096782436e-07
24.3865495304 1.9455035546e-07
24.4168433808 1.89213892543e-07
24.4471372311 1.78847892123e-07
24.4774310815 1.69845912571e-07
24.5077249318 1.68076395929e-07
24.5380187822 1.86499976989e-07
24.5683126325 2.00345131469e-07
24.5986064829 1.80790371417e-07
24.6289003332 2.14676152562e-07
24.6591941836 1.82306941345e-07
24.6894880339 2.050605255e-07
24.7197818843 1.7678676263e-07
24.7500757346 1.72637377397e-07
24.780369585 2.12351018622e-07
24.8106634353 2.04985495284e-07
24.8409572857 1.43932895312e-07
24.871251136 1.62656342499e-07
24.9015449864 1.81482616574e-07
24.9318388367 1.89516664441e-07
24.9621326871 1.69094141514e-07
24.9924265374 1.5020656788e-07
25.0227203878 2.01712613395e-07
25.0530142381 2.00854112676e-07
25.0833080885 1.87412166468e-07
25.1136019388 1.8359879359e-07
25.1438957892 1.80240081052e-07
25.1741896395 1.66371723974e-07
25.2044834899 1.9320020744e-07
25.2347773402 1.9320001062e-07
25.2650711905 1.76848442195e-07
25.2953650409 1.67581725288e-07
25.3256588912 1.92256333878e-07
25.3559527416 1.78294283731e-07
25.3862465919 2.01695930932e-07
25.4165404423 1.78314991035e-07
25.4468342926 1.7683911581e-07
25.477128143 1.74018181865e-07
25.5074219933 1.78117246535e-07
25.5377158437 1.55960678295e-07
25.568009694 1.68754696222e-07
25.5983035444 2.0516926294e-07
25.6285973947 1.85800963893e-07
25.6588912451 1.78102810517e-07
25.6891850954 1.66046747455e-07
25.7194789458 1.86906636386e-07
25.7497727961 1.82772718106e-07
25.7800666465 1.96880417576e-07
25.8103604968 1.71691991496e-07
25.8406543472 1.78901496607e-07
25.8709481975 1.86393486879e-07
25.9012420479 1.78345886709e-07
25.9315358982 1.79582120972e-07
25.9618297486 1.60625315951e-07
25.9921235989 1.64613331129e-07
26.0224174493 1.82679624624e-07
26.0527112996 1.8064418033e-07
26.08300515 1.80689768011e-07
26.1132990003 1.81464728451e-07
26.1435928507 1.6385757592e-07
26.173886701 1.85436300085e-07
26.2041805513 1.64255230799e-07
26.2344744017 1.71955106306e-07
26.264768252 1.89839995113e-07
26.2950621024 1.87931345968e-07
26.3253559527 1.68272705593e-07
26.3556498031 1.80447649923e-07
26.3859436534 1.78720787092e-07
26.4162375038 1.79803238209e-07
26.4465313541 1.84682617724e-07
26.4768252045 1.54465862801e-07
26.5071190548 1.83515583121e-07
26.5374129052 1.86370571458e-07
26.5677067555 1.72276241325e-07
26.5980006059 1.6924097975e-07
26.6282944562 1.86550451606e-07
26.6585883066 1.78343175111e-07
26.6888821569 1.86320106913e-07
26.7191760073 1.72854936064e-07
26.7494698576 1.66039342902e-07
26.779763708 1.87883531654e-07
26.8100575583 1.66879167578e-07
26.8403514087 1.73649653794e-07
26.870645259 1.87991000635e-07
26.9009391094 1.64137808579e-07
26.9312329597 1.66441057641e-07
26.9615268101 1.62214072799e-07
26.9918206604 1.75956622833e-07
27.0221145108 1.6076965546e-07
27.0524083611 1.77860335494e-07
27.0827022115 1.67869881455e-07
27.1129960618 1.72938540667e-07
27.1432899121 1.6493527691e-07
27.1735837625 1.77679898215e-07
27.2038776128 1.69914451157e-07
27.2341714632 1.72541394503e-07
27.2644653135 1.69622580564e-07
27.2947591639 1.74970742143e-07
27.3250530142 1.60298182505e-07
27.3553468646 1.70298589623e-07
27.3856407149 1.79608374219e-07
27.4159345653 1.67078051191e-07
27.4462284156 1.75670993366e-07
27.476522266 1.79412712049e-07
27.5068161163 1.67058168794e-07
27.5371099667 1.76543455194e-07
27.567403817 1.71852639447e-07
27.5976976674 1.64059432887e-07
27.6279915177 1.75702146968e-07
27.6582853681 1.75024104646e-07
27.6885792184 1.70412472094e-07
27.7188730688 1.67724685873e-07
27.7491669191 1.72628427909e-07
27.7794607695 1.73427148512e-07
27.8097546198 1.70052411446e-07
27.8400484702 1.61837727874e-07
27.8703423205 1.66630145301e-07
27.9006361709 1.70544659357e-07
27.9309300212 1.73136129825e-07
27.9612238716 1.81121171728e-07
27.9915177219 1.59050642315e-07
28.0218115723 1.68284446996e-07
28.0521054226 1.65049090559e-07
28.0823992729 1.64995825116e-07
28.1126931233 1.7224404837e-07
28.1429869736 1.65282250663e-07
28.173280824 1.6174054136e-07
28.2035746743 1.67897602253e-07
28.2338685247 1.71419143164e-07
28.264162375 1.58607054924e-07
28.2944562254 1.65603643792e-07
28.3247500757 1.7511875196e-07
28.3550439261 1.6192205344e-07
28.3853377764 1.68165678985e-07
28.4156316268 1.75679101468e-07
28.4459254771 1.71740948735e-07
28.4762193275 1.64638032415e-07
28.5065131778 1.5293568064e-07
28.5368070282 1.70874987991e-07
28.5671008785 1.63227146619e-07
28.5973947289 1.69771973787e-07
28.6276885792 1.66598319241e-07
28.6579824296 1.6298243064e-07
28.6882762799 1.60918060769e-07
28.7185701303 1.71274597753e-07
28.7488639806 1.67457295521e-07
28.779157831 1.66681323018e-07
28.8094516813 1.65089354399e-07
28.8397455317 1.70242976631e-07
28.870039382 1.56214761696e-07
28.9003332324 1.66890295311e-07
28.9306270827 1.67181082989e-07
28.9609209331 1.69801010432e-07
28.9912147834 1.68096630922e-07
29.0215086337 1.61168589046e-07
29.0518024841 1.68779749994e-07
29.0820963344 1.61186027421e-07
29.1123901848 1.70940179723e-07
29.1426840351 1.62587039725e-07
29.1729778855 1.64052573685e-07
29.2032717358 1.65982069258e-07
29.2335655862 1.61891237473e-07
29.2638594365 1.65158384257e-07
29.2941532869 1.62386667075e-07
29.3244471372 1.60134581646e-07
29.3547409876 1.68000305137e-07
29.3850348379 1.6682113974e-07
29.4153286883 1.60546074239e-07
29.4456225386 1.59352813348e-07
29.475916389 1.64373144688e-07
29.5062102393 1.62687713896e-07
29.5365040897 1.58078739458e-07
29.56679794 1.64438387189e-07
29.5970917904 1.63346075789e-07
29.6273856407 1.57034547733e-07
29.6576794911 1.6661008836e-07
29.6879733414 1.6068312319e-07
29.7182671918 1.6479363161e-07
29.7485610421 1.62787185212e-07
29.7788548925 1.62754555468e-07
29.8091487428 1.61508861274e-07
29.8394425932 1.55241018799e-07
29.8697364435 1.58792508151e-07
29.9000302939 1.57930459109e-07
29.9303241442 1.6520807727e-07
29.9606179945 1.58648759695e-07
29.9909118449 1.58998919794e-07
30.0212056952 1.59084270087e-07
30.0514995456 1.63240879965e-07
30.0817933959 1.63513283626e-07
30.1120872463 1.54959291001e-07
30.1423810966 1.5707412621e-07
30.172674947 1.58857883071e-07
30.2029687973 1.64294017372e-07
30.2332626477 1.5620810544e-07
30.263556498 1.58610020139e-07
30.2938503484 1.58274539663e-07
30.3241441987 1.56740790698e-07
30.3544380491 1.61439776942e-07
30.3847318994 1.58443976169e-07
30.4150257498 1.60353323414e-07
30.4453196001 1.54889378392e-07
30.4756134505 1.63562872103e-07
30.5059073008 1.59940668939e-07
30.5362011512 1.5736916727e-07
30.5664950015 1.56477647577e-07
30.5967888519 1.58489087668e-07
30.6270827022 1.56940839575e-07
30.6573765526 1.59267638225e-07
30.6876704029 1.57031463355e-07
30.7179642533 1.58379451288e-07
30.7482581036 1.56908421397e-07
30.778551954 1.59613106535e-07
30.8088458043 1.54713121628e-07
30.8391396547 1.53681670898e-07
30.869433505 1.55829212527e-07
30.8997273553 1.57494002238e-07
30.9300212057 1.58680698439e-07
30.960315056 1.53132547405e-07
30.9906089064 1.54662276423e-07
31.0209027567 1.56358641768e-07
31.0511966071 1.57812641175e-07
31.0814904574 1.55683892801e-07
31.1117843078 1.53434092356e-07
31.1420781581 1.57976104539e-07
31.1723720085 1.55423431499e-07
31.2026658588 1.53576815321e-07
31.2329597092 1.5562190015e-07
31.2632535595 1.57695707322e-07
31.2935474099 1.56652904551e-07
31.3238412602 1.55632070552e-07
31.3541351106 1.54150185437e-07
31.3844289609 1.54464390486e-07
31.4147228113 1.53601767331e-07
31.4450166616 1.55845557974e-07
31.475310512 1.57113945896e-07
31.5056043623 1.54633880347e-07
31.5358982127 1.52069443836e-07
31.566192063 1.5415808492e-07
31.5964859134 1.52974006219e-07
31.6267797637 1.541867131e-07
31.6570736141 1.57685630662e-07
31.6873674644 1.52596973742e-07
31.7176613148 1.54767097883e-07
31.7479551651 1.54908259628e-07
31.7782490154 1.53453356656e-07
31.8085428658 1.53448480027e-07
31.8388367161 1.5276416333e-07
31.8691305665 1.5420559553e-07
31.8994244168 1.53659484008e-07
31.9297182672 1.54674150219e-07
31.9600121175 1.51094534995e-07
31.9903059679 1.53871752205e-07
32.0205998182 1.5375930523e-07
32.0508936686 1.5221393182e-07
32.0811875189 1.5295424018e-07
32.1114813693 1.53527483258e-07
32.1417752196 1.52406986282e-07
32.17206907 1.52179936646e-07
32.2023629203 1.51669892659e-07
32.2326567707 1.54789556448e-07
32.262950621 1.50985109197e-07
32.2932444714 1.52566616977e-07
32.3235383217 1.52768843661e-07
32.3538321721 1.5288484739e-07
32.3841260224 1.5184469913e-07
32.4144198728 1.51352379543e-07
32.4447137231 1.52007534593e-07
32.4750075735 1.50726061208e-07
32.5053014238 1.52545698557e-07
32.5355952742 1.52458403489e-07
32.5658891245 1.49825743369e-07
32.5961829749 1.52074424239e-07
32.6264768252 1.53045330728e-07
32.6567706756 1.5107211167e-07
32.6870645259 1.50211124442e-07
32.7173583762 1.51049484844e-07
32.7476522266 1.51505363316e-07
32.7779460769 1.48485979648e-07
32.8082399273 1.51641245907e-07
32.8385337776 1.51069883837e-07
32.868827628 1.50971079043e-07
32.8991214783 1.50545331318e-07
32.9294153287 1.51122236226e-07
32.959709179 1.49004290699e-07
32.9900030294 1.50620079622e-07
33.0202968797 1.50372222181e-07
33.0505907301 1.49531485328e-07
33.0808845804 1.48781346011e-07
33.1111784308 1.50274946353e-07
33.1414722811 1.48834366946e-07
33.1717661315 1.50802026517e-07
33.2020599818 1.50319764616e-07
33.2323538322 1.48842109197e-07
33.2626476825 1.48801421822e-07
33.2929415329 1.48590430423e-07
33.3232353832 1.49749979633e-07
33.3535292336 1.48960257989e-07
33.3838230839 1.48237833527e-07
33.4141169343 1.49052259754e-07
33.4444107846 1.49162813613e-07
33.474704635 1.48301069972e-07
33.5049984853 1.47810981872e-07
33.5352923357 1.49160131761e-07
33.565586186 1.48810870067e-07
33.5958800364 1.48021148764e-07
33.6261738867 1.48560580998e-07
33.656467737 1.48730227724e-07
33.6867615874 1.47872126744e-07
33.7170554377 1.48281589869e-07
33.7473492881 1.48109200155e-07
33.7776431384 1.48396849251e-07
33.8079369888 1.4782550968e-07
33.8382308391 1.47394136788e-07
33.8685246895 1.48169848099e-07
33.8988185398 1.46997205112e-07
33.9291123902 1.47173873139e-07
33.9594062405 1.47889067122e-07
33.9897000909 1.47286418718e-07
34.0199939412 1.4685705261e-07
34.0502877916 1.47277391233e-07
34.0805816419 1.4704880151e-07
34.1108754923 1.46626005786e-07
34.1411693426 1.46807943739e-07
34.171463193 1.46766227895e-07
34.2017570433 1.46582624408e-07
34.2320508937 1.4646833283e-07
34.262344744 1.46671163321e-07
34.2926385944 1.46546457546e-07
34.3229324447 1.46125902991e-07
34.3532262951 1.46552771846e-07
34.3835201454 1.46173209276e-07
34.4138139958 1.46457030661e-07
34.4441078461 1.45880279448e-07
34.4744016965 1.45927608495e-07
34.5046955468 1.46017930044e-07
34.5349893972 1.45776001394e-07
34.5652832475 1.45720676443e-07
34.5955770978 1.45798571329e-07
34.6258709482 1.45751778563e-07
34.6561647985 1.45851125633e-07
34.6864586489 1.45584954346e-07
34.7167524992 1.45663435048e-07
34.7470463496 1.45356266417e-07
34.7773401999 1.45544068395e-07
34.8076340503 1.45159736101e-07
34.8379279006 1.44891594384e-07
34.868221751 1.45565018779e-07
34.8985156013 1.44946203995e-07
34.9288094517 1.44701609322e-07
34.959103302 1.45185965821e-07
34.9893971524 1.45118231654e-07
35.0196910027 1.44232304586e-07
35.0499848531 1.44866297884e-07
35.0802787034 1.44761266123e-07
35.1105725538 1.44048774268e-07
35.1408664041 1.44866393924e-07
35.1711602545 1.44038970543e-07
35.2014541048 1.44296212418e-07
35.2317479552 1.44420028441e-07
35.2620418055 1.44035816155e-07
35.2923356559 1.44144376745e-07
35.3226295062 1.44130008709e-07
35.3529233566 1.43472358517e-07
35.3832172069 1.44058795875e-07
35.4135110573 1.43944070171e-07
35.4438049076 1.43626445892e-07
35.474098758 1.43678309493e-07
35.5043926083 1.43523687158e-07
35.5346864586 1.43482191268e-07
35.564980309 1.43467303336e-07
35.5952741593 1.43545371442e-07
35.6255680097 1.43299332608e-07
35.65586186 1.43111456906e-07
35.6861557104 1.4317429443e-07
35.7164495607 1.42861901241e-07
35.7467434111 1.43030184825e-07
35.7770372614 1.42959026479e-07
35.8073311118 1.43073963877e-07
35.8376249621 1.42818046867e-07
35.8679188125 1.42484990225e-07
35.8982126628 1.4292406481e-07
35.9285065132 1.42695874044e-07
35.9588003635 1.42514406185e-07
35.9890942139 1.42642287989e-07
36.0193880642 1.42253820311e-07
36.0496819146 1.42347529785e-07
36.0799757649 1.42200859334e-07
36.1102696153 1.42339622038e-07
36.1405634656 1.42174564973e-07
36.170857316 1.42112805879e-07
36.2011511663 1.41993066985e-07
36.2314450167 1.41897814388e-07
36.261738867 1.41906719945e-07
36.2920327174 1.41758420683e-07
36.3223265677 1.41673168227e-07
36.3526204181 1.41726836988e-07
36.3829142684 1.41536039785e-07
36.4132081188 1.41648460996e-07
36.4435019691 1.41432694536e-07
36.4737958194 1.41461372342e-07
36.5040896698 1.41295257433e-07
36.5343835201 1.41269011292e-07
36.5646773705 1.41256586103e-07
36.5949712208 1.41189335654e-07
36.6252650712 1.41141069929e-07
36.6555589215 1.41075074071e-07
36.6858527719 1.41085700671e-07
36.7161466222 1.40844373362e-07
36.7464404726 1.40850947982e-07
36.7767343229 1.40883836561e-07
36.8070281733 1.40897741238e-07
36.8373220236 1.40716474466e-07
36.867615874 1.40522788669e-07
36.8979097243 1.40619312333e-07
36.9282035747 1.40440343917e-07
36.958497425 1.40456772789e-07
36.9887912754 1.40330802897e-07
37.0190851257 1.40408645403e-07
37.0493789761 1.40356970752e-07
37.0796728264 1.40242244474e-07
37.1099666768 1.40302536033e-07
37.1402605271 1.40078475427e-07
37.1705543775 1.40133645231e-07
37.2008482278 1.40041953463e-07
37.2311420782 1.39950934608e-07
37.2614359285 1.39844107199e-07
37.2917297789 1.39747876381e-07
37.3220236292 1.39838955279e-07
37.3523174796 1.39709754721e-07
37.3826113299 1.39582349438e-07
37.4129051802 1.39558076855e-07
37.4431990306 1.39603038192e-07
37.4734928809 1.39473714445e-07
37.5037867313 1.39378169714e-07
37.5340805816 1.39343052223e-07
37.564374432 1.39465595194e-07
37.5946682823 1.39305804258e-07
37.6249621327 1.39202094357e-07
37.655255983 1.39236874504e-07
37.6855498334 1.39058795484e-07
37.7158436837 1.39001100459e-07
37.7461375341 1.38945525109e-07
37.7764313844 1.38959412678e-07
37.8067252348 1.38921223718e-07
37.8370190851 1.38898505636e-07
37.8673129355 1.3873085006e-07
37.8976067858 1.3870904083e-07
37.9279006362 1.38671049405e-07
37.9581944865 1.3864613797e-07
37.9884883369 1.38521109745e-07
38.0187821872 1.38499069568e-07
38.0490760376 1.38436923048e-07
38.0793698879 1.38376504777e-07
38.1096637383 1.38343208595e-07
38.1399575886 1.38236207883e-07
38.170251439 1.38238417095e-07
38.2005452893 1.38162183907e-07
38.2308391397 1.38064345665e-07
38.26113299 1.3807668668e-07
38.2914268404 1.38012541476e-07
38.3217206907 1.37975324931e-07
38.352014541 1.37930680765e-07
38.3823083914 1.3791880607e-07
38.4126022417 1.37802596845e-07
38.4428960921 1.37730638747e-07
38.4731899424 1.37725506023e-07
38.5034837928 1.37630237597e-07
38.5337776431 1.37630663167e-07
38.5640714935 1.37561545673e-07
38.5943653438 1.37421281851e-07
38.6246591942 1.37443985322e-07
38.6549530445 1.37427351562e-07
38.6852468949 1.37382930301e-07
38.7155407452 1.37277638969e-07
38.7458345956 1.37292151839e-07
38.7761284459 1.37205193957e-07
38.8064222963 1.37121504937e-07
38.8367161466 1.37076325858e-07
38.867009997 1.37089758213e-07
38.8973038473 1.37031572353e-07
38.9275976977 1.36911538527e-07
38.957891548 1.36938773375e-07
38.9881853984 1.36885337747e-07
39.0184792487 1.3673868407e-07
39.0487730991 1.36803562554e-07
39.0790669494 1.36723899127e-07
39.1093607998 1.36631183095e-07
39.1396546501 1.36611688138e-07
39.1699485005 1.36551939427e-07
39.2002423508 1.36539025192e-07
39.2305362012 1.36463028776e-07
39.2608300515 1.36451774459e-07
39.2911239018 1.36417234188e-07
39.3214177522 1.36321032093e-07
39.3517116025 1.36309397068e-07
39.3820054529 1.36213361393e-07
39.4122993032 1.36208462361e-07
39.4425931536 1.36144886598e-07
39.4728870039 1.36132606256e-07
39.5031808543 1.36085528204e-07
39.5334747046 1.36000931794e-07
39.563768555 1.35958502871e-07
39.5940624053 1.35924453664e-07
39.6243562557 1.35886585947e-07
39.654650106 1.3582634341e-07
39.6849439564 1.35788853796e-07
39.7152378067 1.35745837383e-07
39.7455316571 1.35689443434e-07
39.7758255074 1.35678715452e-07
39.8061193578 1.35607405055e-07
39.8364132081 1.35552399771e-07
39.8667070585 1.35507482883e-07
39.8970009088 1.35479136032e-07
39.9272947592 1.35452746653e-07
39.9575886095 1.35426882496e-07
39.9878824599 1.35334372117e-07
40.0181763102 1.35342011223e-07
40.0484701606 1.35257601743e-07
40.0787640109 1.35172577388e-07
40.1090578613 1.3518103085e-07
40.1393517116 1.35122623176e-07
40.169645562 1.35122863677e-07
40.1999394123 1.35061260376e-07
40.2302332626 1.35021796432e-07
40.260527113 1.349682004e-07
40.2908209633 1.34950054133e-07
40.3211148137 1.34890516273e-07
40.351408664 1.34834359125e-07
40.3817025144 1.34805644903e-07
40.4119963647 1.34767798728e-07
40.4422902151 1.34719188259e-07
40.4725840654 1.34708886742e-07
40.5028779158 1.34631009793e-07
40.5331717661 1.346109884e-07
40.5634656165 1.34544915114e-07
40.5937594668 1.34515544353e-07
40.6240533172 1.34485145301e-07
40.6543471675 1.34448403057e-07
40.6846410179 1.34379882692e-07
40.7149348682 1.34359266791e-07
40.7452287186 1.34313582103e-07
40.7755225689 1.34284887301e-07
40.8058164193 1.34244974981e-07
40.8361102696 1.34200944783e-07
40.86640412 1.34164241075e-07
40.8966979703 1.34107266442e-07
40.9269918207 1.3409200181e-07
40.957285671 1.34035092098e-07
40.9875795214 1.34013848044e-07
41.0178733717 1.33977191603e-07
41.0481672221 1.33922327202e-07
41.0784610724 1.33905462073e-07
41.1087549228 1.33864293123e-07
41.1390487731 1.33823811177e-07
41.1693426234 1.33791378207e-07
41.1996364738 1.33751323157e-07
41.2299303241 1.33700213153e-07
41.2602241745 1.33668495021e-07
41.2905180248 1.33638958475e-07
41.3208118752 1.33588144919e-07
41.3511057255 1.33557016112e-07
41.3813995759 1.33531451386e-07
41.4116934262 1.33494687607e-07
41.4419872766 1.3345862923e-07
41.4722811269 1.33417449295e-07
41.5025749773 1.33382098523e-07
41.5328688276 1.33349601794e-07
41.563162678 1.33307503978e-07
41.5934565283 1.33272267901e-07
41.6237503787 1.33239275998e-07
41.654044229 1.33193596986e-07
41.6843380794 1.33169581791e-07
41.7146319297 1.3313625268e-07
41.7449257801 1.33100696392e-07
41.7752196304 1.3306411096e-07
41.8055134808 1.33041306241e-07
41.8358073311 1.32997906347e-07
41.8661011815 1.32963881893e-07
41.8963950318 1.32937067151e-07
41.9266888822 1.32889937156e-07
41.9569827325 1.32857514447e-07
41.9872765829 1.32829896658e-07
42.0175704332 1.32788789623e-07
42.0478642836 1.32763904625e-07
42.0781581339 1.32727863974e-07
42.1084519842 1.32694903658e-07
42.1387458346 1.32665088788e-07
42.1690396849 1.32635043084e-07
42.1993335353 1.32597629347e-07
42.2296273856 1.32566394166e-07
42.259921236 1.32539240836e-07
42.2902150863 1.32496409916e-07
42.3205089367 1.32469539905e-07
42.350802787 1.3243871047e-07
42.3810966374 1.32406702395e-07
42.4113904877 1.32379471953e-07
42.4416843381 1.32343630245e-07
42.4719781884 1.32309942704e-07
42.5022720388 1.32281527342e-07
42.5325658891 1.32249974581e-07
42.5628597395 1.32220738629e-07
42.5931535898 1.32188376468e-07
42.6234474402 1.32159573176e-07
42.6537412905 1.32128754643e-07
42.6840351409 1.32098429951e-07
42.7143289912 1.32068850226e-07
42.7446228416 1.32036691791e-07
42.7749166919 1.32007396847e-07
42.8052105423 1.31977073061e-07
42.8355043926 1.31947620619e-07
42.865798243 1.31916169909e-07
42.8960920933 1.31888661234e-07
42.9263859437 1.31860231443e-07
42.956679794 1.31831883083e-07
42.9869736444 1.31800150386e-07
43.0172674947 1.31772830189e-07
43.047561345 1.31743429238e-07
43.0778551954 1.31715589523e-07
43.1081490457 1.31688378634e-07
43.1384428961 1.31660124765e-07
43.1687367464 1.31629843888e-07
43.1990305968 1.31603136261e-07
43.2293244471 1.31574458151e-07
43.2596182975 1.31548555047e-07
43.2899121478 1.31520712829e-07
43.3202059982 1.31490492622e-07
43.3504998485 1.31465453022e-07
43.3807936989 1.31437986345e-07
43.4110875492 1.31410208279e-07
43.4413813996 1.31384606012e-07
43.4716752499 1.31357555943e-07
43.5019691003 1.31331500656e-07
43.5322629506 1.31303369373e-07
43.562556801 1.31278027013e-07
43.5928506513 1.31251083868e-07
43.6231445017 1.31225966179e-07
43.653438352 1.3119910444e-07
43.6837322024 1.31173935528e-07
43.7140260527 1.31147838963e-07
43.7443199031 1.31122816352e-07
43.7746137534 1.31095757346e-07
43.8049076038 1.31071639577e-07
43.8352014541 1.31046591011e-07
43.8654953045 1.31021027369e-07
43.8957891548 1.30996074639e-07
43.9260830051 1.30971485739e-07
43.9563768555 1.30946636053e-07
43.9866707058 1.30922269478e-07
44.0169645562 1.30898527195e-07
44.0472584065 1.30874059272e-07
44.0775522569 1.30849530043e-07
44.1078461072 1.30825710007e-07
44.1381399576 1.30801903698e-07
44.1684338079 1.30778188401e-07
44.1987276583 1.30754321709e-07
44.2290215086 1.30730723136e-07
44.259315359 1.30707456528e-07
44.2896092093 1.30684684805e-07
44.3199030597 1.30661279276e-07
44.35019691 1.30638256917e-07
44.3804907604 1.30615567252e-07
44.4107846107 1.30592836172e-07
44.4410784611 1.30569726294e-07
44.4713723114 1.30547720165e-07
44.5016661618 1.30525194181e-07
44.5319600121 1.30502962896e-07
44.5622538625 1.30481259042e-07
44.5925477128 1.30459175864e-07
44.6228415632 1.30437400309e-07
44.6531354135 1.30415621302e-07
44.6834292639 1.30394151154e-07
44.7137231142 1.30372612614e-07
44.7440169646 1.3035145841e-07
44.7743108149 1.30330273338e-07
44.8046046653 1.30309233134e-07
44.8348985156 1.30288371514e-07
44.8651923659 1.30267545157e-07
44.8954862163 1.3024693876e-07
44.9257800666 1.30226351287e-07
44.956073917 1.30206033728e-07
44.9863677673 1.30185705158e-07
45.0166616177 1.3016558563e-07
45.046955468 1.30145541841e-07
45.0772493184 1.30125788679e-07
45.1075431687 1.30106007229e-07
45.1378370191 1.3008638271e-07
45.1681308694 1.30066854303e-07
45.1984247198 1.30047447931e-07
45.2287185701 1.30028204354e-07
45.2590124205 1.30009075935e-07
45.2893062708 1.29990103261e-07
45.3196001212 1.29971170193e-07
45.3498939715 1.29952404069e-07
45.3801878219 1.2993381756e-07
45.4104816722 1.2991532093e-07
45.4407755226 1.298969719e-07
45.4710693729 1.29878796826e-07
45.5013632233 1.29860645467e-07
45.5316570736 1.29842632422e-07
45.561950924 1.29824784585e-07
45.5922447743 1.29807023075e-07
45.6225386247 1.29789457998e-07
45.652832475 1.29771937671e-07
45.6831263254 1.2975458051e-07
45.7134201757 1.29737348019e-07
45.7437140261 1.29720196319e-07
45.7740078764 1.29703262308e-07
45.8043017267 1.29686400095e-07
45.8345955771 1.2966964188e-07
45.8648894274 1.29653042248e-07
45.8951832778 1.29636554335e-07
45.9254771281 1.29620213177e-07
45.9557709785 1.2960395455e-07
45.9860648288 1.29587862151e-07
46.0163586792 1.2957188537e-07
46.0466525295 1.29555997498e-07
46.0769463799 1.29540296166e-07
46.1072402302 1.29524673395e-07
46.1375340806 1.29509173816e-07
46.1678279309 1.2949380841e-07
46.1981217813 1.29478573352e-07
46.2284156316 1.2946345835e-07
46.258709482 1.29448472983e-07
46.2890033323 1.29433597025e-07
46.3192971827 1.29418847006e-07
46.349591033 1.2940422608e-07
46.3798848834 1.29389735468e-07
46.4101787337 1.29375363406e-07
46.4404725841 1.29361113558e-07
46.4707664344 1.29346973923e-07
46.5010602848 1.2933297371e-07
46.5313541351 1.29319096708e-07
46.5616479855 1.29305335e-07
46.5919418358 1.29291701877e-07
46.6222356862 1.29278193252e-07
46.6525295365 1.29264801139e-07
46.6828233869 1.29251534385e-07
46.7131172372 1.29238393036e-07
46.7434110875 1.29225375776e-07
46.7737049379 1.29212480505e-07
46.8039987882 1.29199704993e-07
46.8342926386 1.29187053566e-07
46.8645864889 1.29174525734e-07
46.8948803393 1.29162116916e-07
46.9251741896 1.2914983367e-07
46.95546804 1.29137672029e-07
46.9857618903 1.2912563387e-07
47.0160557407 1.29113715869e-07
47.046349591 1.29101920891e-07
47.0766434414 1.29090247533e-07
47.1069372917 1.29078698248e-07
47.1372311421 1.29067268778e-07
47.1675249924 1.29055962503e-07
47.1978188428 1.29044777963e-07
47.2281126931 1.29033714878e-07
47.2584065435 1.29022774352e-07
47.2887003938 1.29011954871e-07
47.3189942442 1.29001258391e-07
47.3492880945 1.28990681796e-07
47.3795819449 1.28980228143e-07
47.4098757952 1.28969895721e-07
47.4401696456 1.28959684958e-07
47.4704634959 1.28949595477e-07
47.5007573463 1.2893962736e-07
47.5310511966 1.28929780569e-07
47.561345047 1.28920055266e-07
47.5916388973 1.28910451239e-07
47.6219327477 1.28900968551e-07
47.652226598 1.28891606642e-07
47.6825204483 1.28882366376e-07
47.7128142987 1.28873247116e-07
47.743108149 1.28864248815e-07
47.7734019994 1.28855371467e-07
47.8036958497 1.2884661526e-07
47.8339897001 1.28837979903e-07
47.8642835504 1.28829465509e-07
47.8945774008 1.28821071928e-07
47.9248712511 1.28812799106e-07
47.9551651015 1.28804647264e-07
47.9854589518 1.28796615972e-07
48.0157528022 1.28788705434e-07
48.0460466525 1.28780915586e-07
48.0763405029 1.28773246336e-07
48.1066343532 1.28765697689e-07
48.1369282036 1.28758269589e-07
48.1672220539 1.28750962013e-07
48.1975159043 1.28743774909e-07
48.2278097546 1.28736708273e-07
48.258103605 1.28729762049e-07
48.2883974553 1.28722936206e-07
48.3186913057 1.28716230693e-07
48.348985156 1.28709645523e-07
48.3792790064 1.28703180632e-07
48.4095728567 1.28696835995e-07
48.4398667071 1.28690611581e-07
48.4701605574 1.28684507375e-07
48.5004544078 1.28678523338e-07
48.5307482581 1.28672659432e-07
48.5610421085 1.28666915638e-07
48.5913359588 1.28661291931e-07
48.6216298091 1.28655788283e-07
48.6519236595 1.28650404665e-07
48.6822175098 1.28645141052e-07
48.7125113602 1.28639997422e-07
48.7428052105 1.28634973746e-07
48.7730990609 1.28630070005e-07
48.8033929112 1.28625286173e-07
48.8336867616 1.28620622227e-07
48.8639806119 1.28616078147e-07
48.8942744623 1.28611653909e-07
48.9245683126 1.28607349494e-07
48.954862163 1.2860316488e-07
48.9851560133 1.28599100048e-07
49.0154498637 1.28595154979e-07
49.045743714 1.28591329653e-07
49.0760375644 1.28587624054e-07
49.1063314147 1.28584038162e-07
49.1366252651 1.28580571962e-07
49.1669191154 1.28577225436e-07
49.1972129658 1.28573998569e-07
49.2275068161 1.28570891346e-07
49.2578006665 1.28567903752e-07
49.2880945168 1.28565035772e-07
49.3183883672 1.28562287394e-07
49.3486822175 1.28559658603e-07
49.3789760679 1.28557149389e-07
49.4092699182 1.28554759738e-07
49.4395637686 1.28552489639e-07
49.4698576189 1.28550339083e-07
49.5001514693 1.28548308057e-07
49.5304453196 1.28546396554e-07
49.5607391699 1.28544604563e-07
49.5910330203 1.28542932077e-07
49.6213268706 1.28541379087e-07
49.651620721 1.28539945586e-07
49.6819145713 1.28538631567e-07
49.7122084217 1.28537437025e-07
49.742502272 1.28536361953e-07
49.7727961224 1.28535406346e-07
49.8030899727 1.28534570199e-07
49.8333838231 1.2853385351e-07
49.8636776734 1.28533256274e-07
49.8939715238 1.28532778489e-07
49.9242653741 1.28532420152e-07
49.9545592245 1.28532181261e-07
49.9848530748 1.28532061816e-07
