0.0 1.92419166818e-05
0.0302938503484 0.000177401439526
0.0605877006968 2.49047182218e-05
0.0908815510451 0.000118004323089
0.121175401394 0.000124425491346
0.151469251742 3.87653987191e-05
0.18176310209 5.13140408226e-05
0.212056952439 9.6536753029e-05
0.242350802787 4.77915414147e-05
0.272644653135 9.82091077094e-05
0.302938503484 0.000141182708634
0.333232353832 0.000168749551763
0.363526204181 0.000200864972925
0.393820054529 0.000206778511052
0.424113904877 0.000195475347448
0.454407755226 0.000246802157154
0.484701605574 0.00021630865162
0.514995455922 0.000149266960238
0.545289306271 0.000243793066131
0.575583156619 0.000143811934858
0.605877006968 4.24989486216e-05
0.636170857316 0.000113553662656
0.666464707664 0.000136741763417
0.696758558013 6.08057621362e-05
0.727052408361 4.60957205018e-05
0.757346258709 0.000112238337848
0.787640109058 3.34177644147e-05
0.817933959406 0.000143063372698
0.848227809755 0.000146106602185
0.878521660103 0.000102955838039
0.908815510451 0.000142991951471
0.9391093608 0.000128432441766
0.969403211148 9.87887808827e-05
0.999697061497 2.80334017099e-05
1.02999091184 6.49625194826e-05
1.06028476219 7.52543075257e-05
1.09057861254 9.21042619611e-05
1.12087246289 7.1865089798e-05
1.15116631324 0.000165594769646
1.18146016359 0.000128536781653
1.21175401394 0.000122506516991
1.24204786428 0.000115609764035
1.27234171463 1.75314024586e-05
1.30263556498 0.000105304801233
1.33292941533 5.63336308383e-05
1.36322326568 4.87148371994e-05
1.39351711603 0.000120032840356
1.42381096637 8.22097703437e-05
1.45410481672 2.69814684036e-05
1.48439866707 5.41686487862e-05
1.51469251742 7.73395096517e-05
1.54498636777 5.27132094065e-05
1.57528021812 7.82272358061e-05
1.60557406846 2.6752099631e-05
1.63586791881 3.75879222422e-05
1.66616176916 1.5463279173e-05
1.69645561951 3.50187621697e-05
1.72674946986 3.90670110213e-05
1.75704332021 7.50610142368e-05
1.78733717055 4.93182162124e-05
1.8176310209 3.63452318404e-06
1.84792487125 3.48046984528e-05
1.8782187216 1.12907061594e-05
1.90851257195 3.21960948351e-05
1.9388064223 2.60017924154e-05
1.96910027264 8.67189554903e-05
1.99939412299 2.32650197076e-05
2.02968797334 6.69182682937e-05
2.05998182369 1.50900563876e-05
2.09027567404 5.24396494308e-05
2.12056952439 9.76953400679e-06
2.15086337473 4.22186175745e-05
2.18115722508 3.7621742148e-05
2.21145107543 5.04495182047e-05
2.24174492578 3.4580250651e-05
2.27203877613 2.92423605838e-05
2.30233262648 2.22606682417e-05
2.33262647683 4.09289514418e-05
2.36292032717 2.10720723934e-05
2.39321417752 3.47722970534e-05
2.42350802787 2.89079476822e-05
2.45380187822 2.71435021052e-05
2.48409572857 3.2270982945e-05
2.51438957892 3.2935326582e-05
2.54468342926 1.71958979264e-05
2.57497727961 3.79297981814e-05
2.60527112996 1.95240966095e-05
2.63556498031 3.8815911888e-05
2.66585883066 4.85632375957e-05
2.69615268101 3.43956000015e-05
2.72644653135 2.01151000688e-05
2.7567403817 1.17378974883e-05
2.78703423205 2.54178132747e-05
2.8173280824 5.29453703423e-05
2.84762193275 4.937875002e-05
2.8779157831 3.78626878945e-05
2.90820963344 4.00962219063e-06
2.93850348379 2.88851038999e-05
2.96879733414 1.82074965123e-05
2.99909118449 1.70022926877e-05
3.02938503484 3.85974260708e-05
3.05967888519 4.15835176646e-05
3.08997273553 4.33075823116e-05
3.12026658588 3.75789406688e-05
3.15056043623 3.32441012319e-05
3.18085428658 2.47653554931e-05
3.21114813693 7.87895852152e-06
3.24144198728 3.98820860724e-05
3.27173583762 4.21632450257e-05
3.30202968797 2.04681603027e-05
3.33232353832 2.54936748274e-05
3.36261738867 3.81497388375e-05
3.39291123902 6.74539178978e-05
3.42320508937 7.68762781299e-05
3.45349893972 8.50028915713e-05
3.48379279006 5.91518124007e-05
3.51408664041 3.61234293596e-05
3.54438049076 6.98074001917e-05
3.57467434111 5.19306158777e-05
3.60496819146 4.59042219953e-05
3.63526204181 9.90180422423e-06
3.66555589215 1.10210859066e-05
3.6958497425 3.6296185475e-05
3.72614359285 2.19078881874e-05
3.7564374432 9.62636547048e-06
3.78673129355 3.61879339319e-05
3.8170251439 3.95559670126e-05
3.84731899424 1.30447194482e-05
3.87761284459 1.94912048784e-05
3.90790669494 2.31777351274e-05
3.93820054529 2.62911348528e-05
3.96849439564 4.74264735538e-06
3.99878824599 2.35412036303e-05
4.02908209633 4.87099629354e-05
4.05937594668 4.80373878082e-05
4.08966979703 3.33309562064e-05
4.11996364738 4.29848795326e-05
4.15025749773 3.42076673709e-05
4.18055134808 5.24595310469e-06
4.21084519842 1.56067586397e-05
4.24113904877 2.39098552382e-05
4.27143289912 2.73868609629e-05
4.30172674947 2.58056414165e-05
4.33202059982 3.02517815681e-05
4.36231445017 4.19873592035e-06
4.39260830051 1.06978925381e-05
4.42290215086 1.95194946056e-05
4.45319600121 1.30052610181e-05
4.48348985156 8.7424707087e-06
4.51378370191 1.84530928416e-06
4.54407755226 1.05687765318e-05
4.57437140261 9.31216068877e-06
4.60466525295 7.29215812345e-06
4.6349591033 1.87188538314e-05
4.66525295365 2.67728053569e-05
4.695546804 2.18424418474e-05
4.72584065435 1.11180473924e-05
4.7561345047 9.54619375999e-06
4.78642835504 2.20180958419e-05
4.81672220539 1.4374906055e-05
4.84701605574 1.47199888329e-05
4.87730990609 1.83438975683e-05
4.90760375644 1.47091065183e-05
4.93789760679 1.90385838688e-05
4.96819145713 3.1731177336e-05
4.99848530748 1.70590507215e-05
5.02877915783 2.88186904243e-05
5.05907300818 2.55727104823e-05
5.08936685853 2.31900929542e-05
5.11966070888 1.46319895903e-05
5.14995455922 3.76739109338e-06
5.18024840957 1.02747023e-05
5.21054225992 1.36199003635e-05
5.24083611027 7.38698429208e-06
5.27112996062 4.85926215236e-06
5.30142381097 5.5728166808e-06
5.33171766131 8.43038605637e-06
5.36201151166 1.20498952028e-05
5.39230536201 1.62307163551e-05
5.42259921236 1.32207046925e-05
5.45289306271 1.5725037096e-05
5.48318691306 1.16034238285e-05
5.51348076341 5.7507636704e-06
5.54377461375 5.81099068831e-06
5.5740684641 8.00848995232e-06
5.60436231445 9.0945367289e-06
5.6346561648 9.29456599693e-06
5.66495001515 9.57420700202e-06
5.6952438655 1.06792885639e-05
5.72553771584 1.13092805387e-05
5.75583156619 4.16383346168e-06
5.78612541654 5.52837683393e-06
5.81641926689 1.87695351444e-06
5.84671311724 1.15188094225e-06
5.87700696759 2.4331090472e-06
5.90730081793 4.51843460526e-06
5.93759466828 1.82221421275e-06
5.96788851863 8.94487537331e-06
5.99818236898 2.8813407301e-06
6.02847621933 5.0283910255e-06
6.05877006968 5.04312697466e-06
6.08906392002 6.15519296233e-06
6.11935777037 7.90929493634e-06
6.14965162072 6.5189659374e-06
6.17994547107 8.96663299568e-06
6.21023932142 8.77907338219e-06
6.24053317177 5.01956249356e-06
6.27082702211 5.93170028058e-06
6.30112087246 4.3304929034e-06
6.33141472281 5.95006682372e-06
6.36170857316 6.44955180974e-06
6.39200242351 2.73448261985e-06
6.42229627386 6.3993514327e-06
6.4525901242 9.39037091248e-06
6.48288397455 5.05889149297e-06
6.5131778249 5.51525483541e-06
6.54347167525 4.62175580922e-06
6.5737655256 5.86480435225e-06
6.60405937595 8.46590748028e-06
6.6343532263 8.63103413755e-06
6.66464707664 4.38343512076e-06
6.69494092699 2.26641034905e-06
6.72523477734 2.08568275138e-06
6.75552862769 6.15469437693e-06
6.78582247804 7.69217729762e-06
6.81611632839 2.87948008012e-06
6.84641017873 3.58132366017e-06
6.87670402908 3.18375051836e-06
6.90699787943 3.26562641257e-06
6.93729172978 5.46567401481e-06
6.96758558013 3.62456637187e-06
6.99787943048 1.02983955243e-05
7.02817328082 9.08432614131e-06
7.05846713117 4.26570693581e-06
7.08876098152 2.53399842307e-06
7.11905483187 2.99890125103e-06
7.14934868222 6.57578865461e-06
7.17964253257 8.38422970106e-06
7.20993638291 6.17774098993e-06
7.24023023326 6.923998086e-06
7.27052408361 7.66003858936e-06
7.30081793396 8.930009513e-06
7.33111178431 7.05050704665e-07
7.36140563466 1.69029769716e-06
7.391699485 2.37907142696e-06
7.42199333535 9.66490976318e-07
7.4522871857 4.8947113603e-06
7.48258103605 8.32316471878e-06
7.5128748864 5.27533727584e-06
7.54316873675 3.41716581092e-06
7.57346258709 4.88597063808e-06
7.60375643744 6.29708986796e-06
7.63405028779 4.84900172624e-06
7.66434413814 4.47110904808e-07
7.69463798849 2.57473161337e-06
7.72493183884 5.93526983056e-06
7.75522568919 7.77827669836e-06
7.78551953953 3.14659147527e-06
7.81581338988 2.87423808485e-06
7.84610724023 3.509622788e-06
7.87640109058 3.74378514173e-06
7.90669494093 2.53970194626e-06
7.93698879128 6.9139749102e-06
7.96728264162 1.26523028202e-05
7.99757649197 1.31696182697e-05
8.02787034232 9.86944974876e-06
8.05816419267 5.4777203868e-06
8.08845804302 1.18132770526e-05
8.11875189337 9.8063165569e-06
8.14904574371 9.38961290444e-06
8.17933959406 6.59037705244e-06
8.20963344441 3.47889421846e-06
8.23992729476 5.48072361591e-06
8.27022114511 5.67032373834e-06
8.30051499546 5.55832666538e-06
8.3308088458 3.51663618963e-06
8.36110269615 5.23854710015e-06
8.3913965465 6.82696926119e-06
8.42169039685 8.60467907083e-06
8.4519842472 7.63753963714e-06
8.48227809755 6.44574082842e-06
8.51257194789 7.66547744647e-07
8.54286579824 5.09636626895e-06
8.57315964859 5.44276649042e-06
8.60345349894 5.56036685e-06
8.63374734929 5.27678714917e-06
8.66404119964 2.32866003548e-06
8.69433504998 2.94518589628e-06
8.72462890033 3.31110352736e-06
8.75492275068 5.03982308753e-07
8.78521660103 3.43622046684e-06
8.81551045138 4.62623207385e-06
8.84580430173 4.11901787527e-06
8.87609815208 3.51217943081e-06
8.90639200242 4.03806885249e-06
8.93668585277 4.34968520106e-06
8.96697970312 2.48101263841e-06
8.99727355347 4.42337209036e-06
9.02756740382 3.09336085209e-06
9.05786125417 3.78855759269e-06
9.08815510451 2.68549862536e-06
9.11844895486 1.98902711982e-06
9.14874280521 4.72182132811e-06
9.17903665556 5.45734382376e-06
9.20933050591 5.03031896917e-06
9.23962435626 1.4804454997e-06
9.2699182066 1.48100268562e-06
9.30021205695 5.5795024761e-06
9.3305059073 6.36180750424e-06
9.36079975765 2.44475953423e-06
9.391093608 3.31955781004e-06
9.42138745835 2.95144253754e-06
9.45168130869 1.28298512e-06
9.48197515904 6.00494197412e-06
9.51226900939 6.08836456869e-06
9.54256285974 2.61309353561e-06
9.57285671009 7.94017435701e-07
9.60315056044 3.67023056642e-06
9.63344441078 1.76388716434e-06
9.66373826113 4.14100365349e-06
9.69403211148 9.75163289425e-07
9.72432596183 2.75749889562e-06
9.75461981218 1.54067611954e-06
9.78491366253 3.19274843405e-06
9.81520751287 2.85777138153e-06
9.84550136322 4.4604791696e-06
9.87579521357 2.18381402191e-06
9.90608906392 1.3081414074e-06
9.93638291427 5.14079644548e-06
9.96667676462 7.76975918947e-06
9.99697061497 7.50187805794e-06
10.0272644653 4.94330432495e-06
10.0575583157 2.83363623293e-06
10.087852166 4.38738015887e-06
10.1181460164 2.4137534443e-06
10.1484398667 8.81531231654e-07
10.1787337171 7.96478439072e-07
10.2090275674 3.06527797957e-06
10.2393214178 3.35675648194e-06
10.2696152681 5.32654737136e-06
10.2999091184 4.15744473491e-06
10.3302029688 3.85766444442e-07
10.3604968191 7.11629918512e-07
10.3907906695 1.02919417659e-06
10.4210845198 4.36299098534e-06
10.4513783702 2.98886436821e-06
10.4816722205 3.37238437093e-06
10.5119660709 3.21318692016e-06
10.5422599212 3.36152678746e-06
10.5725537716 2.85421211721e-06
10.6028476219 3.19835124084e-06
10.6331414723 2.07100163277e-06
10.6634353226 1.76485490324e-06
10.693729173 8.77074947536e-07
10.7240230233 2.22056736902e-06
10.7543168737 2.87595215279e-06
10.784610724 1.062861627e-06
10.8149045744 2.02616917182e-06
10.8451984247 2.09656914326e-06
10.8754922751 2.41317360841e-06
10.9057861254 4.25804611257e-06
10.9360799758 2.63148300554e-06
10.9663738261 2.45321224622e-06
10.9966676765 1.91434883078e-06
11.0269615268 2.1102302504e-06
11.0572553772 8.47782206839e-07
11.0875492275 2.1238085706e-06
11.1178430779 1.48564528312e-06
11.1481369282 2.50100011982e-06
11.1784307786 2.64218095521e-06
11.2087246289 1.7276482449e-06
11.2390184792 1.15101762484e-06
11.2693123296 2.18256281001e-06
11.2996061799 7.54847945568e-07
11.3299000303 2.02045167778e-06
11.3601938806 3.72550900637e-06
11.390487731 3.35135345582e-06
11.4207815813 3.99961460089e-06
11.4510754317 6.00985447141e-06
11.481369282 2.85924689147e-06
11.5116631324 1.17517910084e-06
11.5419569827 3.68443991008e-06
11.5722508331 2.19701161953e-06
11.6025446834 5.44931460631e-06
11.6328385338 4.77213536082e-06
11.6631323841 3.7961468656e-06
11.6934262345 4.37778361133e-06
11.7237200848 4.67140454844e-06
11.7540139352 2.37745336081e-06
11.7843077855 1.97375221139e-06
11.8146016359 2.93057645675e-06
11.8448954862 2.47058260797e-06
11.8751893366 8.10045599604e-07
11.9054831869 1.45608873925e-06
11.9357770373 1.87099964028e-06
11.9660708876 5.75036833456e-07
11.996364738 9.97795042132e-07
12.0266585883 1.51435993347e-06
12.0569524387 2.10447554708e-06
12.087246289 2.85055930804e-06
12.1175401394 2.06361893929e-06
12.1478339897 2.63049221091e-06
12.17812784 1.32892348685e-06
12.2084216904 1.52861494476e-06
12.2387155407 1.38024440937e-06
12.2690093911 1.57779917174e-06
12.2993032414 1.52688264027e-06
12.3295970918 1.70927373643e-06
12.3598909421 1.83447551839e-06
12.3901847925 1.57596903058e-06
12.4204786428 3.08947233606e-06
12.4507724932 2.54833294864e-06
12.4810663435 1.27014801377e-06
12.5113601939 1.9882173623e-06
12.5416540442 2.82761599218e-06
12.5719478946 2.76580153132e-06
12.6022417449 2.6958505e-06
12.6325355953 5.21734644956e-07
12.6628294456 2.02561386836e-06
12.693123296 1.1857105939e-06
12.7234171463 6.88707263839e-07
12.7537109967 1.28776375576e-06
12.784004847 1.33765629451e-06
12.8142986974 2.39641468254e-06
12.8445925477 1.66533513778e-06
12.8748863981 5.48044484876e-07
12.9051802484 1.81282651099e-06
12.9354740988 1.38428337253e-06
12.9657679491 6.33578088755e-07
12.9960617995 1.63612215911e-06
13.0263556498 2.46952135129e-06
13.0566495002 1.20456077943e-06
13.0869433505 5.57167433221e-07
13.1172372008 1.35878076762e-06
13.1475310512 1.74399600664e-06
13.1778249015 1.63027749831e-06
13.2081187519 8.6821274368e-08
13.2384126022 1.2070091136e-06
13.2687064526 1.388844362e-06
13.2990003029 8.08804563705e-07
13.3292941533 1.48332208489e-06
13.3595880036 3.08736241797e-06
13.389881854 1.97708250009e-06
13.4201757043 1.43467206637e-06
13.4504695547 1.42798932321e-06
13.480763405 1.58258920948e-07
13.5110572554 3.12655932392e-07
13.5413511057 1.55158826436e-06
13.5716449561 1.25068620431e-06
13.6019388064 1.2753109453e-06
13.6322326568 1.10383044274e-06
13.6625265071 6.29592271514e-07
13.6928203575 7.05575337009e-07
13.7231142078 1.51422743084e-06
13.7534080582 6.57843891532e-07
13.7837019085 8.68677021303e-07
13.8139957589 6.06975923558e-07
13.8442896092 1.02420794549e-06
13.8745834596 9.72792494096e-07
13.9048773099 1.25896130076e-06
13.9351711603 2.20240065063e-06
13.9654650106 2.30624574523e-06
13.995758861 7.82665552778e-07
14.0260527113 1.11402666694e-06
14.0563465616 1.64611417558e-06
14.086640412 1.58242353426e-06
14.1169342623 3.52504144135e-07
14.1472281127 5.94192145889e-07
14.177521963 9.76644138035e-08
14.2078158134 8.6501992369e-07
14.2381096637 6.86111377725e-07
14.2684035141 6.27441147512e-07
14.2986973644 7.46382684763e-07
14.3289912148 3.69918415403e-07
14.3592850651 1.27306925767e-06
14.3895789155 8.60157230572e-07
14.4198727658 1.70599647917e-07
14.4501666162 1.02475152007e-06
14.4804604665 1.66541031531e-06
14.5107543169 2.45992365736e-07
14.5410481672 1.61558298885e-06
14.5713420176 3.81552160687e-07
14.6016358679 5.85599707373e-07
14.6319297183 1.41646513084e-06
14.6622235686 1.51388453015e-06
14.692517419 1.43429824626e-06
14.7228112693 1.82134233313e-06
14.7531051197 1.42848439305e-06
14.78339897 4.27928846163e-07
14.8136928204 8.73448233967e-07
14.8439866707 1.22948696622e-06
14.8742805211 1.22103865063e-06
14.9045743714 1.13342140319e-06
14.9348682218 6.82515432282e-07
14.9651620721 9.39346097303e-07
14.9954559224 5.95527653142e-07
15.0257497728 5.00095193943e-07
15.0560436231 5.46513117508e-07
15.0863374735 4.99131476812e-07
15.1166313238 5.72049284073e-07
15.1469251742 6.40998524803e-07
15.1772190245 6.53582356851e-07
15.2075128749 5.39095774467e-07
15.2378067252 3.79332735796e-07
15.2681005756 4.15994794755e-07
15.2983944259 4.23148100804e-07
15.3286882763 7.06829374606e-07
15.3589821266 7.06251438947e-07
15.389275977 3.11809027593e-07
15.4195698273 5.97849667691e-07
15.4498636777 3.19964033875e-07
15.480157528 4.54626364572e-07
15.5104513784 2.72709791128e-07
15.5407452287 9.88819312376e-07
15.5710390791 5.97814760843e-07
15.6013329294 4.00846320135e-07
15.6316267798 4.12628261809e-07
15.6619206301 7.47709109429e-07
15.6922144805 1.31928485505e-07
15.7225083308 7.28253015805e-07
15.7528021812 1.47473840065e-06
15.7830960315 1.27271507249e-06
15.8133898819 9.25981830695e-07
15.8436837322 9.76725121674e-07
15.8739775826 5.3881355655e-07
15.9042714329 1.00294755491e-06
15.9345652832 2.75099804994e-07
15.9648591336 2.58567978326e-07
15.9951529839 7.94042103009e-07
16.0254468343 1.14178442241e-06
16.0557406846 8.21617518856e-07
16.086034535 1.10194099034e-06
16.1163283853 2.36013762051e-07
16.1466222357 5.21456930685e-07
16.176916086 1.74633180153e-07
16.2072099364 4.94990794269e-07
16.2375037867 1.22328347644e-07
16.2677976371 7.39211344776e-07
16.2980914874 1.25236266408e-06
16.3283853378 2.34530300257e-07
16.3586791881 5.81075194492e-07
16.3889730385 7.78745319517e-07
16.4192668888 1.43057959962e-07
16.4495607392 7.81247176926e-07
16.4798545895 4.22719336804e-07
16.5101484399 1.09168042381e-06
16.5404422902 7.86535758659e-07
16.5707361406 5.73554334217e-07
16.6010299909 2.76693236694e-07
16.6313238413 3.85137354195e-07
16.6616176916 1.1350454575e-07
16.691911542 3.8011506756e-07
16.7222053923 6.29969989286e-08
16.7524992427 1.52585312748e-06
16.782793093 1.2490966502e-06
16.8130869434 6.46080137125e-07
16.8433807937 2.98504431548e-07
16.873674644 3.60964025215e-07
16.9039684944 2.4750452952e-07
16.9342623447 4.73235087609e-07
16.9645561951 5.49594337195e-07
16.9948500454 7.6240086582e-07
17.0251438958 6.77380460971e-07
17.0554377461 4.09552227348e-07
17.0857315965 4.57092445277e-07
17.1160254468 4.7859481143e-07
17.1463192972 4.25383053807e-07
17.1766131475 1.42775249831e-07
17.2069069979 2.72001105029e-07
17.2372008482 3.79969128062e-07
17.2674946986 6.9053798225e-08
17.2977885489 1.49348021724e-07
17.3280823993 6.03973298124e-07
17.3583762496 1.32069063619e-06
17.3886701 1.04795750538e-06
17.4189639503 2.79645279547e-07
17.4492578007 1.44082714386e-07
17.479551651 1.5899883969e-07
17.5098455014 2.04142896557e-07
17.5401393517 1.08338047475e-07
17.5704332021 4.2642181178e-07
17.6007270524 4.52649536079e-07
17.6310209028 5.91186501187e-08
17.6613147531 4.46091063248e-07
17.6916086035 4.18041392676e-07
17.7219024538 3.75614097356e-07
17.7521963042 1.76172364147e-07
17.7824901545 2.87731699375e-07
17.8127840048 3.36798100633e-07
17.8430778552 3.85906489134e-07
17.8733717055 2.31790486665e-07
17.9036655559 6.45958680917e-07
17.9339594062 4.67662725143e-07
17.9642532566 9.59477948403e-08
17.9945471069 1.3627170753e-07
18.0248409573 2.19373246021e-07
18.0551348076 4.80749537666e-07
18.085428658 5.26177666478e-07
18.1157225083 2.42121241273e-07
18.1460163587 3.15491039301e-07
18.176310209 2.28135082628e-07
18.2066040594 2.09936713584e-07
18.2368979097 2.3246367193e-07
18.2671917601 6.98078312306e-07
18.2974856104 5.54943213271e-07
18.3277794608 3.85399817156e-07
18.3580733111 3.23632187455e-07
18.3883671615 3.41395619512e-07
18.4186610118 5.13144574627e-07
18.4489548622 1.58367923927e-07
18.4792487125 2.45184789064e-07
18.5095425629 6.90711777325e-07
18.5398364132 4.45695383811e-07
18.5701302636 3.06310558097e-07
18.6004241139 5.1525858066e-07
18.6307179643 1.86029701903e-07
18.6610118146 6.58944277357e-08
18.691305665 2.247817831e-07
18.7215995153 9.88956472895e-08
18.7518933656 3.38623833497e-07
18.782187216 2.75178965867e-07
18.8124810663 2.92328950819e-07
18.8427749167 2.18034314123e-07
18.873068767 1.95324038974e-07
18.9033626174 2.63373629534e-07
18.9336564677 1.07601778983e-07
18.9639503181 1.09775432369e-07
18.9942441684 9.8218672065e-08
19.0245380188 3.66843222996e-08
19.0548318691 2.31540098326e-07
19.0851257195 2.46848736278e-07
19.1154195698 7.90076393093e-08
19.1457134202 1.3408558909e-07
19.1760072705 6.25539969058e-08
19.2063011209 2.15356011488e-07
19.2365949712 2.83543201442e-07
19.2668888216 1.98012915934e-08
19.2971826719 1.31450949761e-07
19.3274765223 2.71210376525e-07
19.3577703726 4.44383087253e-07
19.388064223 3.41411209534e-07
19.4183580733 2.23072926322e-07
19.4486519237 5.32487714624e-08
19.478945774 3.33727439973e-07
19.5092396244 2.63792459374e-07
19.5395334747 1.60363162599e-07
19.5698273251 2.49524343406e-07
19.6001211754 3.01013437483e-07
19.6304150257 3.92151249254e-07
19.6607088761 3.58659575848e-07
19.6910027264 4.5644089133e-07
19.7212965768 3.07788032162e-07
19.7515904271 7.8160878858e-08
19.7818842775 1.01881113734e-07
19.8121781278 2.18379489544e-07
19.8424719782 1.55314598929e-07
19.8727658285 2.41003752155e-07
19.9030596789 3.98002849103e-07
19.9333535292 2.24225334575e-07
19.9636473796 2.14876469786e-07
19.9939412299 3.34032063948e-07
20.0242350803 1.89756295784e-07
20.0545289306 1.28694313166e-07
20.084822781 1.41284675273e-07
20.1151166313 1.71478409169e-07
20.1454104817 2.33864161404e-07
20.175704332 1.03457560946e-07
20.2059981824 1.17088431002e-07
20.2362920327 1.61119108524e-07
20.2665858831 4.24316837713e-08
20.2968797334 2.16255181097e-07
20.3271735838 9.39286428555e-08
20.3574674341 8.25534421251e-08
20.3877612845 9.84941674529e-08
20.4180551348 2.00817710339e-07
20.4483489852 9.44936489696e-08
20.4786428355 1.13273408606e-07
20.5089366859 1.41455204502e-07
20.5392305362 5.89849619561e-08
20.5695243865 7.68504141484e-08
20.5998182369 1.02282627261e-08
20.6301120872 2.68849790578e-07
20.6604059376 1.87975426388e-07
20.6906997879 7.15562751269e-08
20.7209936383 6.21857253315e-08
20.7512874886 7.91734430408e-08
20.781581339 1.25587468561e-07
20.8118751893 3.54616526123e-08
20.8421690397 8.01138994094e-08
20.87246289 1.12811499638e-07
20.9027567404 4.44042634514e-08
20.9330505907 1.37753592801e-07
20.9633444411 1.50244182136e-07
20.9936382914 7.39581117925e-08
21.0239321418 4.90879992356e-08
21.0542259921 8.38964462111e-08
21.0845198425 1.52111349342e-07
21.1148136928 5.19495152477e-08
21.1451075432 3.23164962637e-08
21.1754013935 1.07669414401e-07
21.2056952439 4.86317372534e-08
21.2359890942 7.07200066043e-08
21.2662829446 6.93877166438e-08
21.2965767949 1.62029371634e-07
21.3268706453 1.5362428072e-07
21.3571644956 1.79131498114e-07
21.387458346 1.98392338937e-07
21.4177521963 1.08010428588e-07
21.4480460467 8.68389239499e-08
21.478339897 1.02509834465e-07
21.5086337473 1.6334055397e-07
21.5389275977 2.33075210511e-07
21.569221448 1.30598061079e-07
21.5995152984 7.01152013789e-08
21.6298091487 7.43931474802e-08
21.6601029991 1.03620216266e-07
21.6903968494 1.13077452973e-07
21.7206906998 1.61971479566e-07
21.7509845501 6.85978777001e-08
21.7812784005 1.21719963542e-07
21.8115722508 5.93655175971e-08
21.8418661012 1.73529601598e-07
21.8721599515 1.32872675082e-07
21.9024538019 1.42817577898e-07
21.9327476522 5.74841889352e-08
21.9630415026 2.66431564833e-08
21.9933353529 1.27779229647e-07
22.0236292033 1.82735807288e-08
22.0539230536 1.94760071383e-07
22.084216904 2.42973406488e-07
22.1145107543 1.31115390302e-07
22.1448046047 4.10578156887e-08
22.175098455 7.58668100828e-08
22.2053923054 8.68217908787e-08
22.2356861557 9.61531331811e-08
22.2659800061 1.32201923795e-07
22.2962738564 1.89130215343e-08
22.3265677068 2.60489656901e-08
22.3568615571 4.80459950047e-08
22.3871554075 6.61947898314e-08
22.4174492578 3.45511814982e-08
22.4477431081 6.30986854648e-08
22.4780369585 6.79035848252e-08
22.5083308088 1.44333868224e-07
22.5386246592 1.79442440634e-07
22.5689185095 1.29411611735e-07
22.5992123599 8.36431584735e-08
22.6295062102 1.33842160914e-07
22.6598000606 9.6573774697e-08
22.6900939109 9.60985385397e-08
22.7203877613 3.11880630155e-08
22.7506816116 7.91337788432e-08
22.780975462 1.15714903156e-07
22.8112693123 7.51567636156e-08
22.8415631627 8.40209788556e-08
22.871857013 1.00861208411e-07
22.9021508634 9.6494680084e-08
22.9324447137 1.2060877919e-07
22.9627385641 5.93033142112e-08
22.9930324144 1.76759253335e-07
23.0233262648 1.71496986537e-07
23.0536201151 1.22405850979e-07
23.0839139655 8.95316660684e-08
23.1142078158 1.39161795912e-07
23.1445016662 1.26445452581e-07
23.1747955165 7.26994711197e-08
23.2050893669 8.80024897564e-08
23.2353832172 1.36941060697e-07
23.2656770676 1.13873137064e-07
23.2959709179 8.94090629231e-08
23.3262647683 7.32699666907e-08
23.3565586186 2.95416858512e-08
23.3868524689 1.09380379166e-07
23.4171463193 2.33784532837e-08
23.4474401696 8.85782432953e-08
23.47773402 9.57276263077e-08
23.5080278703 7.47469230932e-08
23.5383217207 1.09623688753e-07
23.568615571 7.40643329436e-08
23.5989094214 8.32914659073e-08
23.6292032717 1.19226315794e-07
23.6594971221 7.44215893142e-08
23.6897909724 6.57240045871e-08
23.7200848228 8.47721714581e-08
23.7503786731 5.27860204251e-08
23.7806725235 3.24132741218e-08
23.8109663738 7.43402084825e-08
23.8412602242 4.78406622201e-08
23.8715540745 1.18131770776e-07
23.9018479249 8.99965853218e-08
23.9321417752 1.01612606903e-07
23.9624356256 7.63820954879e-08
23.9927294759 8.772081411e-08
24.0230233263 8.15066218931e-08
24.0533171766 8.13446252935e-08
24.083611027 1.06906789724e-07
24.1139048773 1.28908771431e-07
24.1441987277 2.58810147516e-08
24.174492578 1.03915374475e-07
24.2047864284 1.20737695167e-07
24.2350802787 1.02291487563e-07
24.2653741291 5.60151977488e-08
24.2956679794 1.01947336619e-07
24.3259618297 6.45350012721e-08
24.3562556801 7.35544358407e-08
24.3865495304 7.19945573381e-08
24.4168433808 1.24520609249e-07
24.4471372311 6.96364869507e-08
24.4774310815 8.5919941123e-08
24.5077249318 8.71064551208e-08
24.5380187822 5.50673065428e-08
24.5683126325 1.0235257831e-07
24.5986064829 1.04188280356e-07
24.6289003332 6.42155942447e-08
24.6591941836 7.79300277093e-08
24.6894880339 7.71204973149e-08
24.7197818843 8.29317596002e-08
24.7500757346 8.19009731206e-08
24.780369585 7.01530553965e-08
24.8106634353 9.23397146798e-08
24.8409572857 8.64291219224e-08
24.871251136 8.31059990912e-08
24.9015449864 7.26634210247e-08
24.9318388367 5.61093664835e-08
24.9621326871 7.90195722416e-08
24.9924265374 8.44359975486e-08
25.0227203878 7.87500860051e-08
25.0530142381 6.73219389523e-08
25.0833080885 7.09228427593e-08
25.1136019388 6.65645345902e-08
25.1438957892 7.685359205e-08
25.1741896395 9.91737113193e-08
25.2044834899 7.37445642672e-08
25.2347773402 5.1322846308e-08
25.2650711905 7.9290395475e-08
25.2953650409 7.4398576383e-08
25.3256588912 9.53439846281e-08
25.3559527416 6.43799717036e-08
25.3862465919 7.76301958354e-08
25.4165404423 7.24384762915e-08
25.4468342926 6.98306111088e-08
25.477128143 7.71180745023e-08
25.5074219933 8.70299880786e-08
25.5377158437 5.49651050088e-08
25.568009694 5.49174831537e-08
25.5983035444 9.85923857527e-08
25.6285973947 8.64493060412e-08
25.6588912451 7.64774420677e-08
25.6891850954 6.41531938398e-08
25.7194789458 8.05436573249e-08
25.7497727961 8.2206908349e-08
25.7800666465 7.23770516183e-08
25.8103604968 7.74011545624e-08
25.8406543472 7.76838158701e-08
25.8709481975 7.42439682054e-08
25.9012420479 6.78727868315e-08
25.9315358982 8.6218465612e-08
25.9618297486 6.6806881279e-08
25.9921235989 7.39703227892e-08
26.0224174493 7.55257966267e-08
26.0527112996 6.71413899188e-08
26.08300515 7.01717329227e-08
26.1132990003 6.61651330523e-08
26.1435928507 7.39183339377e-08
26.173886701 7.20460499994e-08
26.2041805513 8.0163445783e-08
26.2344744017 6.33811760718e-08
26.264768252 7.93896932604e-08
26.2950621024 7.1342761156e-08
26.3253559527 7.59373093765e-08
26.3556498031 7.7590713867e-08
26.3859436534 7.24886204403e-08
26.4162375038 7.67130371281e-08
26.4465313541 6.91354847254e-08
26.4768252045 6.36983681282e-08
26.5071190548 7.29425734971e-08
26.5374129052 7.02229968215e-08
26.5677067555 7.04561396505e-08
26.5980006059 7.01504026648e-08
26.6282944562 7.48883728789e-08
26.6585883066 7.26541725397e-08
26.6888821569 7.23970095516e-08
26.7191760073 8.2461696823e-08
26.7494698576 7.36170364303e-08
26.779763708 7.02835675876e-08
26.8100575583 7.2672552752e-08
26.8403514087 6.67603656874e-08
26.870645259 7.1918076754e-08
26.9009391094 7.33235045657e-08
26.9312329597 8.24169200109e-08
26.9615268101 6.77338896558e-08
26.9918206604 7.07298211076e-08
27.0221145108 6.76543220744e-08
27.0524083611 6.7188638468e-08
27.0827022115 7.5479068001e-08
27.1129960618 7.45979094611e-08
27.1432899121 6.97652149625e-08
27.1735837625 6.58419920213e-08
27.2038776128 7.42745994317e-08
27.2341714632 6.04926390704e-08
27.2644653135 7.3387280957e-08
27.2947591639 7.05848647024e-08
27.3250530142 6.21955031866e-08
27.3553468646 6.31381982404e-08
27.3856407149 6.65201360596e-08
27.4159345653 6.88662950336e-08
27.4462284156 7.40566971949e-08
27.476522266 6.57729005018e-08
27.5068161163 6.88654801141e-08
27.5371099667 7.12013254807e-08
27.567403817 7.03163622083e-08
27.5976976674 7.54837195228e-08
27.6279915177 6.94902910295e-08
27.6582853681 6.53935307119e-08
27.6885792184 7.35900722652e-08
27.7188730688 6.97318681221e-08
27.7491669191 6.52795446002e-08
27.7794607695 6.8445016809e-08
27.8097546198 6.70852258022e-08
27.8400484702 6.96506143104e-08
27.8703423205 6.85203217188e-08
27.9006361709 6.86127290254e-08
27.9309300212 6.60578279736e-08
27.9612238716 6.58369140992e-08
27.9915177219 6.85671536971e-08
28.0218115723 6.85252437605e-08
28.0521054226 6.78229519994e-08
28.0823992729 6.47634746395e-08
28.1126931233 6.61009703069e-08
28.1429869736 6.94046283227e-08
28.173280824 6.82173104984e-08
28.2035746743 6.94387140991e-08
28.2338685247 6.94236435972e-08
28.264162375 6.95636007927e-08
28.2944562254 6.88128739009e-08
28.3247500757 6.8413974332e-08
28.3550439261 6.67454552455e-08
28.3853377764 7.13962217831e-08
28.4156316268 7.37534272913e-08
28.4459254771 6.90971516177e-08
28.4762193275 6.66411518499e-08
28.5065131778 6.9983928241e-08
28.5368070282 7.01266751285e-08
28.5671008785 6.71547251023e-08
28.5973947289 6.89035636887e-08
28.6276885792 6.75702712129e-08
28.6579824296 6.53022241097e-08
28.6882762799 6.49529875334e-08
28.7185701303 6.732355696e-08
28.7488639806 6.88483998583e-08
28.779157831 6.66735364914e-08
28.8094516813 6.67895163314e-08
28.8397455317 6.62951608315e-08
28.870039382 6.45648102421e-08
28.9003332324 6.79791934982e-08
28.9306270827 6.75043001486e-08
28.9609209331 6.83195297764e-08
28.9912147834 6.7539806586e-08
29.0215086337 6.54608571736e-08
29.0518024841 6.97754811852e-08
29.0820963344 6.77182422525e-08
29.1123901848 6.81538940375e-08
29.1426840351 6.7563252863e-08
29.1729778855 6.8168542124e-08
29.2032717358 6.71439710963e-08
29.2335655862 6.7217246868e-08
29.2638594365 6.81600537711e-08
29.2941532869 6.39922848856e-08
29.3244471372 6.55378711317e-08
29.3547409876 6.68255793226e-08
29.3850348379 6.4874026331e-08
29.4153286883 6.62155963083e-08
29.4456225386 6.46885864249e-08
29.475916389 6.53412073082e-08
29.5062102393 6.72221824879e-08
29.5365040897 6.6057110185e-08
29.56679794 6.72610884606e-08
29.5970917904 6.55615569565e-08
29.6273856407 6.44710899467e-08
29.6576794911 6.89230925489e-08
29.6879733414 6.66222323203e-08
29.7182671918 6.6275967812e-08
29.7485610421 6.49456593464e-08
29.7788548925 6.59108873043e-08
29.8091487428 6.60089309506e-08
29.8394425932 6.38902336636e-08
29.8697364435 6.53820770416e-08
29.9000302939 6.49735610045e-08
29.9303241442 6.57054310923e-08
29.9606179945 6.61168154078e-08
29.9909118449 6.32061803682e-08
30.0212056952 6.15743314822e-08
30.0514995456 6.43540317764e-08
30.0817933959 6.50000210411e-08
30.1120872463 6.35854134878e-08
30.1423810966 6.32603892923e-08
30.172674947 6.44630981253e-08
30.2029687973 6.66215014111e-08
30.2332626477 6.47317050767e-08
30.263556498 6.31662141977e-08
30.2938503484 6.38243049865e-08
30.3241441987 6.48174158423e-08
30.3544380491 6.60338923188e-08
30.3847318994 6.37844162833e-08
30.4150257498 6.39457593959e-08
30.4453196001 6.37307405012e-08
30.4756134505 6.34606174286e-08
30.5059073008 6.49976501429e-08
30.5362011512 6.4945626111e-08
30.5664950015 6.40477242551e-08
30.5967888519 6.45586286749e-08
30.6270827022 6.41679863315e-08
30.6573765526 6.34768229445e-08
30.6876704029 6.52919510148e-08
30.7179642533 6.39615662155e-08
30.7482581036 6.31301219575e-08
30.778551954 6.35142752691e-08
30.8088458043 6.37519335285e-08
30.8391396547 6.43536723497e-08
30.869433505 6.23402301266e-08
30.8997273553 6.3481011447e-08
30.9300212057 6.34904041443e-08
30.960315056 6.28331143249e-08
30.9906089064 6.21192216758e-08
31.0209027567 6.32995480467e-08
31.0511966071 6.30228021177e-08
31.0814904574 6.3797338952e-08
31.1117843078 6.27523533229e-08
31.1420781581 6.37583048358e-08
31.1723720085 6.28776921687e-08
31.2026658588 6.24746975934e-08
31.2329597092 6.27756599918e-08
31.2632535595 6.4010700767e-08
31.2935474099 6.37250605434e-08
31.3238412602 6.29475739649e-08
31.3541351106 6.26538235822e-08
31.3844289609 6.18812198607e-08
31.4147228113 6.13585802661e-08
31.4450166616 6.23590616097e-08
31.475310512 6.29857140318e-08
31.5056043623 6.1857166727e-08
31.5358982127 6.25347330314e-08
31.566192063 6.24915852932e-08
31.5964859134 6.19948846033e-08
31.6267797637 6.21296666161e-08
31.6570736141 6.31085699129e-08
31.6873674644 6.14900032082e-08
31.7176613148 6.35194301582e-08
31.7479551651 6.25918045153e-08
31.7782490154 6.16634564867e-08
31.8085428658 6.15773254387e-08
31.8388367161 6.25944460254e-08
31.8691305665 6.19801589245e-08
31.8994244168 6.25892678677e-08
31.9297182672 6.27387802797e-08
31.9600121175 6.15186826393e-08
31.9903059679 6.18653960149e-08
32.0205998182 6.19050493418e-08
32.0508936686 6.17010381549e-08
32.0811875189 6.21203386516e-08
32.1114813693 6.15809394395e-08
32.1417752196 6.10881011001e-08
32.17206907 6.21069833061e-08
32.2023629203 6.12787631314e-08
32.2326567707 6.23258795317e-08
32.262950621 6.173044568e-08
32.2932444714 6.15315654151e-08
32.3235383217 6.15873980272e-08
32.3538321721 6.16015406484e-08
32.3841260224 6.08628212632e-08
32.4144198728 6.14576991566e-08
32.4447137231 6.15930962599e-08
32.4750075735 6.12234596328e-08
32.5053014238 6.10938000661e-08
32.5355952742 6.13979950829e-08
32.5658891245 6.12581149221e-08
32.5961829749 6.06641557236e-08
32.6264768252 6.13748731761e-08
32.6567706756 6.14189451099e-08
32.6870645259 6.13132360269e-08
32.7173583762 6.12368021377e-08
32.7476522266 6.07543851113e-08
32.7779460769 6.06886095568e-08
32.8082399273 6.10882203814e-08
32.8385337776 6.09898634483e-08
32.868827628 6.08820712366e-08
32.8991214783 6.09073438198e-08
32.9294153287 6.09820532851e-08
32.959709179 5.99431517048e-08
32.9900030294 6.07000450448e-08
33.0202968797 6.03343432429e-08
33.0505907301 6.08915264116e-08
33.0808845804 6.09109914565e-08
33.1111784308 6.05324072082e-08
33.1414722811 5.97676066544e-08
33.1717661315 6.01407320748e-08
33.2020599818 6.07044362639e-08
33.2323538322 6.05678639863e-08
33.2626476825 6.04712822257e-08
33.2929415329 5.99898871794e-08
33.3232353832 5.97817267491e-08
33.3535292336 6.03125270474e-08
33.3838230839 6.04449242246e-08
33.4141169343 6.01296795516e-08
33.4444107846 6.01891525813e-08
33.474704635 6.01063107399e-08
33.5049984853 5.96200276509e-08
33.5352923357 5.97032440565e-08
33.565586186 6.00886728978e-08
33.5958800364 6.01620859707e-08
33.6261738867 5.97606623938e-08
33.656467737 6.00826915277e-08
33.6867615874 5.9696489783e-08
33.7170554377 5.97886554841e-08
33.7473492881 6.00790577846e-08
33.7776431384 5.93653918682e-08
33.8079369888 5.94188717707e-08
33.8382308391 5.9621084446e-08
33.8685246895 5.99052882341e-08
33.8988185398 5.946151132e-08
33.9291123902 5.98579798428e-08
33.9594062405 5.91027056243e-08
33.9897000909 5.95338485651e-08
34.0199939412 5.92055376171e-08
34.0502877916 5.94301677931e-08
34.0805816419 5.94327698157e-08
34.1108754923 5.94350698029e-08
34.1411693426 5.95765150988e-08
34.171463193 5.94294409569e-08
34.2017570433 5.94556663816e-08
34.2320508937 5.91517056534e-08
34.262344744 5.8779508945e-08
34.2926385944 5.90869000398e-08
34.3229324447 5.89152450745e-08
34.3532262951 5.88774423727e-08
34.3835201454 5.87385278683e-08
34.4138139958 5.91230887121e-08
34.4441078461 5.92019091553e-08
34.4744016965 5.90978833991e-08
34.5046955468 5.87412594185e-08
34.5349893972 5.8868894395e-08
34.5652832475 5.88503011171e-08
34.5955770978 5.87438300826e-08
34.6258709482 5.85301711283e-08
34.6561647985 5.85339745615e-08
34.6864586489 5.84247226019e-08
34.7167524992 5.85706842735e-08
34.7470463496 5.84997271057e-08
34.7773401999 5.88628704186e-08
34.8076340503 5.84450636355e-08
34.8379279006 5.84389607945e-08
34.868221751 5.87812340104e-08
34.8985156013 5.86094371895e-08
34.9288094517 5.83156719174e-08
34.959103302 5.83744895967e-08
34.9893971524 5.84252959244e-08
35.0196910027 5.81591048076e-08
35.0499848531 5.85320226287e-08
35.0802787034 5.83723347774e-08
35.1105725538 5.83680672999e-08
35.1408664041 5.83682778397e-08
35.1711602545 5.80732302357e-08
35.2014541048 5.79818765891e-08
35.2317479552 5.8270116171e-08
35.2620418055 5.79943742665e-08
35.2923356559 5.81174281904e-08
35.3226295062 5.80940830734e-08
35.3529233566 5.80120719076e-08
35.3832172069 5.7891420256e-08
35.4135110573 5.78832619685e-08
35.4438049076 5.79133208458e-08
35.474098758 5.78065134408e-08
35.5043926083 5.78233714744e-08
35.5346864586 5.77787846518e-08
35.564980309 5.75405388549e-08
35.5952741593 5.77638119733e-08
35.6255680097 5.77177564975e-08
35.65586186 5.76678225021e-08
35.6861557104 5.74973642995e-08
35.7164495607 5.75272161298e-08
35.7467434111 5.76883886337e-08
35.7770372614 5.76582800555e-08
35.8073311118 5.7483409366e-08
35.8376249621 5.75977870377e-08
35.8679188125 5.76293568559e-08
35.8982126628 5.74372889778e-08
35.9285065132 5.73603069389e-08
35.9588003635 5.74204808447e-08
35.9890942139 5.74897880025e-08
36.0193880642 5.73279658571e-08
36.0496819146 5.73011892904e-08
36.0799757649 5.72254532849e-08
36.1102696153 5.72950076985e-08
36.1405634656 5.71875361342e-08
36.170857316 5.72421944459e-08
36.2011511663 5.7258136298e-08
36.2314450167 5.72857973258e-08
36.261738867 5.71642136136e-08
36.2920327174 5.71779077916e-08
36.3223265677 5.70077302086e-08
36.3526204181 5.71179263559e-08
36.3829142684 5.69395465989e-08
36.4132081188 5.70510101923e-08
36.4435019691 5.69652477111e-08
36.4737958194 5.68926541475e-08
36.5040896698 5.70236174939e-08
36.5343835201 5.69745676853e-08
36.5646773705 5.67671278641e-08
36.5949712208 5.68325077777e-08
36.6252650712 5.69272904716e-08
36.6555589215 5.67802750698e-08
36.6858527719 5.68959323789e-08
36.7161466222 5.67859776742e-08
36.7464404726 5.67391478406e-08
36.7767343229 5.66578378783e-08
36.8070281733 5.67415883285e-08
36.8373220236 5.66931572651e-08
36.867615874 5.67082418488e-08
36.8979097243 5.65976512236e-08
36.9282035747 5.64947422567e-08
36.958497425 5.64929538597e-08
36.9887912754 5.65069634203e-08
37.0190851257 5.64969614627e-08
37.0493789761 5.64255183975e-08
37.0796728264 5.64759953475e-08
37.1099666768 5.6433540071e-08
37.1402605271 5.63419124412e-08
37.1705543775 5.63803158716e-08
37.2008482278 5.63305442761e-08
37.2311420782 5.63525650129e-08
37.2614359285 5.63050253845e-08
37.2917297789 5.62569979157e-08
37.3220236292 5.61415798762e-08
37.3523174796 5.61898750269e-08
37.3826113299 5.61567127968e-08
37.4129051802 5.61972675922e-08
37.4431990306 5.61876478484e-08
37.4734928809 5.61468179478e-08
37.5037867313 5.59903078543e-08
37.5340805816 5.6014651044e-08
37.564374432 5.60875113447e-08
37.5946682823 5.60823030193e-08
37.6249621327 5.60949137935e-08
37.655255983 5.59561146051e-08
37.6855498334 5.59395186862e-08
37.7158436837 5.59590105695e-08
37.7461375341 5.59655334189e-08
37.7764313844 5.5807596176e-08
37.8067252348 5.58072328579e-08
37.8370190851 5.59027986944e-08
37.8673129355 5.58515556079e-08
37.8976067858 5.57186839963e-08
37.9279006362 5.57325665471e-08
37.9581944865 5.58134916098e-08
37.9884883369 5.57232951737e-08
38.0187821872 5.57383679806e-08
38.0490760376 5.57446492139e-08
38.0793698879 5.56648601652e-08
38.1096637383 5.56552563627e-08
38.1399575886 5.56663753013e-08
38.170251439 5.55836072399e-08
38.2005452893 5.55863399658e-08
38.2308391397 5.55584431293e-08
38.26113299 5.54978739259e-08
38.2914268404 5.55439039811e-08
38.3217206907 5.54997623731e-08
38.352014541 5.55121281003e-08
38.3823083914 5.5373173165e-08
38.4126022417 5.53998554953e-08
38.4428960921 5.54816752225e-08
38.4731899424 5.53973876328e-08
38.5034837928 5.5324338093e-08
38.5337776431 5.53045036904e-08
38.5640714935 5.54329309991e-08
38.5943653438 5.53206700028e-08
38.6246591942 5.52237615865e-08
38.6549530445 5.52151937496e-08
38.6852468949 5.52911486016e-08
38.7155407452 5.51861670693e-08
38.7458345956 5.5154433061e-08
38.7761284459 5.5218184241e-08
38.8064222963 5.51860349165e-08
38.8367161466 5.50405275669e-08
38.867009997 5.51040867289e-08
38.8973038473 5.5081184883e-08
38.9275976977 5.50870925417e-08
38.957891548 5.5037612882e-08
38.9881853984 5.50561823135e-08
39.0184792487 5.50071404713e-08
39.0487730991 5.49222768737e-08
39.0790669494 5.50060457513e-08
39.1093607998 5.49359676137e-08
39.1396546501 5.49430393217e-08
39.1699485005 5.49359449458e-08
39.2002423508 5.48496347311e-08
39.2305362012 5.48954687479e-08
39.2608300515 5.48512026753e-08
39.2911239018 5.48334261941e-08
39.3214177522 5.48227217276e-08
39.3517116025 5.48154947925e-08
39.3820054529 5.47947645441e-08
39.4122993032 5.47342057816e-08
39.4425931536 5.47635749351e-08
39.4728870039 5.46912348197e-08
39.5031808543 5.47119333785e-08
39.5334747046 5.4690725124e-08
39.563768555 5.46909373873e-08
39.5940624053 5.46605556993e-08
39.6243562557 5.45683018487e-08
39.654650106 5.46238596596e-08
39.6849439564 5.45980199839e-08
39.7152378067 5.45723468848e-08
39.7455316571 5.4557354227e-08
39.7758255074 5.4490765441e-08
39.8061193578 5.45241638052e-08
39.8364132081 5.44885908963e-08
39.8667070585 5.44644542984e-08
39.8970009088 5.44532034451e-08
39.9272947592 5.44259785298e-08
39.9575886095 5.43981359036e-08
39.9878824599 5.44082724385e-08
40.0181763102 5.43563481102e-08
40.0484701606 5.43891158312e-08
40.0787640109 5.4357925911e-08
40.1090578613 5.43281569772e-08
40.1393517116 5.42754858332e-08
40.169645562 5.42779733544e-08
40.1999394123 5.42684055682e-08
40.2302332626 5.42510503399e-08
40.260527113 5.42347014506e-08
40.2908209633 5.4219834306e-08
40.3211148137 5.41945039031e-08
40.351408664 5.41832890083e-08
40.3817025144 5.41796884197e-08
40.4119963647 5.4154923306e-08
40.4422902151 5.41237553032e-08
40.4725840654 5.41047977416e-08
40.5028779158 5.41187719268e-08
40.5331717661 5.4090930919e-08
40.5634656165 5.40952259996e-08
40.5937594668 5.40669209848e-08
40.6240533172 5.40248211721e-08
40.6543471675 5.40051417615e-08
40.6846410179 5.39963250749e-08
40.7149348682 5.39687834139e-08
40.7452287186 5.39679492398e-08
40.7755225689 5.39400245514e-08
40.8058164193 5.39307171691e-08
40.8361102696 5.39241567628e-08
40.86640412 5.39007434454e-08
40.8966979703 5.38995846019e-08
40.9269918207 5.38625617389e-08
40.957285671 5.38487789889e-08
40.9875795214 5.38381899651e-08
41.0178733717 5.38222139183e-08
41.0481672221 5.38157678795e-08
41.0784610724 5.37820295945e-08
41.1087549228 5.37674749418e-08
41.1390487731 5.37594282853e-08
41.1693426234 5.37442200849e-08
41.1996364738 5.37348076319e-08
41.2299303241 5.37222341763e-08
41.2602241745 5.37048525926e-08
41.2905180248 5.36833438191e-08
41.3208118752 5.36673082093e-08
41.3511057255 5.36497837412e-08
41.3813995759 5.36288487096e-08
41.4116934262 5.3617350894e-08
41.4419872766 5.35992137974e-08
41.4722811269 5.35956727309e-08
41.5025749773 5.3583653169e-08
41.5328688276 5.35604080849e-08
41.563162678 5.35485916101e-08
41.5934565283 5.35348319612e-08
41.6237503787 5.35149324742e-08
41.654044229 5.35089989513e-08
41.6843380794 5.34858378757e-08
41.7146319297 5.34665190239e-08
41.7449257801 5.34485720189e-08
41.7752196304 5.34471109366e-08
41.8055134808 5.34240989725e-08
41.8358073311 5.34180120583e-08
41.8661011815 5.33989583403e-08
41.8963950318 5.3389490352e-08
41.9266888822 5.3376897894e-08
41.9569827325 5.33652693656e-08
41.9872765829 5.33437368058e-08
42.0175704332 5.33321238076e-08
42.0478642836 5.33205402003e-08
42.0781581339 5.3302494614e-08
42.1084519842 5.3290679821e-08
42.1387458346 5.32773818681e-08
42.1690396849 5.32630307856e-08
42.1993335353 5.32454409364e-08
42.2296273856 5.32342216434e-08
42.259921236 5.32195906025e-08
42.2902150863 5.32105389079e-08
42.3205089367 5.3193334056e-08
42.350802787 5.3178257667e-08
42.3810966374 5.31683974071e-08
42.4113904877 5.31525894164e-08
42.4416843381 5.3146777258e-08
42.4719781884 5.31311934757e-08
42.5022720388 5.31174616089e-08
42.5325658891 5.31057875724e-08
42.5628597395 5.30917321133e-08
42.5931535898 5.30745332145e-08
42.6234474402 5.30628397942e-08
42.6537412905 5.30503668014e-08
42.6840351409 5.30399691629e-08
42.7143289912 5.30279120509e-08
42.7446228416 5.30140601737e-08
42.7749166919 5.30022696441e-08
42.8052105423 5.29902514715e-08
42.8355043926 5.29783382975e-08
42.865798243 5.29654050355e-08
42.8960920933 5.29541733001e-08
42.9263859437 5.29402936106e-08
42.956679794 5.29267017223e-08
42.9869736444 5.29190952461e-08
43.0172674947 5.29059734368e-08
43.047561345 5.28939715494e-08
43.0778551954 5.28820051821e-08
43.1081490457 5.28692479266e-08
43.1384428961 5.28567591231e-08
43.1687367464 5.28463095999e-08
43.1990305968 5.28328084741e-08
43.2293244471 5.28245084402e-08
43.2596182975 5.28111434082e-08
43.2899121478 5.27991944314e-08
43.3202059982 5.2790299298e-08
43.3504998485 5.27756022235e-08
43.3807936989 5.27657077595e-08
43.4110875492 5.2754970968e-08
43.4413813996 5.27435375061e-08
43.4716752499 5.27309275593e-08
43.5019691003 5.27200591461e-08
43.5322629506 5.27098058063e-08
43.562556801 5.26988360703e-08
43.5928506513 5.26873549057e-08
43.6231445017 5.26762009952e-08
43.653438352 5.26649887471e-08
43.6837322024 5.26555934301e-08
43.7140260527 5.26455604011e-08
43.7443199031 5.26342535643e-08
43.7746137534 5.26242175886e-08
43.8049076038 5.26122181311e-08
43.8352014541 5.26024546685e-08
43.8654953045 5.25916059879e-08
43.8957891548 5.25812265638e-08
43.9260830051 5.25711233501e-08
43.9563768555 5.25606067719e-08
43.9866707058 5.25516674228e-08
44.0169645562 5.25401960637e-08
44.0472584065 5.25301583301e-08
44.0775522569 5.2520792933e-08
44.1078461072 5.25103156113e-08
44.1381399576 5.2500004404e-08
44.1684338079 5.24908265386e-08
44.1987276583 5.24806974987e-08
44.2290215086 5.24708754758e-08
44.259315359 5.24610994836e-08
44.2896092093 5.24514136112e-08
44.3199030597 5.24417478894e-08
44.35019691 5.24320322895e-08
44.3804907604 5.2422679503e-08
44.4107846107 5.24135990157e-08
44.4410784611 5.24041359966e-08
44.4713723114 5.23944418666e-08
44.5016661618 5.23851362125e-08
44.5319600121 5.23760856963e-08
44.5622538625 5.23664963464e-08
44.5925477128 5.23576548516e-08
44.6228415632 5.23484909889e-08
44.6531354135 5.2339598818e-08
44.6834292639 5.23305857174e-08
44.7137231142 5.23217475727e-08
44.7440169646 5.23130191848e-08
44.7743108149 5.23040498317e-08
44.8046046653 5.22954076065e-08
44.8348985156 5.22864844219e-08
44.8651923659 5.22779403692e-08
44.8954862163 5.22694124687e-08
44.9257800666 5.22608896938e-08
44.956073917 5.22524270713e-08
44.9863677673 5.22440354002e-08
45.0166616177 5.2235568442e-08
45.046955468 5.22272563278e-08
45.0772493184 5.22188445536e-08
45.1075431687 5.22106977221e-08
45.1378370191 5.22025143287e-08
45.1681308694 5.21944836369e-08
45.1984247198 5.21863874599e-08
45.2287185701 5.21784487968e-08
45.2590124205 5.21703397781e-08
45.2893062708 5.21625120799e-08
45.3196001212 5.21546200099e-08
45.3498939715 5.21469900401e-08
45.3801878219 5.21390673161e-08
45.4104816722 5.21314452332e-08
45.4407755226 5.21237709441e-08
45.4710693729 5.21161749023e-08
45.5013632233 5.21086725485e-08
45.5316570736 5.21011332631e-08
45.561950924 5.20937314402e-08
45.5922447743 5.20863286594e-08
45.6225386247 5.20790449609e-08
45.652832475 5.20717709038e-08
45.6831263254 5.20645808538e-08
45.7134201757 5.20573877732e-08
45.7437140261 5.20502962127e-08
45.7740078764 5.20431807244e-08
45.8043017267 5.20361821597e-08
45.8345955771 5.20292446796e-08
45.8648894274 5.20223475752e-08
45.8951832778 5.20154827828e-08
45.9254771281 5.20086641883e-08
45.9557709785 5.20018957398e-08
45.9860648288 5.19952252323e-08
46.0163586792 5.19885788748e-08
46.0466525295 5.19819678538e-08
46.0769463799 5.19754320113e-08
46.1072402302 5.19689315638e-08
46.1375340806 5.19624939417e-08
46.1678279309 5.19561028903e-08
46.1981217813 5.19497577839e-08
46.2284156316 5.19434845021e-08
46.258709482 5.19372377572e-08
46.2890033323 5.19310584888e-08
46.3192971827 5.19249243102e-08
46.349591033 5.19188441494e-08
46.3798848834 5.19128150639e-08
46.4101787337 5.19068433368e-08
46.4404725841 5.19009179815e-08
46.4707664344 5.18950384969e-08
46.5010602848 5.1889217752e-08
46.5313541351 5.18834475734e-08
46.5616479855 5.18777296341e-08
46.5919418358 5.18720612831e-08
46.6222356862 5.18664451386e-08
46.6525295365 5.18608764965e-08
46.6828233869 5.18553619611e-08
46.7131172372 5.18498948771e-08
46.7434110875 5.18444860728e-08
46.7737049379 5.18391237991e-08
46.8039987882 5.18338111076e-08
46.8342926386 5.18285536787e-08
46.8645864889 5.18233439554e-08
46.8948803393 5.18181858572e-08
46.9251741896 5.18130816313e-08
46.95546804 5.18080228803e-08
46.9857618903 5.18030174938e-08
47.0160557407 5.1798065159e-08
47.046349591 5.17931631258e-08
47.0766434414 5.17883103469e-08
47.1069372917 5.17835080176e-08
47.1372311421 5.17787579457e-08
47.1675249924 5.17740579077e-08
47.1978188428 5.17694091845e-08
47.2281126931 5.1764811188e-08
47.2584065435 5.17602644922e-08
47.2887003938 5.17557659148e-08
47.3189942442 5.17513194073e-08
47.3492880945 5.17469245012e-08
47.3795819449 5.17425792335e-08
47.4098757952 5.17382844807e-08
47.4401696456 5.17340404059e-08
47.4704634959 5.17298471469e-08
47.5007573463 5.17257040705e-08
47.5310511966 5.1721611864e-08
47.561345047 5.17175697497e-08
47.5916388973 5.17135782257e-08
47.6219327477 5.17096372487e-08
47.652226598 5.1705746426e-08
47.6825204483 5.17019063327e-08
47.7128142987 5.16981159351e-08
47.743108149 5.16943765178e-08
47.7734019994 5.16906872853e-08
47.8036958497 5.16870482614e-08
47.8339897001 5.16834597836e-08
47.8642835504 5.16799212384e-08
47.8945774008 5.16764330113e-08
47.9248712511 5.16729951983e-08
47.9551651015 5.16696074838e-08
47.9854589518 5.16662699823e-08
48.0157528022 5.16629826961e-08
48.0460466525 5.16597455302e-08
48.0763405029 5.16565585463e-08
48.1066343532 5.16534216718e-08
48.1369282036 5.16503349423e-08
48.1672220539 5.1647298324e-08
48.1975159043 5.16443117738e-08
48.2278097546 5.16413753215e-08
48.258103605 5.16384888902e-08
48.2883974553 5.16356525312e-08
48.3186913057 5.16328661937e-08
48.348985156 5.16301298543e-08
48.3792790064 5.16274435289e-08
48.4095728567 5.16248071825e-08
48.4398667071 5.16222208139e-08
48.4701605574 5.16196844099e-08
48.5004544078 5.16171979444e-08
48.5307482581 5.16147614137e-08
48.5610421085 5.16123748077e-08
48.5913359588 5.16100381119e-08
48.6216298091 5.16077513132e-08
48.6519236595 5.1605514399e-08
48.6822175098 5.1603327358e-08
48.7125113602 5.16011901806e-08
48.7428052105 5.15991028559e-08
48.7730990609 5.15970653722e-08
48.8033929112 5.15950777212e-08
48.8336867616 5.15931398908e-08
48.8639806119 5.15912518716e-08
48.8942744623 5.1589413654e-08
48.9245683126 5.15876252289e-08
48.954862163 5.15858865869e-08
48.9851560133 5.15841977191e-08
49.0154498637 5.15825586173e-08
49.045743714 5.15809692729e-08
49.0760375644 5.15794296777e-08
49.1063314147 5.1577939824e-08
49.1366252651 5.15764997041e-08
49.1669191154 5.15751093108e-08
49.1972129658 5.15737686368e-08
49.2275068161 5.15724776755e-08
49.2578006665 5.15712364203e-08
49.2880945168 5.15700448648e-08
49.3183883672 5.15689030029e-08
49.3486822175 5.15678108289e-08
49.3789760679 5.15667683372e-08
49.4092699182 5.15657755224e-08
49.4395637686 5.15648323797e-08
49.4698576189 5.1563938904e-08
49.5001514693 5.15630950909e-08
49.5304453196 5.15623009361e-08
49.5607391699 5.15615564356e-08
49.5910330203 5.15608615855e-08
49.6213268706 5.15602163822e-08
49.651620721 5.15596208227e-08
49.6819145713 5.15590749038e-08
49.7122084217 5.15585786227e-08
49.742502272 5.15581319769e-08
49.7727961224 5.15577349641e-08
49.8030899727 5.15573875824e-08
49.8333838231 5.15570898298e-08
49.8636776734 5.1556841705e-08
49.8939715238 5.15566432067e-08
49.9242653741 5.15564943339e-08
49.9545592245 5.15563950858e-08
49.9848530748 5.15563454618e-08
