0.0 0.000169055384967
0.0302938503484 4.95063339066e-05
0.0605877006968 3.28557845722e-05
0.0908815510451 6.21582302431e-05
0.121175401394 5.7186029614e-05
0.151469251742 5.12060928087e-05
0.18176310209 8.75732043845e-05
0.212056952439 0.000138550429569
0.242350802787 0.000186825649831
0.272644653135 0.000106701417495
0.302938503484 0.000158677617104
0.333232353832 0.000227959991511
0.363526204181 6.44705513439e-05
0.393820054529 0.000205130193896
0.424113904877 0.000180374019059
0.454407755226 0.000269367867221
0.484701605574 0.000307893398669
0.514995455922 0.000391050927406
0.545289306271 9.28768189836e-05
0.575583156619 8.09760235491e-05
0.605877006968 0.000120530002366
0.636170857316 0.000127690967398
0.666464707664 0.000151263502211
0.696758558013 0.000253615863625
0.727052408361 0.00014273214584
0.757346258709 5.11461676012e-05
0.787640109058 0.000114753886146
0.817933959406 0.000108027322218
0.848227809755 0.000294452128021
0.878521660103 0.000217073600549
0.908815510451 0.000170616360889
0.9391093608 0.000233804890109
0.969403211148 4.03688264488e-05
0.999697061497 8.07834506196e-05
1.02999091184 0.00018981444469
1.06028476219 0.000121201873809
1.09057861254 0.000106969383202
1.12087246289 0.000161180736114
1.15116631324 6.02081846501e-05
1.18146016359 0.000225559618901
1.21175401394 4.88790530993e-05
1.24204786428 0.000123735235394
1.27234171463 7.12865731013e-05
1.30263556498 6.3930735572e-05
1.33292941533 5.49456474472e-05
1.36322326568 0.000232416884363
1.39351711603 0.000264100491098
1.42381096637 0.000279275133778
1.45410481672 0.000150595441829
1.48439866707 0.000199353106886
1.51469251742 0.000152403043211
1.54498636777 0.000135661431799
1.57528021812 2.91985985477e-05
1.60557406846 7.178619313e-05
1.63586791881 0.000278924287241
1.66616176916 0.000311679280222
1.69645561951 0.000172414893387
1.72674946986 0.000127685925986
1.75704332021 9.72374018442e-05
1.78733717055 6.78936929064e-05
1.8176310209 9.29762580589e-05
1.84792487125 8.91217566895e-05
1.8782187216 0.000149525730966
1.90851257195 5.34132777101e-06
1.9388064223 3.16516867313e-05
1.96910027264 0.000102046075818
1.99939412299 5.51914806103e-05
2.02968797334 0.000133131141707
2.05998182369 8.03594244241e-05
2.09027567404 7.09221736087e-05
2.12056952439 0.00013303219459
2.15086337473 0.00018735565846
2.18115722508 0.000229337171181
2.21145107543 0.000136948670739
2.24174492578 3.8366189608e-05
2.27203877613 5.96943913342e-05
2.30233262648 0.000147344586764
2.33262647683 0.000125420810121
2.36292032717 0.000173146436671
2.39321417752 8.93508927301e-05
2.42350802787 1.27945264343e-05
2.45380187822 2.77475228274e-05
2.48409572857 8.41083214492e-05
2.51438957892 7.50363293016e-05
2.54468342926 8.30360202824e-05
2.57497727961 8.87269151543e-05
2.60527112996 8.91663466052e-05
2.63556498031 0.000153164391169
2.66585883066 0.000103836465207
2.69615268101 9.25202786496e-05
2.72644653135 5.77075791906e-05
2.7567403817 3.08311345454e-05
2.78703423205 5.02618101613e-05
2.8173280824 2.33851990135e-05
2.84762193275 7.57134408318e-05
2.8779157831 9.93326055856e-05
2.90820963344 6.42507461709e-05
2.93850348379 7.69490485208e-05
2.96879733414 5.99708258608e-05
2.99909118449 5.39653753907e-05
3.02938503484 5.82321045892e-05
3.05967888519 8.22998521131e-05
3.08997273553 7.10555005965e-05
3.12026658588 8.05494839168e-05
3.15056043623 3.09247671928e-05
3.18085428658 4.76067189757e-05
3.21114813693 0.000106090634872
3.24144198728 9.05454898222e-05
3.27173583762 3.48835121289e-05
3.30202968797 4.31255717074e-05
3.33232353832 3.59777840405e-05
3.36261738867 5.37368519307e-05
3.39291123902 6.04156679525e-05
3.42320508937 5.49593168149e-05
3.45349893972 2.49847250333e-05
3.48379279006 2.33182447645e-05
3.51408664041 1.65213533869e-05
3.54438049076 2.90841412029e-05
3.57467434111 4.44151381811e-06
3.60496819146 2.16115332604e-05
3.63526204181 2.81113203198e-05
3.66555589215 1.71173636621e-05
3.6958497425 2.08855192318e-05
3.72614359285 6.55911055576e-05
3.7564374432 1.50928414796e-05
3.78673129355 3.36514235798e-05
3.8170251439 6.58736756959e-05
3.84731899424 7.74744642532e-05
3.87761284459 9.93110391196e-05
3.90790669494 8.03506098347e-05
3.93820054529 2.67170941781e-05
3.96849439564 4.112652723e-05
3.99878824599 3.34811438753e-05
4.02908209633 4.03746213944e-05
4.05937594668 4.09914306288e-05
4.08966979703 4.23253939054e-05
4.11996364738 4.76437391974e-05
4.15025749773 5.64277261085e-05
4.18055134808 5.89346887598e-05
4.21084519842 5.57261373847e-05
4.24113904877 8.34269153728e-05
4.27143289912 7.72516746128e-05
4.30172674947 7.31355805464e-05
4.33202059982 9.63017267648e-05
4.36231445017 6.46263035563e-05
4.39260830051 4.5040753931e-05
4.42290215086 6.74690637445e-05
4.45319600121 0.00010704041216
4.48348985156 6.95842632505e-05
4.51378370191 4.39298491012e-05
4.54407755226 5.79764721827e-05
4.57437140261 6.48369527036e-05
4.60466525295 5.22828654203e-05
4.6349591033 4.10196403921e-05
4.66525295365 2.36861538833e-05
4.695546804 2.89397603275e-05
4.72584065435 2.54605276548e-05
4.7561345047 6.72840037607e-05
4.78642835504 6.21929490135e-05
4.81672220539 4.60983987368e-05
4.84701605574 4.51577087821e-05
4.87730990609 2.91470395625e-05
4.90760375644 2.50067230466e-05
4.93789760679 3.59849280043e-05
4.96819145713 2.2004548439e-05
4.99848530748 3.11015014583e-05
5.02877915783 1.12829735882e-05
5.05907300818 3.12013212022e-05
5.08936685853 3.20261020388e-05
5.11966070888 4.783791413e-05
5.14995455922 2.97642159613e-05
5.18024840957 4.78193357975e-05
5.21054225992 5.50317873458e-05
5.24083611027 4.36102918027e-05
5.27112996062 2.52171525257e-05
5.30142381097 2.67230416072e-05
5.33171766131 1.6418187942e-05
5.36201151166 3.91070620885e-05
5.39230536201 4.39154055305e-05
5.42259921236 4.86517417195e-05
5.45289306271 6.2054526865e-05
5.48318691306 5.91338555199e-05
5.51348076341 3.01995895585e-05
5.54377461375 1.03695143691e-05
5.5740684641 2.7006040631e-05
5.60436231445 6.51864284353e-06
5.6346561648 8.29268656478e-06
5.66495001515 1.14415449834e-05
5.6952438655 1.405424835e-05
5.72553771584 2.26190764514e-05
5.75583156619 1.09706457893e-05
5.78612541654 1.43191819721e-05
5.81641926689 8.767375311e-06
5.84671311724 1.61281433484e-05
5.87700696759 1.66101279394e-05
5.90730081793 8.19162183294e-06
5.93759466828 2.1951117188e-05
5.96788851863 2.15431581779e-05
5.99818236898 4.13004644144e-05
6.02847621933 3.71792735008e-05
6.05877006968 5.67969282719e-05
6.08906392002 3.81923317053e-05
6.11935777037 3.00542615569e-05
6.14965162072 1.42040902843e-05
6.17994547107 5.00692245211e-05
6.21023932142 4.28733402053e-05
6.24053317177 4.98331003422e-05
6.27082702211 2.51766379399e-05
6.30112087246 2.78799817649e-05
6.33141472281 2.9079393689e-05
6.36170857316 2.05778994345e-05
6.39200242351 3.40889088697e-05
6.42229627386 2.1950866677e-05
6.4525901242 2.87987967178e-05
6.48288397455 1.84598469724e-05
6.5131778249 2.16350133579e-05
6.54347167525 1.61644218351e-05
6.5737655256 2.01021195542e-05
6.60405937595 1.02480085301e-05
6.6343532263 1.4613608104e-05
6.66464707664 1.13899219597e-05
6.69494092699 2.17572905216e-05
6.72523477734 2.9685655499e-05
6.75552862769 1.71125944661e-05
6.78582247804 1.89469318704e-05
6.81611632839 3.071816118e-06
6.84641017873 1.66163807521e-05
6.87670402908 1.26964050445e-05
6.90699787943 5.55368243228e-06
6.93729172978 1.12257221151e-05
6.96758558013 6.26969707296e-06
6.99787943048 7.6501651326e-06
7.02817328082 4.66661456185e-06
7.05846713117 1.4219202299e-05
7.08876098152 1.02384142784e-05
7.11905483187 7.02167953929e-06
7.14934868222 9.84697161795e-06
7.17964253257 9.15426620539e-06
7.20993638291 7.62479116307e-06
7.24023023326 9.42446221506e-06
7.27052408361 7.50376847557e-06
7.30081793396 1.09787785563e-05
7.33111178431 1.36065474037e-05
7.36140563466 9.14610253338e-06
7.391699485 1.20029989431e-05
7.42199333535 7.45164522766e-06
7.4522871857 1.19281216396e-05
7.48258103605 6.69396957305e-06
7.5128748864 8.65438398542e-06
7.54316873675 1.42005697986e-05
7.57346258709 1.72075129429e-05
7.60375643744 1.62430937216e-05
7.63405028779 3.32702796064e-06
7.66434413814 6.18321500836e-06
7.69463798849 3.47034665247e-06
7.72493183884 5.1447663766e-06
7.75522568919 3.70187623266e-06
7.78551953953 8.14277960583e-06
7.81581338988 4.80969292388e-06
7.84610724023 4.62940185976e-06
7.87640109058 5.52484458584e-06
7.90669494093 1.94240383317e-06
7.93698879128 9.76481098483e-06
7.96728264162 1.32592643846e-05
7.99757649197 1.45398326318e-05
8.02787034232 1.60534892422e-05
8.05816419267 1.21386511848e-05
8.08845804302 1.78075819387e-05
8.11875189337 1.32774324201e-05
8.14904574371 1.12381743693e-05
8.17933959406 8.58642732948e-06
8.20963344441 6.58571688046e-06
8.23992729476 1.05470388908e-05
8.27022114511 6.25629296261e-06
8.30051499546 4.61728276333e-06
8.3308088458 6.23928236948e-06
8.36110269615 1.04683209001e-05
8.3913965465 9.51473805676e-06
8.42169039685 9.20389695266e-06
8.4519842472 9.15085878101e-06
8.48227809755 7.50215618501e-06
8.51257194789 6.81623813002e-06
8.54286579824 7.33060802923e-06
8.57315964859 4.2567893642e-06
8.60345349894 5.50819972036e-06
8.63374734929 8.60761592067e-07
8.66404119964 5.40354766806e-07
8.69433504998 2.59833200337e-06
8.72462890033 7.62179206472e-06
8.75492275068 5.29659369809e-06
8.78521660103 1.24389463858e-06
8.81551045138 3.68547578773e-06
8.84580430173 2.86709026227e-06
8.87609815208 4.96028405204e-06
8.90639200242 5.48988996611e-06
8.93668585277 1.15537341028e-06
8.96697970312 4.94315425291e-06
8.99727355347 6.08075405661e-06
9.02756740382 5.10811066841e-06
9.05786125417 2.8506752318e-06
9.08815510451 3.53128984056e-06
9.11844895486 6.83136799064e-06
9.14874280521 6.54201899861e-06
9.17903665556 5.02569097146e-06
9.20933050591 4.72445328072e-06
9.23962435626 2.6002496168e-06
9.2699182066 6.72616696091e-06
9.30021205695 8.57717143151e-06
9.3305059073 6.09317155158e-06
9.36079975765 3.68610690767e-06
9.391093608 6.05498009189e-06
9.42138745835 2.51548800197e-06
9.45168130869 3.10003643523e-07
9.48197515904 6.29976555251e-06
9.51226900939 4.53441505471e-06
9.54256285974 4.32548930046e-06
9.57285671009 5.49921669401e-06
9.60315056044 5.62188386014e-06
9.63344441078 2.45503602254e-06
9.66373826113 4.3237320357e-07
9.69403211148 2.19858764411e-06
9.72432596183 1.31600742494e-06
9.75461981218 1.53448948061e-06
9.78491366253 1.95770484439e-06
9.81520751287 2.41046343785e-06
9.84550136322 3.90428435199e-06
9.87579521357 3.92945108627e-06
9.90608906392 2.20339630025e-06
9.93638291427 3.99113219512e-06
9.96667676462 1.78809004406e-06
9.99697061497 3.83455663494e-06
10.0272644653 6.62362546751e-06
10.0575583157 4.04891235595e-06
10.087852166 3.28999954455e-06
10.1181460164 1.1663942695e-06
10.1484398667 1.63670000882e-06
10.1787337171 4.93639666231e-06
10.2090275674 2.40153970382e-06
10.2393214178 2.43106009466e-06
10.2696152681 1.70310485444e-06
10.2999091184 2.0134713965e-06
10.3302029688 3.88064678584e-06
10.3604968191 5.13511303304e-06
10.3907906695 4.08325647406e-06
10.4210845198 4.84686824895e-06
10.4513783702 6.15078714297e-06
10.4816722205 4.64588917156e-06
10.5119660709 4.43604471924e-06
10.5422599212 2.96205832604e-06
10.5725537716 3.46966620941e-06
10.6028476219 3.6123115096e-06
10.6331414723 3.91611388067e-06
10.6634353226 4.89312235212e-06
10.693729173 3.75430811139e-06
10.7240230233 4.69987884981e-06
10.7543168737 3.23988855349e-06
10.784610724 1.54761069765e-06
10.8149045744 4.60120218136e-06
10.8451984247 4.58120693574e-06
10.8754922751 3.75907549014e-06
10.9057861254 1.29525011525e-06
10.9360799758 2.11992684538e-06
10.9663738261 4.20248638848e-06
10.9966676765 5.81374321305e-06
11.0269615268 5.58123331394e-06
11.0572553772 7.79744215933e-06
11.0875492275 2.51998865342e-06
11.1178430779 5.32868472231e-06
11.1481369282 5.56235937986e-06
11.1784307786 6.90869566916e-06
11.2087246289 2.63178381685e-06
11.2390184792 9.07222781542e-07
11.2693123296 1.39414642261e-06
11.2996061799 1.27747338982e-06
11.3299000303 1.85575616836e-06
11.3601938806 7.26961949498e-06
11.390487731 6.32373053283e-06
11.4207815813 6.49785253474e-06
11.4510754317 7.88117498823e-06
11.481369282 3.13079270024e-06
11.5116631324 4.77836820903e-06
11.5419569827 3.92320467425e-06
11.5722508331 2.17380424773e-06
11.6025446834 5.20042796062e-06
11.6328385338 4.24262019179e-06
11.6631323841 5.65726215571e-06
11.6934262345 5.17669206303e-06
11.7237200848 5.26315587788e-06
11.7540139352 4.83281255618e-06
11.7843077855 4.43968492665e-06
11.8146016359 2.39368853528e-06
11.8448954862 1.5653327953e-06
11.8751893366 4.95575250456e-07
11.9054831869 2.15877542439e-06
11.9357770373 2.01038062354e-06
11.9660708876 2.95921728048e-06
11.996364738 5.91076786332e-07
12.0266585883 1.07611954597e-06
12.0569524387 3.11878458628e-06
12.087246289 4.721910952e-06
12.1175401394 3.7801039338e-06
12.1478339897 2.4602941857e-06
12.17812784 2.10830838269e-06
12.2084216904 2.23309223983e-07
12.2387155407 1.1664957383e-06
12.2690093911 3.7095401149e-06
12.2993032414 3.62554117718e-06
12.3295970918 1.64179084116e-06
12.3598909421 2.77159724928e-06
12.3901847925 2.2667187085e-06
12.4204786428 1.40387589547e-06
12.4507724932 8.16783821731e-07
12.4810663435 2.64462910534e-06
12.5113601939 1.66779238603e-06
12.5416540442 8.7797292911e-07
12.5719478946 8.62176053588e-07
12.6022417449 1.91796712019e-06
12.6325355953 1.77155480661e-06
12.6628294456 2.75602885409e-06
12.693123296 1.46235120384e-06
12.7234171463 1.31354641275e-06
12.7537109967 1.37907258724e-07
12.784004847 1.3115129601e-06
12.8142986974 9.39114091774e-07
12.8445925477 1.47152637471e-06
12.8748863981 1.75412194265e-06
12.9051802484 9.55146904633e-07
12.9354740988 2.05758654185e-06
12.9657679491 5.81788167438e-07
12.9960617995 7.05315664601e-07
13.0263556498 2.93840042674e-07
13.0566495002 3.19934002352e-07
13.0869433505 6.65590129445e-07
13.1172372008 1.52740200351e-06
13.1475310512 9.07014103089e-07
13.1778249015 1.64444241479e-06
13.2081187519 2.97428515968e-07
13.2384126022 5.57809128674e-07
13.2687064526 1.23165174009e-06
13.2990003029 1.20183640673e-06
13.3292941533 1.96936687612e-06
13.3595880036 1.31421093563e-06
13.389881854 6.92290199825e-07
13.4201757043 1.9738220029e-07
13.4504695547 4.07884921223e-07
13.480763405 1.09167262541e-06
13.5110572554 1.06246848372e-06
13.5413511057 5.5709526447e-07
13.5716449561 1.6300131202e-06
13.6019388064 2.01426365733e-06
13.6322326568 1.41856944521e-06
13.6625265071 3.84269959263e-07
13.6928203575 1.29188398211e-06
13.7231142078 4.58618059906e-07
13.7534080582 1.26406186653e-06
13.7837019085 1.03180904393e-06
13.8139957589 2.0327559767e-06
13.8442896092 2.26568993282e-06
13.8745834596 1.12695723439e-06
13.9048773099 5.12122320147e-07
13.9351711603 1.35621378683e-06
13.9654650106 1.06567463256e-06
13.995758861 9.72149546529e-07
14.0260527113 2.05969127687e-06
14.0563465616 1.64132584638e-06
14.086640412 7.1530924784e-07
14.1169342623 1.05400863023e-06
14.1472281127 1.01176986279e-06
14.177521963 1.16539516822e-06
14.2078158134 1.61983979901e-07
14.2381096637 8.62449570668e-07
14.2684035141 5.82575045853e-07
14.2986973644 1.21829276939e-06
14.3289912148 3.0279680268e-07
14.3592850651 8.87644006097e-07
14.3895789155 6.95039790578e-07
14.4198727658 3.81847483769e-07
14.4501666162 1.02302835733e-06
14.4804604665 1.40952020902e-06
14.5107543169 4.87139210356e-07
14.5410481672 8.82757471561e-07
14.5713420176 1.57413119706e-06
14.6016358679 3.65203221223e-07
14.6319297183 1.00232288663e-06
14.6622235686 1.0168073795e-06
14.692517419 6.47407646402e-07
14.7228112693 8.81606231361e-07
14.7531051197 1.00611969364e-06
14.78339897 6.042695904e-07
14.8136928204 3.25434845402e-07
14.8439866707 9.40822091936e-08
14.8742805211 8.55105414739e-07
14.9045743714 2.93582704099e-07
14.9348682218 3.11868009204e-07
14.9651620721 4.04920826321e-07
14.9954559224 9.66217454603e-07
15.0257497728 3.46251995766e-07
15.0560436231 1.87095965597e-07
15.0863374735 5.19882896982e-07
15.1166313238 4.12624214636e-07
15.1469251742 7.7271490822e-07
15.1772190245 7.78829363698e-07
15.2075128749 1.82101903426e-07
15.2378067252 4.66000122103e-07
15.2681005756 3.39184868714e-07
15.2983944259 8.64194393341e-07
15.3286882763 3.34060811607e-07
15.3589821266 2.71615276417e-07
15.389275977 1.08813886379e-07
15.4195698273 3.68656249011e-07
15.4498636777 4.4199121332e-07
15.480157528 5.33024966656e-07
15.5104513784 3.36919208398e-07
15.5407452287 6.832475261e-08
15.5710390791 1.71119082283e-07
15.6013329294 9.11021918627e-07
15.6316267798 7.40073451257e-07
15.6619206301 2.56899941467e-07
15.6922144805 2.16367920295e-07
15.7225083308 1.1714418905e-07
15.7528021812 6.45576094965e-07
15.7830960315 1.09300878936e-06
15.8133898819 1.22785648685e-06
15.8436837322 8.09152788863e-07
15.8739775826 4.24937266513e-07
15.9042714329 4.90366153867e-07
15.9345652832 4.21714536173e-07
15.9648591336 1.40969213279e-07
15.9951529839 4.32145370474e-07
16.0254468343 2.36288102281e-07
16.0557406846 1.92939388065e-07
16.086034535 1.65833508203e-07
16.1163283853 2.81866559049e-07
16.1466222357 6.90185071287e-07
16.176916086 4.563146758e-07
16.2072099364 5.71212465822e-07
16.2375037867 2.98502161906e-07
16.2677976371 4.42874562068e-07
16.2980914874 2.92478677339e-07
16.3283853378 8.22868728232e-07
16.3586791881 1.05752388508e-06
16.3889730385 4.2176581497e-07
16.4192668888 5.7012892836e-07
16.4495607392 2.99179315113e-08
16.4798545895 3.66314145167e-07
16.5101484399 6.54641371012e-07
16.5404422902 6.25932459147e-07
16.5707361406 8.55259432268e-07
16.6010299909 6.59605957732e-07
16.6313238413 6.03805580075e-07
16.6616176916 7.48242703716e-07
16.691911542 1.1945633084e-06
16.7222053923 6.93203495544e-07
16.7524992427 7.07876968986e-07
16.782793093 1.38339194828e-06
16.8130869434 6.62439124328e-07
16.8433807937 2.54140789077e-07
16.873674644 4.12474371062e-07
16.9039684944 4.79021960078e-07
16.9342623447 6.96021494471e-07
16.9645561951 5.92962340387e-07
16.9948500454 1.73484766528e-07
17.0251438958 3.53960659686e-07
17.0554377461 9.99476821535e-07
17.0857315965 1.73941483121e-07
17.1160254468 1.56060084379e-07
17.1463192972 3.36940863922e-07
17.1766131475 3.24548396368e-07
17.2069069979 6.03354276983e-07
17.2372008482 4.69715351352e-07
17.2674946986 3.93775282535e-07
17.2977885489 5.63967237442e-07
17.3280823993 2.90096262063e-07
17.3583762496 3.05579543097e-08
17.3886701 2.88213746501e-07
17.4189639503 6.63993237914e-07
17.4492578007 3.5381354246e-07
17.479551651 5.17011578731e-07
17.5098455014 3.7386098779e-07
17.5401393517 3.02206167474e-07
17.5704332021 1.47360808835e-07
17.6007270524 2.63746971627e-07
17.6310209028 4.11532891554e-07
17.6613147531 5.87041850184e-07
17.6916086035 1.35642643867e-07
17.7219024538 1.94783762653e-07
17.7521963042 2.29205401801e-07
17.7824901545 3.82993585063e-07
17.8127840048 1.11264275015e-06
17.8430778552 7.25438823658e-07
17.8733717055 2.83572866133e-07
17.9036655559 2.66409686661e-07
17.9339594062 7.03983120559e-07
17.9642532566 4.59945240207e-07
17.9945471069 2.27436128443e-07
18.0248409573 3.46586027328e-07
18.0551348076 5.33611613855e-07
18.085428658 4.06266613337e-07
18.1157225083 4.81128419389e-07
18.1460163587 3.15460875128e-07
18.176310209 2.4370879608e-07
18.2066040594 3.28893074875e-07
18.2368979097 1.62313304324e-07
18.2671917601 2.99617247813e-07
18.2974856104 3.96805733548e-08
18.3277794608 2.91844822351e-07
18.3580733111 1.2307804697e-07
18.3883671615 2.94152990036e-07
18.4186610118 2.68031204933e-07
18.4489548622 6.00693331693e-08
18.4792487125 4.6976524742e-07
18.5095425629 1.92399721635e-07
18.5398364132 3.92237225932e-07
18.5701302636 4.10221937007e-07
18.6004241139 2.71114863682e-07
18.6307179643 1.769433284e-07
18.6610118146 3.20198096766e-07
18.691305665 2.79711967368e-07
18.7215995153 1.72185550509e-07
18.7518933656 3.52683960734e-07
18.782187216 6.93452063236e-08
18.8124810663 5.41946751515e-08
18.8427749167 1.05421057773e-07
18.873068767 1.36515658353e-07
18.9033626174 3.17819962914e-07
18.9336564677 2.19671352094e-07
18.9639503181 1.30625864292e-07
18.9942441684 2.29168010644e-07
19.0245380188 3.70177899142e-07
19.0548318691 4.18023424802e-07
19.0851257195 1.00147184657e-07
19.1154195698 4.98720267406e-07
19.1457134202 1.44541595759e-07
19.1760072705 2.25428445251e-07
19.2063011209 2.58654539773e-07
19.2365949712 2.81703932648e-07
19.2668888216 2.27534254289e-07
19.2971826719 2.41055788694e-07
19.3274765223 3.60222827034e-07
19.3577703726 1.65361283782e-07
19.388064223 2.67353325603e-07
19.4183580733 2.90667215175e-07
19.4486519237 2.38598229755e-07
19.478945774 1.78635095732e-07
19.5092396244 1.56715183412e-07
19.5395334747 3.74093370192e-07
19.5698273251 1.80803711342e-07
19.6001211754 1.02553102085e-07
19.6304150257 2.49603490688e-07
19.6607088761 3.02603670281e-07
19.6910027264 1.5103168741e-07
19.7212965768 6.18205704027e-08
19.7515904271 2.63644809288e-07
19.7818842775 8.4878984052e-08
19.8121781278 3.48690246553e-07
19.8424719782 1.28646487679e-07
19.8727658285 3.46120221148e-07
19.9030596789 4.08265528227e-08
19.9333535292 1.96875513144e-07
19.9636473796 3.17755583726e-07
19.9939412299 3.4925007763e-07
20.0242350803 8.61252496637e-08
20.0545289306 3.1597726318e-07
20.084822781 2.88686413041e-07
20.1151166313 7.83554715062e-08
20.1454104817 5.15509462547e-08
20.175704332 1.6331941226e-07
20.2059981824 2.21934734595e-07
20.2362920327 6.98896453106e-08
20.2665858831 3.68175589134e-07
20.2968797334 2.02975750836e-07
20.3271735838 1.69057772118e-07
20.3574674341 1.59269155359e-07
20.3877612845 3.18111706668e-08
20.4180551348 2.86130756782e-07
20.4483489852 7.21821586942e-08
20.4786428355 1.01377204641e-07
20.5089366859 2.22368352962e-07
20.5392305362 1.09209888867e-07
20.5695243865 1.23957971872e-07
20.5998182369 1.91507464334e-07
20.6301120872 1.4293142452e-07
20.6604059376 1.51907081468e-07
20.6906997879 2.15904168176e-07
20.7209936383 2.67466428607e-07
20.7512874886 1.25065273761e-07
20.781581339 1.9765834969e-07
20.8118751893 6.49345535754e-08
20.8421690397 1.16613494147e-07
20.87246289 3.24170482625e-07
20.9027567404 1.00507269683e-07
20.9330505907 8.76443189524e-08
20.9633444411 1.09453504543e-07
20.9936382914 2.58666189289e-07
21.0239321418 2.47295890628e-07
21.0542259921 2.80364937459e-07
21.0845198425 1.74048774942e-07
21.1148136928 1.33774234678e-07
21.1451075432 1.59304716049e-07
21.1754013935 2.10932151402e-07
21.2056952439 7.1086103908e-08
21.2359890942 1.75131048845e-07
21.2662829446 1.66468358537e-07
21.2965767949 1.55264420828e-07
21.3268706453 2.00202383424e-07
21.3571644956 1.67909281116e-07
21.387458346 1.156896472e-07
21.4177521963 2.55411353191e-07
21.4480460467 3.38843199296e-08
21.478339897 2.08299216137e-07
21.5086337473 1.28258565514e-07
21.5389275977 1.28227744769e-07
21.569221448 1.25910184283e-07
21.5995152984 1.1517299004e-07
21.6298091487 1.89037829626e-07
21.6601029991 2.25979592099e-07
21.6903968494 8.49177058706e-08
21.7206906998 1.46916013649e-07
21.7509845501 1.35530484334e-07
21.7812784005 2.30274608886e-07
21.8115722508 1.68568051593e-07
21.8418661012 9.22573837668e-08
21.8721599515 2.10716249118e-07
21.9024538019 1.7976763121e-07
21.9327476522 1.2250725554e-07
21.9630415026 2.05360813436e-07
21.9933353529 1.38691837014e-07
22.0236292033 2.45797896623e-07
22.0539230536 1.09450323212e-07
22.084216904 5.83511454025e-08
22.1145107543 1.41608025813e-07
22.1448046047 1.95330962415e-07
22.175098455 2.02595760377e-07
22.2053923054 1.24133296258e-07
22.2356861557 8.72134204216e-08
22.2659800061 1.57225364911e-07
22.2962738564 2.14394352881e-07
22.3265677068 1.14774333779e-07
22.3568615571 1.19278285252e-07
22.3871554075 2.07694574566e-07
22.4174492578 2.39363761618e-07
22.4477431081 2.10628703469e-07
22.4780369585 2.06989364692e-07
22.5083308088 2.05147122728e-07
22.5386246592 1.08127720437e-07
22.5689185095 1.05189886708e-07
22.5992123599 1.25219517968e-07
22.6295062102 1.39144179793e-07
22.6598000606 1.43829425486e-07
22.6900939109 1.26606453697e-07
22.7203877613 2.09604787652e-07
22.7506816116 2.06452192249e-07
22.780975462 1.5746862585e-07
22.8112693123 1.14639036259e-07
22.8415631627 1.48846737309e-07
22.871857013 1.68047062381e-07
22.9021508634 1.01811340855e-07
22.9324447137 1.24948628887e-07
22.9627385641 1.83409541412e-07
22.9930324144 1.29172283523e-07
23.0233262648 9.04496086959e-08
23.0536201151 1.16393211337e-07
23.0839139655 1.2647315573e-07
23.1142078158 1.52242117021e-07
23.1445016662 1.01992526059e-07
23.1747955165 1.18704423311e-07
23.2050893669 1.83503950436e-07
23.2353832172 1.12212619266e-07
23.2656770676 2.26653909237e-07
23.2959709179 1.90926737547e-07
23.3262647683 1.02799309444e-07
23.3565586186 1.63104514595e-07
23.3868524689 1.27554991063e-07
23.4171463193 1.87591299978e-07
23.4474401696 1.4346136981e-07
23.47773402 1.41899673623e-07
23.5080278703 1.8307106634e-07
23.5383217207 1.10086502662e-07
23.568615571 1.64428878618e-07
23.5989094214 1.09439803874e-07
23.6292032717 1.40447076785e-07
23.6594971221 1.46909718353e-07
23.6897909724 1.73752872073e-07
23.7200848228 1.69570869814e-07
23.7503786731 1.29775222202e-07
23.7806725235 1.39504078824e-07
23.8109663738 1.34752055111e-07
23.8412602242 1.21537164375e-07
23.8715540745 1.31595821987e-07
23.9018479249 1.39297314562e-07
23.9321417752 1.58575636652e-07
23.9624356256 1.15927211944e-07
23.9927294759 1.73769189948e-07
24.0230233263 1.25288719073e-07
24.0533171766 1.26794486233e-07
24.083611027 1.3581977755e-07
24.1139048773 1.39808179792e-07
24.1441987277 1.37918375823e-07
24.174492578 1.82238719507e-07
24.2047864284 1.34244011948e-07
24.2350802787 1.26470810188e-07
24.2653741291 1.06314745897e-07
24.2956679794 1.69546244736e-07
24.3259618297 1.34401046569e-07
24.3562556801 1.23380181814e-07
24.3865495304 1.66842252563e-07
24.4168433808 1.22827615151e-07
24.4471372311 1.32825434708e-07
24.4774310815 1.29882787964e-07
24.5077249318 1.43227854041e-07
24.5380187822 1.3408364581e-07
24.5683126325 1.63687307894e-07
24.5986064829 1.26435936658e-07
24.6289003332 1.04979811817e-07
24.6591941836 1.44102933963e-07
24.6894880339 1.11972134127e-07
24.7197818843 1.57288068878e-07
24.7500757346 1.5453896789e-07
24.780369585 1.07476751296e-07
24.8106634353 1.02684561812e-07
24.8409572857 1.71997864648e-07
24.871251136 1.65458439015e-07
24.9015449864 1.22236416644e-07
24.9318388367 1.07721782231e-07
24.9621326871 1.45826346867e-07
24.9924265374 1.507525631e-07
25.0227203878 1.25119660937e-07
25.0530142381 1.14089534834e-07
25.0833080885 1.34501507616e-07
25.1136019388 1.17967183453e-07
25.1438957892 1.25767984144e-07
25.1741896395 1.60658932532e-07
25.2044834899 1.17158471144e-07
25.2347773402 1.12689980467e-07
25.2650711905 1.55796539509e-07
25.2953650409 1.13088594909e-07
25.3256588912 1.43629976436e-07
25.3559527416 1.22746164498e-07
25.3862465919 1.25707855994e-07
25.4165404423 1.18400262571e-07
25.4468342926 1.29244794706e-07
25.477128143 1.33848790124e-07
25.5074219933 1.32661242491e-07
25.5377158437 1.1191336737e-07
25.568009694 1.29162329192e-07
25.5983035444 1.23427871199e-07
25.6285973947 1.2702762956e-07
25.6588912451 1.22359854221e-07
25.6891850954 1.28028974868e-07
25.7194789458 1.2970516657e-07
25.7497727961 1.27715108909e-07
25.7800666465 1.19239474619e-07
25.8103604968 1.33040929869e-07
25.8406543472 1.30642520463e-07
25.8709481975 1.16289267329e-07
25.9012420479 1.43479954327e-07
25.9315358982 1.34963989218e-07
25.9618297486 1.3097932225e-07
25.9921235989 1.21070108805e-07
26.0224174493 1.3227949201e-07
26.0527112996 1.15246742461e-07
26.08300515 1.21903718959e-07
26.1132990003 1.2119446133e-07
26.1435928507 1.29759177029e-07
26.173886701 1.12132497052e-07
26.2041805513 1.24923525376e-07
26.2344744017 1.22743644226e-07
26.264768252 1.31977599623e-07
26.2950621024 1.10492275687e-07
26.3253559527 1.19757981737e-07
26.3556498031 1.22153459997e-07
26.3859436534 1.43009740777e-07
26.4162375038 1.10423086562e-07
26.4465313541 1.17894153483e-07
26.4768252045 1.34055035777e-07
26.5071190548 1.19551574188e-07
26.5374129052 1.11173246508e-07
26.5677067555 1.25039313563e-07
26.5980006059 1.28679457049e-07
26.6282944562 1.13656236857e-07
26.6585883066 1.21610973119e-07
26.6888821569 1.15344590723e-07
26.7191760073 1.28956606451e-07
26.7494698576 1.2521934701e-07
26.779763708 1.21043078388e-07
26.8100575583 1.2976055929e-07
26.8403514087 1.17706545079e-07
26.870645259 1.10427112499e-07
26.9009391094 1.24389568528e-07
26.9312329597 1.27121039124e-07
26.9615268101 1.320529127e-07
26.9918206604 1.25865615975e-07
27.0221145108 1.26769930998e-07
27.0524083611 1.14276459941e-07
27.0827022115 1.28454316376e-07
27.1129960618 1.27162647424e-07
27.1432899121 1.25126208781e-07
27.1735837625 1.07608604201e-07
27.2038776128 1.33988538524e-07
27.2341714632 1.12552772208e-07
27.2644653135 1.15997716165e-07
27.2947591639 1.25360988384e-07
27.3250530142 1.27947796961e-07
27.3553468646 1.16067774693e-07
27.3856407149 1.12084506733e-07
27.4159345653 1.27865789214e-07
27.4462284156 1.15287537371e-07
27.476522266 1.13209838104e-07
27.5068161163 1.21633775116e-07
27.5371099667 1.21439457937e-07
27.567403817 1.21213869092e-07
27.5976976674 1.27789748513e-07
27.6279915177 1.16840118127e-07
27.6582853681 1.16363114591e-07
27.6885792184 1.18400056426e-07
27.7188730688 1.2627169821e-07
27.7491669191 1.17744643689e-07
27.7794607695 1.14680026541e-07
27.8097546198 1.16566953151e-07
27.8400484702 1.23549995869e-07
27.8703423205 1.27293351785e-07
27.9006361709 1.16977893986e-07
27.9309300212 1.19600584034e-07
27.9612238716 1.1198231952e-07
27.9915177219 1.24364148249e-07
28.0218115723 1.24711246988e-07
28.0521054226 1.19177324851e-07
28.0823992729 1.17581330076e-07
28.1126931233 1.14824648618e-07
28.1429869736 1.23579761652e-07
28.173280824 1.23362070448e-07
28.2035746743 1.19163135848e-07
28.2338685247 1.15759244161e-07
28.264162375 1.17543598475e-07
28.2944562254 1.2716541751e-07
28.3247500757 1.12750469163e-07
28.3550439261 1.17893072122e-07
28.3853377764 1.25606856667e-07
28.4156316268 1.12895321835e-07
28.4459254771 1.14542132755e-07
28.4762193275 1.17343566054e-07
28.5065131778 1.26167598307e-07
28.5368070282 1.1184490495e-07
28.5671008785 1.23453918464e-07
28.5973947289 1.18420432907e-07
28.6276885792 1.16177198007e-07
28.6579824296 1.16562532658e-07
28.6882762799 1.19012815942e-07
28.7185701303 1.10237154801e-07
28.7488639806 1.23493728125e-07
28.779157831 1.11561094507e-07
28.8094516813 1.15474633831e-07
28.8397455317 1.20902764596e-07
28.870039382 1.16961731916e-07
28.9003332324 1.1234274847e-07
28.9306270827 1.1654325097e-07
28.9609209331 1.18072115259e-07
28.9912147834 1.13361766252e-07
29.0215086337 1.16471456364e-07
29.0518024841 1.09484467566e-07
29.0820963344 1.2126174071e-07
29.1123901848 1.1537937081e-07
29.1426840351 1.15377719568e-07
29.1729778855 1.14958867097e-07
29.2032717358 1.13906617348e-07
29.2335655862 1.21324924756e-07
29.2638594365 1.13145056654e-07
29.2941532869 1.1482567825e-07
29.3244471372 1.14771967181e-07
29.3547409876 1.19770739562e-07
29.3850348379 1.15502886019e-07
29.4153286883 1.14645716965e-07
29.4456225386 1.14144985842e-07
29.475916389 1.11732527228e-07
29.5062102393 1.13628587394e-07
29.5365040897 1.13800843183e-07
29.56679794 1.19275372009e-07
29.5970917904 1.11412761872e-07
29.6273856407 1.1681035628e-07
29.6576794911 1.1495882016e-07
29.6879733414 1.18502816622e-07
29.7182671918 1.09544022209e-07
29.7485610421 1.16074764365e-07
29.7788548925 1.11776958743e-07
29.8091487428 1.11058489911e-07
29.8394425932 1.19038066541e-07
29.8697364435 1.10969343837e-07
29.9000302939 1.14147231023e-07
29.9303241442 1.11753872468e-07
29.9606179945 1.15277801961e-07
29.9909118449 1.16521480368e-07
30.0212056952 1.11813481156e-07
30.0514995456 1.13329211215e-07
30.0817933959 1.13900766448e-07
30.1120872463 1.15456591973e-07
30.1423810966 1.15047059987e-07
30.172674947 1.0994002952e-07
30.2029687973 1.11727080395e-07
30.2332626477 1.158522423e-07
30.263556498 1.0825651258e-07
30.2938503484 1.12020346952e-07
30.3241441987 1.16542310935e-07
30.3544380491 1.1322601072e-07
30.3847318994 1.09076653714e-07
30.4150257498 1.12617462955e-07
30.4453196001 1.12710768368e-07
30.4756134505 1.13841954586e-07
30.5059073008 1.12063084599e-07
30.5362011512 1.12618537939e-07
30.5664950015 1.12306839053e-07
30.5967888519 1.10894695857e-07
30.6270827022 1.11738380624e-07
30.6573765526 1.12866832692e-07
30.6876704029 1.14077542366e-07
30.7179642533 1.11033192227e-07
30.7482581036 1.12221649445e-07
30.778551954 1.12792667942e-07
30.8088458043 1.11392181893e-07
30.8391396547 1.12539037009e-07
30.869433505 1.10027626216e-07
30.8997273553 1.12847518305e-07
30.9300212057 1.10804364011e-07
30.960315056 1.12406631198e-07
30.9906089064 1.10118257602e-07
31.0209027567 1.09195690103e-07
31.0511966071 1.12133269524e-07
31.0814904574 1.11321521538e-07
31.1117843078 1.11291776375e-07
31.1420781581 1.12448383233e-07
31.1723720085 1.09242053435e-07
31.2026658588 1.12574922562e-07
31.2329597092 1.10006269949e-07
31.2632535595 1.1150135804e-07
31.2935474099 1.09349802529e-07
31.3238412602 1.09593076358e-07
31.3541351106 1.10609792838e-07
31.3844289609 1.10156968427e-07
31.4147228113 1.09343733029e-07
31.4450166616 1.10614025974e-07
31.475310512 1.11144163179e-07
31.5056043623 1.09099860336e-07
31.5358982127 1.10641291134e-07
31.566192063 1.09879942317e-07
31.5964859134 1.10840621501e-07
31.6267797637 1.08298435394e-07
31.6570736141 1.10870313973e-07
31.6873674644 1.08410782703e-07
31.7176613148 1.1027547173e-07
31.7479551651 1.09395618072e-07
31.7782490154 1.08358154579e-07
31.8085428658 1.08101404317e-07
31.8388367161 1.09508800941e-07
31.8691305665 1.11382137727e-07
31.8994244168 1.09664986226e-07
31.9297182672 1.10535945998e-07
31.9600121175 1.08336195801e-07
31.9903059679 1.09067562149e-07
32.0205998182 1.08997361346e-07
32.0508936686 1.10403243028e-07
32.0811875189 1.08193801591e-07
32.1114813693 1.0787991496e-07
32.1417752196 1.08311584736e-07
32.17206907 1.09147879549e-07
32.2023629203 1.06933493102e-07
32.2326567707 1.1014078629e-07
32.262950621 1.09830136094e-07
32.2932444714 1.07905292389e-07
32.3235383217 1.07129463167e-07
32.3538321721 1.08319347962e-07
32.3841260224 1.09922800769e-07
32.4144198728 1.07959136175e-07
32.4447137231 1.07440254654e-07
32.4750075735 1.09516198498e-07
32.5053014238 1.06530319891e-07
32.5355952742 1.08614086611e-07
32.5658891245 1.07728086111e-07
32.5961829749 1.06863087879e-07
32.6264768252 1.09012056518e-07
32.6567706756 1.06882121294e-07
32.6870645259 1.07803570558e-07
32.7173583762 1.06281638013e-07
32.7476522266 1.08240905743e-07
32.7779460769 1.07899622656e-07
32.8082399273 1.06680160803e-07
32.8385337776 1.08153577445e-07
32.868827628 1.08212348234e-07
32.8991214783 1.06318600879e-07
32.9294153287 1.08247811099e-07
32.959709179 1.07086446956e-07
32.9900030294 1.04595374858e-07
33.0202968797 1.07042147906e-07
33.0505907301 1.08589384314e-07
33.0808845804 1.05878432678e-07
33.1111784308 1.05366938783e-07
33.1414722811 1.06054224785e-07
33.1717661315 1.0846171178e-07
33.2020599818 1.0727181184e-07
33.2323538322 1.05902172142e-07
33.2626476825 1.04972062817e-07
33.2929415329 1.06856964016e-07
33.3232353832 1.06212152923e-07
33.3535292336 1.0658870223e-07
33.3838230839 1.06335360893e-07
33.4141169343 1.05170777649e-07
33.4444107846 1.0668407921e-07
33.474704635 1.05295528196e-07
33.5049984853 1.06529483992e-07
33.5352923357 1.06701021302e-07
33.565586186 1.06635042454e-07
33.5958800364 1.04955411675e-07
33.6261738867 1.06030786664e-07
33.656467737 1.06064818959e-07
33.6867615874 1.05350101838e-07
33.7170554377 1.05516431696e-07
33.7473492881 1.05607854364e-07
33.7776431384 1.0644852113e-07
33.8079369888 1.05494165641e-07
33.8382308391 1.05245186263e-07
33.8685246895 1.04326359169e-07
33.8988185398 1.05067390055e-07
33.9291123902 1.05296535157e-07
33.9594062405 1.0555769982e-07
33.9897000909 1.048685742e-07
34.0199939412 1.05478733658e-07
34.0502877916 1.05349334851e-07
34.0805816419 1.0447139193e-07
34.1108754923 1.05776365621e-07
34.1411693426 1.04620752945e-07
34.171463193 1.04482099988e-07
34.2017570433 1.04202738628e-07
34.2320508937 1.04289403536e-07
34.262344744 1.04991241066e-07
34.2926385944 1.04928275563e-07
34.3229324447 1.0438285138e-07
34.3532262951 1.04854616218e-07
34.3835201454 1.04894624768e-07
34.4138139958 1.04926541532e-07
34.4441078461 1.03813430984e-07
34.4744016965 1.04528947186e-07
34.5046955468 1.04050244935e-07
34.5349893972 1.03095573117e-07
34.5652832475 1.05301715343e-07
34.5955770978 1.03165383097e-07
34.6258709482 1.03845514425e-07
34.6561647985 1.03798784276e-07
34.6864586489 1.04265155281e-07
34.7167524992 1.03225220688e-07
34.7470463496 1.03313186168e-07
34.7773401999 1.03991364779e-07
34.8076340503 1.03189431442e-07
34.8379279006 1.03864783778e-07
34.868221751 1.03825441114e-07
34.8985156013 1.03251946938e-07
34.9288094517 1.0343543842e-07
34.959103302 1.03878979777e-07
34.9893971524 1.03645081047e-07
35.0196910027 1.03336675074e-07
35.0499848531 1.03430242208e-07
35.0802787034 1.03403475269e-07
35.1105725538 1.02898037337e-07
35.1408664041 1.03305435762e-07
35.1711602545 1.02939896512e-07
35.2014541048 1.02822031759e-07
35.2317479552 1.0346450217e-07
35.2620418055 1.02679952545e-07
35.2923356559 1.02887043684e-07
35.3226295062 1.03003129676e-07
35.3529233566 1.02418643418e-07
35.3832172069 1.02890803147e-07
35.4135110573 1.03165195853e-07
35.4438049076 1.02558618332e-07
35.474098758 1.02702636553e-07
35.5043926083 1.02820564072e-07
35.5346864586 1.02545924184e-07
35.564980309 1.02502988467e-07
35.5952741593 1.02590222529e-07
35.6255680097 1.02582903209e-07
35.65586186 1.02523008369e-07
35.6861557104 1.02429329028e-07
35.7164495607 1.02458827502e-07
35.7467434111 1.02030180068e-07
35.7770372614 1.02285843954e-07
35.8073311118 1.02468223496e-07
35.8376249621 1.02124919805e-07
35.8679188125 1.01999866381e-07
35.8982126628 1.02023761714e-07
35.9285065132 1.02142228796e-07
35.9588003635 1.02107855835e-07
35.9890942139 1.02086026879e-07
36.0193880642 1.01590597067e-07
36.0496819146 1.01713148071e-07
36.0799757649 1.01922486339e-07
36.1102696153 1.01743020223e-07
36.1405634656 1.01729534745e-07
36.170857316 1.02019320166e-07
36.2011511663 1.01514332452e-07
36.2314450167 1.01465073631e-07
36.261738867 1.01555842406e-07
36.2920327174 1.01264635204e-07
36.3223265677 1.01433902991e-07
36.3526204181 1.01333601079e-07
36.3829142684 1.01136573373e-07
36.4132081188 1.01295493458e-07
36.4435019691 1.01297408039e-07
36.4737958194 1.01274982702e-07
36.5040896698 1.01110085754e-07
36.5343835201 1.01257955279e-07
36.5646773705 1.01077931489e-07
36.5949712208 1.00795893649e-07
36.6252650712 1.0099201413e-07
36.6555589215 1.01130063838e-07
36.6858527719 1.00844404038e-07
36.7161466222 1.00622900112e-07
36.7464404726 1.00909618336e-07
36.7767343229 1.00697810039e-07
36.8070281733 1.00671958892e-07
36.8373220236 1.00653649518e-07
36.867615874 1.00504419939e-07
36.8979097243 1.00792151823e-07
36.9282035747 1.00629402478e-07
36.958497425 1.00410947733e-07
36.9887912754 1.00415536146e-07
37.0190851257 1.00451494625e-07
37.0493789761 1.00474885497e-07
37.0796728264 1.00358807917e-07
37.1099666768 1.00288099471e-07
37.1402605271 1.00308830559e-07
37.1705543775 1.00179082233e-07
37.2008482278 1.00131171335e-07
37.2311420782 1.00105005617e-07
37.2614359285 1.00102587812e-07
37.2917297789 1.00075176718e-07
37.3220236292 1.00157858091e-07
37.3523174796 9.99990057506e-08
37.3826113299 9.98987014885e-08
37.4129051802 9.9987552521e-08
37.4431990306 9.99860680963e-08
37.4734928809 9.97612485616e-08
37.5037867313 9.99487259495e-08
37.5340805816 9.98807133589e-08
37.564374432 9.98018297338e-08
37.5946682823 9.95284168854e-08
37.6249621327 9.96783784663e-08
37.655255983 9.96441818453e-08
37.6855498334 9.95511199962e-08
37.7158436837 9.95336391849e-08
37.7461375341 9.94125592836e-08
37.7764313844 9.96329311656e-08
37.8067252348 9.94730152762e-08
37.8370190851 9.93441483671e-08
37.8673129355 9.93756073898e-08
37.8976067858 9.93216626622e-08
37.9279006362 9.9329171375e-08
37.9581944865 9.90713187843e-08
37.9884883369 9.92275773012e-08
38.0187821872 9.90803998426e-08
38.0490760376 9.91575727407e-08
38.0793698879 9.9037942366e-08
38.1096637383 9.8988824116e-08
38.1399575886 9.89485819136e-08
38.170251439 9.90086981098e-08
38.2005452893 9.90170977959e-08
38.2308391397 9.89520444216e-08
38.26113299 9.88853980571e-08
38.2914268404 9.87566738629e-08
38.3217206907 9.88546502466e-08
38.352014541 9.87421099878e-08
38.3823083914 9.87169010846e-08
38.4126022417 9.8717510164e-08
38.4428960921 9.85614114744e-08
38.4731899424 9.86119929957e-08
38.5034837928 9.86308741089e-08
38.5337776431 9.85460165266e-08
38.5640714935 9.84262422944e-08
38.5943653438 9.84764595465e-08
38.6246591942 9.84985535016e-08
38.6549530445 9.84920971796e-08
38.6852468949 9.82572493717e-08
38.7155407452 9.84380709384e-08
38.7458345956 9.83600161601e-08
38.7761284459 9.82276509462e-08
38.8064222963 9.82050212285e-08
38.8367161466 9.82886210657e-08
38.867009997 9.81617627209e-08
38.8973038473 9.81707986619e-08
38.9275976977 9.81295318237e-08
38.957891548 9.80467533226e-08
38.9881853984 9.80187348919e-08
39.0184792487 9.80327018656e-08
39.0487730991 9.8022087567e-08
39.0790669494 9.78961060752e-08
39.1093607998 9.79317671557e-08
39.1396546501 9.78442428203e-08
39.1699485005 9.78201281571e-08
39.2002423508 9.78420016294e-08
39.2305362012 9.77554476977e-08
39.2608300515 9.77441720659e-08
39.2911239018 9.77061044139e-08
39.3214177522 9.76545186775e-08
39.3517116025 9.76123167038e-08
39.3820054529 9.76555884718e-08
39.4122993032 9.76125814259e-08
39.4425931536 9.74642785223e-08
39.4728870039 9.75313331082e-08
39.5031808543 9.74856390249e-08
39.5334747046 9.74474575409e-08
39.563768555 9.74133665545e-08
39.5940624053 9.73609455015e-08
39.6243562557 9.73886377563e-08
39.654650106 9.73661690267e-08
39.6849439564 9.73108659361e-08
39.7152378067 9.72654535451e-08
39.7455316571 9.72632130284e-08
39.7758255074 9.72803387292e-08
39.8061193578 9.71326688779e-08
39.8364132081 9.71784886365e-08
39.8667070585 9.71441754563e-08
39.8970009088 9.70932841436e-08
39.9272947592 9.70794954023e-08
39.9575886095 9.70460586648e-08
39.9878824599 9.69960789335e-08
40.0181763102 9.69764226219e-08
40.0484701606 9.69089776975e-08
40.0787640109 9.69350445846e-08
40.1090578613 9.68921290512e-08
40.1393517116 9.69052647276e-08
40.169645562 9.68380766445e-08
40.1999394123 9.68115016333e-08
40.2302332626 9.67688494093e-08
40.260527113 9.67707747728e-08
40.2908209633 9.67099208101e-08
40.3211148137 9.66881228284e-08
40.351408664 9.66650807905e-08
40.3817025144 9.66173037005e-08
40.4119963647 9.66082023777e-08
40.4422902151 9.65765821612e-08
40.4725840654 9.65139085812e-08
40.5028779158 9.65051280416e-08
40.5331717661 9.64888373697e-08
40.5634656165 9.64419609905e-08
40.5937594668 9.64305798593e-08
40.6240533172 9.64119342484e-08
40.6543471675 9.63866245261e-08
40.6846410179 9.63537826764e-08
40.7149348682 9.63477535676e-08
40.7452287186 9.62989620829e-08
40.7755225689 9.62725898013e-08
40.8058164193 9.62362555142e-08
40.8361102696 9.62029054791e-08
40.86640412 9.61875482452e-08
40.8966979703 9.61732525924e-08
40.9269918207 9.61386572125e-08
40.957285671 9.61226723236e-08
40.9875795214 9.60794460037e-08
41.0178733717 9.60514429617e-08
41.0481672221 9.60345325464e-08
41.0784610724 9.60156106802e-08
41.1087549228 9.59878757844e-08
41.1390487731 9.59554647408e-08
41.1693426234 9.59359984228e-08
41.1996364738 9.58962217807e-08
41.2299303241 9.58834309596e-08
41.2602241745 9.58495480382e-08
41.2905180248 9.58310861198e-08
41.3208118752 9.58040847647e-08
41.3511057255 9.57806504617e-08
41.3813995759 9.57682073496e-08
41.4116934262 9.57241294063e-08
41.4419872766 9.57067390352e-08
41.4722811269 9.56707815707e-08
41.5025749773 9.56462213887e-08
41.5328688276 9.56331903776e-08
41.563162678 9.56051138353e-08
41.5934565283 9.55721681762e-08
41.6237503787 9.55540798583e-08
41.654044229 9.55254830394e-08
41.6843380794 9.55046969181e-08
41.7146319297 9.54931066679e-08
41.7449257801 9.54711076543e-08
41.7752196304 9.54359222597e-08
41.8055134808 9.54163884359e-08
41.8358073311 9.53854986141e-08
41.8661011815 9.53664398141e-08
41.8963950318 9.53373738298e-08
41.9266888822 9.53188459919e-08
41.9569827325 9.52929646887e-08
41.9872765829 9.5278905783e-08
42.0175704332 9.52523242001e-08
42.0478642836 9.52287945883e-08
42.0781581339 9.52093360371e-08
42.1084519842 9.51808008206e-08
42.1387458346 9.51598827602e-08
42.1690396849 9.51380662709e-08
42.1993335353 9.51196384538e-08
42.2296273856 9.50922077972e-08
42.259921236 9.50678527355e-08
42.2902150863 9.50479585947e-08
42.3205089367 9.50298392424e-08
42.350802787 9.50016378975e-08
42.3810966374 9.49830664539e-08
42.4113904877 9.49598533981e-08
42.4416843381 9.49389879763e-08
42.4719781884 9.49143892979e-08
42.5022720388 9.48974590455e-08
42.5325658891 9.48746553545e-08
42.5628597395 9.48518291249e-08
42.5931535898 9.48358386596e-08
42.6234474402 9.48116168313e-08
42.6537412905 9.47917175584e-08
42.6840351409 9.47689230654e-08
42.7143289912 9.47486486881e-08
42.7446228416 9.47278498821e-08
42.7749166919 9.47056994003e-08
42.8052105423 9.46835482963e-08
42.8355043926 9.46673459614e-08
42.865798243 9.46461045925e-08
42.8960920933 9.46233688546e-08
42.9263859437 9.46050043123e-08
42.956679794 9.45869507177e-08
42.9869736444 9.45644990869e-08
43.0172674947 9.45452853786e-08
43.047561345 9.45254497527e-08
43.0778551954 9.45047431078e-08
43.1081490457 9.44858293625e-08
43.1384428961 9.44671392304e-08
43.1687367464 9.44461559527e-08
43.1990305968 9.44297526224e-08
43.2293244471 9.44097560671e-08
43.2596182975 9.43878622642e-08
43.2899121478 9.43713938343e-08
43.3202059982 9.43511543866e-08
43.3504998485 9.43342210442e-08
43.3807936989 9.43141979822e-08
43.4110875492 9.42954395531e-08
43.4413813996 9.42771450332e-08
43.4716752499 9.42578315415e-08
43.5019691003 9.4239153799e-08
43.5322629506 9.42217603891e-08
43.562556801 9.42028078956e-08
43.5928506513 9.41848252255e-08
43.6231445017 9.41678608948e-08
43.653438352 9.41495448273e-08
43.6837322024 9.41305494835e-08
43.7140260527 9.41132871493e-08
43.7443199031 9.40951142127e-08
43.7746137534 9.40783273322e-08
43.8049076038 9.40613328816e-08
43.8352014541 9.4043745817e-08
43.8654953045 9.40261960395e-08
43.8957891548 9.40083378462e-08
43.9260830051 9.39912629236e-08
43.9563768555 9.39751668088e-08
43.9866707058 9.39578413183e-08
44.0169645562 9.39403362469e-08
44.0472584065 9.39243577434e-08
44.0775522569 9.39074611397e-08
44.1078461072 9.38908750759e-08
44.1381399576 9.38745709792e-08
44.1684338079 9.38575802496e-08
44.1987276583 9.38416224637e-08
44.2290215086 9.38251402129e-08
44.259315359 9.38091460957e-08
44.2896092093 9.37930326383e-08
44.3199030597 9.37769818868e-08
44.35019691 9.37617195633e-08
44.3804907604 9.37458728007e-08
44.4107846107 9.37298089812e-08
44.4410784611 9.37141541645e-08
44.4713723114 9.36985902605e-08
44.5016661618 9.36834830277e-08
44.5319600121 9.36678390243e-08
44.5622538625 9.36530122152e-08
44.5925477128 9.36377715247e-08
44.6228415632 9.36224912801e-08
44.6531354135 9.36076745666e-08
44.6834292639 9.3592546495e-08
44.7137231142 9.35781426539e-08
44.7440169646 9.35630699308e-08
44.7743108149 9.35485141367e-08
44.8046046653 9.35339170863e-08
44.8348985156 9.35194097855e-08
44.8651923659 9.35052673924e-08
44.8954862163 9.34908200554e-08
44.9257800666 9.34767665759e-08
44.956073917 9.34625321391e-08
44.9863677673 9.34485236068e-08
45.0166616177 9.34347207409e-08
45.046955468 9.34206301197e-08
45.0772493184 9.34069765379e-08
45.1075431687 9.33934688967e-08
45.1378370191 9.33797809367e-08
45.1681308694 9.33663086252e-08
45.1984247198 9.33530225586e-08
45.2287185701 9.33395398426e-08
45.2590124205 9.33264205412e-08
45.2893062708 9.33132764445e-08
45.3196001212 9.33003262428e-08
45.3498939715 9.32871997835e-08
45.3801878219 9.32743539188e-08
45.4104816722 9.32616214001e-08
45.4407755226 9.32489217639e-08
45.4710693729 9.3236316176e-08
45.5013632233 9.322369859e-08
45.5316570736 9.3211350829e-08
45.561950924 9.31990106122e-08
45.5922447743 9.31867220416e-08
45.6225386247 9.31745747749e-08
45.652832475 9.31624318894e-08
45.6831263254 9.31504513873e-08
45.7134201757 9.3138520941e-08
45.7437140261 9.31267492072e-08
45.7740078764 9.31149286139e-08
45.8043017267 9.31032600124e-08
45.8345955771 9.3091736887e-08
45.8648894274 9.30801885588e-08
45.8951832778 9.30688365797e-08
45.9254771281 9.30574878975e-08
45.9557709785 9.30462646153e-08
45.9860648288 9.30351251185e-08
46.0163586792 9.30240500361e-08
46.0466525295 9.30131166276e-08
46.0769463799 9.30021873192e-08
46.1072402302 9.29913952351e-08
46.1375340806 9.29806848704e-08
46.1678279309 9.29700544918e-08
46.1981217813 9.29595427879e-08
46.2284156316 9.29490540742e-08
46.258709482 9.29386901843e-08
46.2890033323 9.29283932411e-08
46.3192971827 9.29182099982e-08
46.349591033 9.29080858802e-08
46.3798848834 9.2898062417e-08
46.4101787337 9.2888100094e-08
46.4404725841 9.28782395778e-08
46.4707664344 9.28684859626e-08
46.5010602848 9.28587937775e-08
46.5313541351 9.28491801058e-08
46.5616479855 9.28396592848e-08
46.5919418358 9.283022705e-08
46.6222356862 9.28208705192e-08
46.6525295365 9.28116103032e-08
46.6828233869 9.28024377454e-08
46.7131172372 9.27933434293e-08
46.7434110875 9.27843330136e-08
46.7737049379 9.27754071837e-08
46.8039987882 9.27665661116e-08
46.8342926386 9.27578121025e-08
46.8645864889 9.27491381955e-08
46.8948803393 9.27405574871e-08
46.9251741896 9.27320518438e-08
46.95546804 9.27236384129e-08
46.9857618903 9.27153059674e-08
47.0160557407 9.27070593519e-08
47.046349591 9.2698894758e-08
47.0766434414 9.26908168223e-08
47.1069372917 9.26828236328e-08
47.1372311421 9.26749133009e-08
47.1675249924 9.26670896215e-08
47.1978188428 9.26593474846e-08
47.2281126931 9.2651690251e-08
47.2584065435 9.2644118155e-08
47.2887003938 9.2636629849e-08
47.3189942442 9.26292264974e-08
47.3492880945 9.26219060809e-08
47.3795819449 9.26146699884e-08
47.4098757952 9.26075188737e-08
47.4401696456 9.26004506045e-08
47.4704634959 9.2593466942e-08
47.5007573463 9.25865672443e-08
47.5310511966 9.25797516764e-08
47.561345047 9.25730199239e-08
47.5916388973 9.25663720666e-08
47.6219327477 9.25598074302e-08
47.652226598 9.25533277371e-08
47.6825204483 9.25469312026e-08
47.7128142987 9.25406186261e-08
47.743108149 9.25343895851e-08
47.7734019994 9.25282445731e-08
47.8036958497 9.25221830321e-08
47.8339897001 9.25162050012e-08
47.8642835504 9.25103110519e-08
47.8945774008 9.25045005431e-08
47.9248712511 9.24987735777e-08
47.9551651015 9.24931301828e-08
47.9854589518 9.24875703299e-08
48.0157528022 9.24820940188e-08
48.0460466525 9.24767011906e-08
48.0763405029 9.24713918559e-08
48.1066343532 9.24661659471e-08
48.1369282036 9.24610234705e-08
48.1672220539 9.24559643587e-08
48.1975159043 9.2450988652e-08
48.2278097546 9.24460962818e-08
48.258103605 9.24412872857e-08
48.2883974553 9.24365615562e-08
48.3186913057 9.24319191286e-08
48.348985156 9.24273599973e-08
48.3792790064 9.24228841135e-08
48.4095728567 9.24184914422e-08
48.4398667071 9.24141819994e-08
48.4701605574 9.24099557438e-08
48.5004544078 9.24058126594e-08
48.5307482581 9.24017527325e-08
48.5610421085 9.23977759477e-08
48.5913359588 9.23938822763e-08
48.6216298091 9.23900717145e-08
48.6519236595 9.23863442423e-08
48.6822175098 9.23826998362e-08
48.7125113602 9.23791384868e-08
48.7428052105 9.2375660177e-08
48.7730990609 9.23722648898e-08
48.8033929112 9.23689526094e-08
48.8336867616 9.23657233258e-08
48.8639806119 9.23625770203e-08
48.8942744623 9.23595136812e-08
48.9245683126 9.23565332951e-08
48.954862163 9.23536358472e-08
48.9851560133 9.23508213268e-08
49.0154498637 9.23480897207e-08
49.045743714 9.23454410161e-08
49.0760375644 9.23428752022e-08
49.1063314147 9.23403922678e-08
49.1366252651 9.23379922014e-08
49.1669191154 9.23356749929e-08
49.1972129658 9.23334406318e-08
49.2275068161 9.23312891085e-08
49.2578006665 9.23292204134e-08
49.2880945168 9.23272345373e-08
49.3183883672 9.23253314719e-08
49.3486822175 9.23235112083e-08
49.3789760679 9.23217737387e-08
49.4092699182 9.23201190556e-08
49.4395637686 9.23185471514e-08
49.4698576189 9.23170580196e-08
49.5001514693 9.23156516534e-08
49.5304453196 9.23143280465e-08
49.5607391699 9.23130871933e-08
49.5910330203 9.23119290882e-08
49.6213268706 9.23108537263e-08
49.651620721 9.23098611027e-08
49.6819145713 9.2308951213e-08
49.7122084217 9.23081240533e-08
49.742502272 9.23073796201e-08
49.7727961224 9.23067179096e-08
49.8030899727 9.23061389195e-08
49.8333838231 9.23056426471e-08
49.8636776734 9.23052290899e-08
49.8939715238 9.23048982463e-08
49.9242653741 9.2304650115e-08
49.9545592245 9.23044846947e-08
49.9848530748 9.23044019847e-08
