0.0 0.000148411236166
0.0302938503484 0.000243423303431
0.0605877006968 0.000275730702565
0.0908815510451 0.000282993294173
0.121175401394 0.000293754360048
0.151469251742 0.000356054323896
0.18176310209 0.00030894979904
0.212056952439 0.000393979993696
0.242350802787 0.000230395534686
0.272644653135 0.000236049545403
0.302938503484 0.000144187351685
0.333232353832 0.000312070675391
0.363526204181 0.000159966396295
0.393820054529 0.000220740874749
0.424113904877 0.000269360531765
0.454407755226 0.000219936020264
0.484701605574 0.000213988824331
0.514995455922 0.000125757236537
0.545289306271 0.000283674886556
0.575583156619 7.15587597601e-05
0.605877006968 0.000152473280043
0.636170857316 0.000150395323826
0.666464707664 0.000182095651694
0.696758558013 8.40171724779e-05
0.727052408361 9.80288438321e-05
0.757346258709 0.000181397916164
0.787640109058 0.000101224976164
0.817933959406 0.000134281540043
0.848227809755 0.000167565745184
0.878521660103 0.000188499821643
0.908815510451 8.2864463886e-05
0.9391093608 9.44289445365e-05
0.969403211148 6.97532455437e-05
0.999697061497 2.23484385634e-05
1.02999091184 6.86656976733e-05
1.06028476219 5.41639768709e-05
1.09057861254 0.000116311998398
1.12087246289 5.00888512168e-05
1.15116631324 6.66905727124e-05
1.18146016359 2.21871928239e-05
1.21175401394 7.16759291364e-05
1.24204786428 1.95280702067e-05
1.27234171463 1.26826447843e-05
1.30263556498 3.82908561268e-05
1.33292941533 2.28288448405e-05
1.36322326568 3.3559086012e-05
1.39351711603 2.71155194481e-05
1.42381096637 6.43945598222e-05
1.45410481672 8.14757166738e-05
1.48439866707 1.79699937246e-05
1.51469251742 3.18615020246e-05
1.54498636777 4.60147244185e-05
1.57528021812 2.31859147621e-05
1.60557406846 1.23807546213e-05
1.63586791881 2.26325689295e-05
1.66616176916 7.31659064002e-06
1.69645561951 4.02273265175e-05
1.72674946986 1.53354102658e-05
1.75704332021 3.47188365216e-05
1.78733717055 1.65233349564e-05
1.8176310209 1.58026350551e-05
1.84792487125 2.24908429007e-05
1.8782187216 3.28917414815e-05
1.90851257195 3.43916930581e-05
1.9388064223 4.75910920563e-05
1.96910027264 5.94274845895e-05
1.99939412299 6.93960566439e-05
2.02968797334 5.59977591965e-05
2.05998182369 2.22805543186e-05
2.09027567404 6.11916988454e-06
2.12056952439 5.97002856714e-05
2.15086337473 3.5068039629e-05
2.18115722508 3.47652898191e-05
2.21145107543 4.23623626089e-05
2.24174492578 3.26196156711e-05
2.27203877613 2.57503854062e-05
2.30233262648 1.82517864829e-05
2.33262647683 2.23175512759e-05
2.36292032717 1.90959425644e-05
2.39321417752 2.26858542184e-05
2.42350802787 3.63661275569e-05
2.45380187822 2.4161308931e-05
2.48409572857 1.7553226104e-05
2.51438957892 1.92588099773e-05
2.54468342926 1.40366906845e-05
2.57497727961 1.70189327508e-05
2.60527112996 4.29172450313e-05
2.63556498031 3.15209345293e-05
2.66585883066 2.02467868955e-05
2.69615268101 2.47166199581e-05
2.72644653135 3.12032636487e-06
2.7567403817 6.62557505031e-06
2.78703423205 2.7499564129e-05
2.8173280824 2.18786820927e-05
2.84762193275 2.05716136212e-05
2.8779157831 3.06419329745e-05
2.90820963344 3.54114109551e-05
2.93850348379 1.53913970048e-05
2.96879733414 2.47117840514e-05
2.99909118449 1.49902429086e-05
3.02938503484 2.38977268296e-05
3.05967888519 2.5264132219e-05
3.08997273553 2.11250791734e-05
3.12026658588 9.37398172513e-06
3.15056043623 7.45856006606e-06
3.18085428658 4.21221742115e-06
3.21114813693 7.13341692636e-06
3.24144198728 1.58858658481e-05
3.27173583762 5.21692669897e-06
3.30202968797 7.82564203264e-06
3.33232353832 8.19171737398e-06
3.36261738867 1.9955709682e-05
3.39291123902 1.47667622054e-05
3.42320508937 1.25701073868e-05
3.45349893972 1.46873537956e-05
3.48379279006 2.42703706848e-05
3.51408664041 4.70198075054e-06
3.54438049076 1.64481541274e-05
3.57467434111 1.27562916886e-05
3.60496819146 7.21203522656e-06
3.63526204181 1.1494484993e-05
3.66555589215 1.07186061762e-05
3.6958497425 2.66673231564e-05
3.72614359285 2.16428469885e-05
3.7564374432 1.20903825065e-05
3.78673129355 9.77050451899e-06
3.8170251439 1.62335484808e-05
3.84731899424 7.69927296958e-06
3.87761284459 9.12109324944e-06
3.90790669494 6.52851301491e-06
3.93820054529 9.06233399545e-06
3.96849439564 1.44449810726e-05
3.99878824599 2.28332276444e-05
4.02908209633 2.66136500136e-05
4.05937594668 2.6558547686e-05
4.08966979703 2.17344704223e-05
4.11996364738 6.86022606903e-06
4.15025749773 1.28119311159e-05
4.18055134808 1.04927616321e-05
4.21084519842 1.52010401377e-06
4.24113904877 6.43915619573e-06
4.27143289912 1.67952330611e-05
4.30172674947 1.14350807351e-05
4.33202059982 9.23014547437e-06
4.36231445017 1.48062238578e-05
4.39260830051 1.39025700248e-05
4.42290215086 9.31152554789e-06
4.45319600121 6.55988542252e-06
4.48348985156 4.32266022537e-06
4.51378370191 3.47755036825e-06
4.54407755226 5.5990281483e-06
4.57437140261 5.72702028063e-06
4.60466525295 1.23440370982e-05
4.6349591033 1.10019140039e-05
4.66525295365 1.55256810258e-05
4.695546804 1.32034177295e-05
4.72584065435 1.1805558241e-05
4.7561345047 2.21337616552e-06
4.78642835504 8.61431932294e-07
4.81672220539 8.18081967824e-06
4.84701605574 2.60693438901e-06
4.87730990609 8.1314451696e-06
4.90760375644 5.45085191582e-06
4.93789760679 7.01752548145e-06
4.96819145713 9.01170674293e-06
4.99848530748 8.6178463403e-06
5.02877915783 2.96261268071e-06
5.05907300818 5.09172758595e-06
5.08936685853 5.86593175505e-06
5.11966070888 5.06230588092e-06
5.14995455922 6.23431637641e-06
5.18024840957 6.91078326622e-06
5.21054225992 9.68957002105e-06
5.24083611027 5.26670187092e-06
5.27112996062 4.66267528093e-07
5.30142381097 5.59044540944e-06
5.33171766131 8.34167921483e-07
5.36201151166 5.48826177014e-06
5.39230536201 6.08542396032e-06
5.42259921236 6.71607550148e-06
5.45289306271 4.96189543725e-06
5.48318691306 2.42757995129e-06
5.51348076341 4.03262664988e-06
5.54377461375 6.10706259086e-06
5.5740684641 2.0858381596e-06
5.60436231445 3.72705274141e-06
5.6346561648 9.29212425032e-06
5.66495001515 5.34088838404e-06
5.6952438655 6.47104315356e-06
5.72553771584 1.05914497031e-05
5.75583156619 6.29911761183e-06
5.78612541654 2.33606641914e-06
5.81641926689 1.23635691584e-06
5.84671311724 6.5927796648e-06
5.87700696759 4.42895577131e-06
5.90730081793 4.81673499231e-06
5.93759466828 5.29028736628e-06
5.96788851863 3.38085329578e-06
5.99818236898 2.44908848902e-06
6.02847621933 2.5117750436e-06
6.05877006968 2.75921757438e-06
6.08906392002 4.09028980348e-06
6.11935777037 2.96826167415e-06
6.14965162072 3.24487073732e-06
6.17994547107 1.97483920348e-06
6.21023932142 2.6161206553e-06
6.24053317177 1.26406032286e-06
6.27082702211 9.3660437342e-07
6.30112087246 5.02141091516e-06
6.33141472281 8.29828062087e-06
6.36170857316 5.03151256246e-06
6.39200242351 4.84371666215e-06
6.42229627386 1.77885559884e-06
6.4525901242 4.54397644503e-06
6.48288397455 5.96360205274e-06
6.5131778249 9.34564271811e-06
6.54347167525 8.0412802641e-06
6.5737655256 2.85460636117e-06
6.60405937595 7.16754493492e-06
6.6343532263 1.88220804446e-06
6.66464707664 3.833701854e-06
6.69494092699 4.60836521234e-06
6.72523477734 7.44746423764e-06
6.75552862769 8.3044971059e-06
6.78582247804 1.25878375638e-06
6.81611632839 4.42991274701e-06
6.84641017873 5.51919317514e-06
6.87670402908 1.88088519075e-06
6.90699787943 1.72474988075e-06
6.93729172978 1.55447945203e-06
6.96758558013 5.87867406913e-06
6.99787943048 1.64523457386e-06
7.02817328082 3.678469255e-06
7.05846713117 4.53572092308e-06
7.08876098152 3.42450409227e-06
7.11905483187 4.90077871392e-06
7.14934868222 2.13803843909e-06
7.17964253257 2.8161345773e-06
7.20993638291 3.52353758898e-06
7.24023023326 1.40288631763e-06
7.27052408361 3.3022448099e-06
7.30081793396 1.71402834348e-06
7.33111178431 1.8941389021e-06
7.36140563466 2.08785292483e-06
7.391699485 1.98696878472e-06
7.42199333535 3.91596761735e-06
7.4522871857 2.0021382927e-06
7.48258103605 1.5660156229e-06
7.5128748864 2.76436488375e-06
7.54316873675 4.51175480515e-06
7.57346258709 2.83765833538e-06
7.60375643744 5.52448153802e-07
7.63405028779 1.83157421297e-06
7.66434413814 2.76498380449e-06
7.69463798849 2.49510007586e-06
7.72493183884 2.05612726004e-06
7.75522568919 2.02824627357e-06
7.78551953953 1.48586497071e-06
7.81581338988 5.21042583147e-07
7.84610724023 1.52499318888e-06
7.87640109058 3.8176494893e-06
7.90669494093 2.5334762719e-06
7.93698879128 3.0632956409e-06
7.96728264162 3.32494611477e-06
7.99757649197 3.38145896032e-06
8.02787034232 5.60153141653e-06
8.05816419267 3.63178896023e-06
8.08845804302 2.96302895158e-06
8.11875189337 1.54572066853e-06
8.14904574371 1.4760376583e-06
8.17933959406 2.66444284032e-06
8.20963344441 1.27484559454e-06
8.23992729476 2.68237442408e-06
8.27022114511 8.70085458195e-07
8.30051499546 1.24774712091e-06
8.3308088458 1.61224629557e-06
8.36110269615 1.44134119554e-06
8.3913965465 1.31032420402e-06
8.42169039685 3.23558177421e-06
8.4519842472 9.97141308758e-07
8.48227809755 2.70870926576e-06
8.51257194789 2.51341837464e-06
8.54286579824 2.44836495304e-06
8.57315964859 5.10730644732e-07
8.60345349894 6.4763398923e-07
8.63374734929 1.3864578879e-06
8.66404119964 1.32978954831e-06
8.69433504998 1.49664891502e-06
8.72462890033 3.87964931661e-07
8.75492275068 1.24884443393e-06
8.78521660103 8.92262601984e-07
8.81551045138 2.37411688191e-06
8.84580430173 2.00473937396e-06
8.87609815208 1.55391167458e-06
8.90639200242 1.43173841453e-06
8.93668585277 1.5982396967e-06
8.96697970312 1.8287498236e-06
8.99727355347 1.61659001317e-06
9.02756740382 8.5138612279e-07
9.05786125417 1.53193978621e-06
9.08815510451 7.95906268096e-07
9.11844895486 8.13191160858e-07
9.14874280521 7.4565822597e-07
9.17903665556 1.16734004933e-06
9.20933050591 1.13767382904e-07
9.23962435626 1.76127405483e-06
9.2699182066 9.24703439757e-07
9.30021205695 1.06677541835e-06
9.3305059073 3.51451903193e-06
9.36079975765 1.74674116069e-06
9.391093608 1.4535067314e-06
9.42138745835 1.09730059189e-06
9.45168130869 2.36147660036e-06
9.48197515904 1.01560689952e-06
9.51226900939 1.95554258334e-06
9.54256285974 1.86096119835e-06
9.57285671009 5.64824952616e-07
9.60315056044 1.01160854074e-06
9.63344441078 1.44390163485e-06
9.66373826113 1.87748734694e-06
9.69403211148 3.33536805391e-06
9.72432596183 2.58535034343e-06
9.75461981218 4.78657186125e-07
9.78491366253 9.43180980996e-07
9.81520751287 1.4034942229e-07
9.84550136322 1.67282614278e-06
9.87579521357 1.79504086337e-06
9.90608906392 3.35326872321e-07
9.93638291427 7.91892057993e-07
9.96667676462 7.19624510934e-07
9.99697061497 6.02748179928e-07
10.0272644653 2.09185874978e-06
10.0575583157 2.30381856124e-06
10.087852166 1.65297846939e-06
10.1181460164 1.55011601726e-07
10.1484398667 7.34366697575e-07
10.1787337171 1.13950163506e-06
10.2090275674 1.98300511162e-06
10.2393214178 1.34722767295e-06
10.2696152681 8.11315853968e-07
10.2999091184 1.15909104006e-06
10.3302029688 1.68527546823e-06
10.3604968191 1.00050358314e-06
10.3907906695 9.46830298155e-07
10.4210845198 2.01569218714e-06
10.4513783702 2.25354989001e-06
10.4816722205 1.43773511817e-06
10.5119660709 7.04751759834e-07
10.5422599212 1.45310536708e-06
10.5725537716 4.30075346328e-07
10.6028476219 7.00166763487e-07
10.6331414723 1.64378306144e-06
10.6634353226 1.14083901086e-06
10.693729173 7.33564205024e-07
10.7240230233 4.01201381413e-07
10.7543168737 4.69712139059e-07
10.784610724 7.74050574456e-07
10.8149045744 1.28788783576e-06
10.8451984247 7.7039868486e-07
10.8754922751 9.14505260728e-07
10.9057861254 1.20318128437e-06
10.9360799758 1.43139593468e-06
10.9663738261 1.17013122108e-06
10.9966676765 9.57171575401e-07
11.0269615268 1.35033078742e-06
11.0572553772 5.40398477175e-07
11.0875492275 9.31662216692e-07
11.1178430779 6.77951670224e-07
11.1481369282 1.07544852403e-06
11.1784307786 8.29422708108e-07
11.2087246289 1.72435387611e-07
11.2390184792 1.0224046247e-06
11.2693123296 1.06516041374e-06
11.2996061799 8.14509079433e-07
11.3299000303 1.65639412288e-06
11.3601938806 1.69700301886e-06
11.390487731 7.10983245283e-07
11.4207815813 1.08713292687e-06
11.4510754317 1.14891960481e-06
11.481369282 2.58878265481e-07
11.5116631324 1.50827706272e-06
11.5419569827 1.63126929771e-06
11.5722508331 2.26136968078e-07
11.6025446834 1.41676074192e-06
11.6328385338 7.39913058645e-07
11.6631323841 2.90012675302e-07
11.6934262345 1.06982540105e-06
11.7237200848 1.78593126671e-06
11.7540139352 1.07609743907e-06
11.7843077855 1.34924155156e-07
11.8146016359 6.42196803648e-08
11.8448954862 1.19660299597e-06
11.8751893366 1.54148325498e-06
11.9054831869 1.58633530903e-06
11.9357770373 1.31057558884e-06
11.9660708876 1.99122652786e-06
11.996364738 2.02666687666e-06
12.0266585883 8.40975111078e-07
12.0569524387 4.84714403872e-07
12.087246289 7.14456508455e-07
12.1175401394 1.35314573237e-06
12.1478339897 6.9658864751e-07
12.17812784 5.65004173151e-07
12.2084216904 5.24275682017e-07
12.2387155407 6.18620060444e-07
12.2690093911 4.03238290454e-07
12.2993032414 8.05110260334e-07
12.3295970918 6.98081060831e-07
12.3598909421 6.69440457732e-07
12.3901847925 3.34880872846e-07
12.4204786428 3.24828505956e-07
12.4507724932 8.56561005552e-07
12.4810663435 6.94438959724e-07
12.5113601939 1.10739321031e-07
12.5416540442 4.49097567739e-07
12.5719478946 7.14377328446e-07
12.6022417449 1.00218470673e-06
12.6325355953 7.54971380621e-07
12.6628294456 6.19035044409e-07
12.693123296 5.99842457117e-07
12.7234171463 5.35156817326e-07
12.7537109967 1.89879622537e-07
12.784004847 9.17274231564e-07
12.8142986974 6.57854772882e-07
12.8445925477 3.90200034514e-07
12.8748863981 1.3277872807e-06
12.9051802484 1.16065114007e-06
12.9354740988 3.7400067527e-07
12.9657679491 7.57217910779e-07
12.9960617995 1.08891899371e-06
13.0263556498 5.84927767261e-07
13.0566495002 2.7499029798e-07
13.0869433505 1.21773497488e-06
13.1172372008 1.58271111872e-06
13.1475310512 1.41033211854e-06
13.1778249015 1.14803492962e-06
13.2081187519 8.012653806e-07
13.2384126022 9.39244303755e-07
13.2687064526 1.55208219861e-07
13.2990003029 7.25516963711e-07
13.3292941533 2.24147623323e-07
13.3595880036 7.94696223171e-07
13.389881854 1.11348413083e-06
13.4201757043 5.82835895033e-07
13.4504695547 4.11244259782e-07
13.480763405 4.14073853749e-07
13.5110572554 8.35065478371e-07
13.5413511057 3.78070869256e-07
13.5716449561 4.67105696006e-07
13.6019388064 1.33855508075e-06
13.6322326568 7.99963235606e-07
13.6625265071 2.11692143944e-07
13.6928203575 4.89454655214e-07
13.7231142078 6.32699485222e-07
13.7534080582 2.36693866912e-07
13.7837019085 5.56456797832e-07
13.8139957589 7.26979206984e-07
13.8442896092 6.83033689041e-07
13.8745834596 6.80126183787e-07
13.9048773099 6.76066376493e-07
13.9351711603 7.03519504207e-07
13.9654650106 6.80273075815e-07
13.995758861 8.78146706807e-07
14.0260527113 1.61594451822e-06
14.0563465616 1.12910380766e-06
14.086640412 4.91685302281e-07
14.1169342623 5.26297103617e-07
14.1472281127 2.20058251653e-07
14.177521963 1.81829212932e-07
14.2078158134 4.10769041172e-08
14.2381096637 4.54835409499e-07
14.2684035141 9.60589678642e-07
14.2986973644 5.10415337958e-07
14.3289912148 4.21358305013e-07
14.3592850651 3.17461147063e-07
14.3895789155 3.80610128012e-07
14.4198727658 4.8406651668e-07
14.4501666162 8.94103635699e-07
14.4804604665 1.45740034419e-06
14.5107543169 1.37532316466e-06
14.5410481672 5.76915818662e-07
14.5713420176 1.14960826322e-06
14.6016358679 1.23557593046e-06
14.6319297183 9.61126547831e-07
14.6622235686 4.56783655787e-07
14.692517419 3.93390242147e-07
14.7228112693 6.12100313942e-07
14.7531051197 1.1201792728e-06
14.78339897 1.38720678346e-06
14.8136928204 1.14300597906e-06
14.8439866707 1.02234279414e-06
14.8742805211 8.0725552429e-07
14.9045743714 6.18423830479e-07
14.9348682218 5.71131102839e-07
14.9651620721 8.37709854377e-07
14.9954559224 9.18339703562e-07
15.0257497728 2.760146361e-07
15.0560436231 4.60982621449e-07
15.0863374735 4.28782656998e-07
15.1166313238 3.63078178562e-07
15.1469251742 5.87582534047e-07
15.1772190245 1.72502135796e-07
15.2075128749 3.43996111762e-07
15.2378067252 7.65561559584e-07
15.2681005756 4.69121151251e-07
15.2983944259 6.92231702919e-07
15.3286882763 6.10404576959e-07
15.3589821266 8.31903499501e-07
15.389275977 1.28732254954e-06
15.4195698273 1.06126842229e-06
15.4498636777 8.62210465579e-07
15.480157528 8.86551141527e-07
15.5104513784 5.92649887434e-07
15.5407452287 6.33938252899e-07
15.5710390791 3.79343308112e-07
15.6013329294 8.21299979402e-07
15.6316267798 1.0564415119e-06
15.6619206301 1.34509356166e-06
15.6922144805 9.69775420225e-07
15.7225083308 4.87929503359e-07
15.7528021812 6.9841257896e-07
15.7830960315 7.66078995034e-07
15.8133898819 9.32686849087e-07
15.8436837322 1.99041247131e-07
15.8739775826 7.5102758166e-07
15.9042714329 5.85059925619e-07
15.9345652832 5.07226807149e-07
15.9648591336 7.67506776836e-07
15.9951529839 3.49124257939e-07
16.0254468343 9.39647744087e-07
16.0557406846 1.13467539537e-06
16.086034535 9.59022240918e-07
16.1163283853 1.17099658046e-06
16.1466222357 1.4224660148e-06
16.176916086 1.17431466141e-06
16.2072099364 1.15960140565e-06
16.2375037867 9.9218245496e-07
16.2677976371 2.6469158227e-07
16.2980914874 6.2213657119e-07
16.3283853378 2.82610348792e-07
16.3586791881 3.06218812211e-07
16.3889730385 1.96562594504e-07
16.4192668888 3.34852690224e-07
16.4495607392 6.40725184212e-07
16.4798545895 5.78802075899e-07
16.5101484399 1.5423916094e-07
16.5404422902 4.34018253978e-07
16.5707361406 3.40341282662e-07
16.6010299909 1.35106779232e-07
16.6313238413 5.23456870647e-07
16.6616176916 3.60352639459e-07
16.691911542 4.31331810804e-07
16.7222053923 2.01959909878e-07
16.7524992427 8.43995322306e-07
16.782793093 4.68473196596e-07
16.8130869434 1.55013448398e-07
16.8433807937 3.94072940609e-07
16.873674644 9.49813076877e-09
16.9039684944 3.89717474458e-07
16.9342623447 4.06668631074e-07
16.9645561951 6.65755961299e-07
16.9948500454 4.79247822941e-07
17.0251438958 2.34472516661e-07
17.0554377461 4.00450828621e-07
17.0857315965 5.25490619625e-07
17.1160254468 2.73551496595e-07
17.1463192972 2.92286371437e-07
17.1766131475 3.37016684901e-07
17.2069069979 3.65534273659e-07
17.2372008482 3.71749513674e-07
17.2674946986 7.90408852631e-07
17.2977885489 8.38910420236e-07
17.3280823993 5.7221103678e-07
17.3583762496 6.40203850512e-08
17.3886701 2.09514865241e-07
17.4189639503 3.59054366041e-07
17.4492578007 5.06663837171e-07
17.479551651 2.52838791516e-07
17.5098455014 2.68727875702e-07
17.5401393517 5.27344791522e-07
17.5704332021 3.63494504521e-07
17.6007270524 4.49447030341e-07
17.6310209028 2.33011174223e-07
17.6613147531 4.15643948967e-07
17.6916086035 5.51568945603e-07
17.7219024538 3.03572855996e-07
17.7521963042 2.40930929649e-07
17.7824901545 4.6709982159e-08
17.8127840048 1.93721800401e-07
17.8430778552 8.05107150765e-07
17.8733717055 8.0755150373e-07
17.9036655559 4.86270249335e-07
17.9339594062 2.17743770306e-07
17.9642532566 1.28320661952e-07
17.9945471069 3.35029556619e-07
18.0248409573 2.19150229385e-07
18.0551348076 5.70960403936e-07
18.085428658 1.44791781729e-07
18.1157225083 5.61099935141e-07
18.1460163587 9.28655620848e-07
18.176310209 3.21678791264e-07
18.2066040594 1.45717284686e-07
18.2368979097 3.67540893835e-07
18.2671917601 3.07259215281e-07
18.2974856104 2.09066574636e-07
18.3277794608 2.14619107825e-07
18.3580733111 3.32359992649e-07
18.3883671615 7.13200659983e-08
18.4186610118 4.56752406374e-07
18.4489548622 6.57195396351e-07
18.4792487125 5.4385443084e-07
18.5095425629 5.91385938219e-07
18.5398364132 5.49881210747e-08
18.5701302636 1.06614681969e-07
18.6004241139 3.52695132664e-07
18.6307179643 2.86523542365e-07
18.6610118146 1.72471780032e-07
18.691305665 3.20551346941e-07
18.7215995153 4.85590449127e-07
18.7518933656 5.35659563981e-07
18.782187216 2.12226476168e-07
18.8124810663 5.70609110705e-07
18.8427749167 5.20006030597e-07
18.873068767 3.97727568055e-07
18.9033626174 3.54636234096e-07
18.9336564677 3.59072738356e-07
18.9639503181 2.33338299598e-07
18.9942441684 1.29970725749e-07
19.0245380188 3.27257571124e-07
19.0548318691 4.79888624211e-07
19.0851257195 2.76983369018e-07
19.1154195698 3.42241622081e-07
19.1457134202 4.31332208954e-07
19.1760072705 4.57074824641e-07
19.2063011209 4.10102847323e-07
19.2365949712 2.91565368533e-07
19.2668888216 1.14746355623e-07
19.2971826719 2.51491578684e-07
19.3274765223 2.78125560865e-07
19.3577703726 1.91995953613e-07
19.388064223 3.43936429012e-07
19.4183580733 4.6688776221e-07
19.4486519237 1.30781591602e-07
19.478945774 4.19501347211e-07
19.5092396244 3.01243391903e-07
19.5395334747 4.44003796486e-07
19.5698273251 3.32565989562e-07
19.6001211754 9.16103239102e-08
19.6304150257 2.63865845688e-07
19.6607088761 3.73758895977e-07
19.6910027264 3.02840153161e-07
19.7212965768 3.11748173735e-07
19.7515904271 4.02645591861e-07
19.7818842775 3.23472970844e-07
19.8121781278 1.31585555846e-07
19.8424719782 2.2917430537e-07
19.8727658285 7.79742790357e-08
19.9030596789 1.69045396869e-07
19.9333535292 3.39726911607e-07
19.9636473796 4.60205330926e-07
19.9939412299 2.43865953848e-07
20.0242350803 1.37321897956e-07
20.0545289306 3.41450262851e-07
20.084822781 2.37653888062e-07
20.1151166313 1.30359139157e-07
20.1454104817 1.53065884369e-07
20.175704332 3.59584446602e-07
20.2059981824 3.88602430399e-07
20.2362920327 2.6887518595e-07
20.2665858831 2.45605707322e-07
20.2968797334 2.54139887899e-07
20.3271735838 1.4701872448e-07
20.3574674341 1.26486631636e-07
20.3877612845 4.09080417281e-07
20.4180551348 4.15715598907e-07
20.4483489852 2.38184293965e-07
20.4786428355 2.02929498616e-07
20.5089366859 3.18727330038e-07
20.5392305362 1.50125669334e-07
20.5695243865 1.34154220732e-07
20.5998182369 1.1735693342e-07
20.6301120872 2.60425308465e-07
20.6604059376 5.29914727623e-07
20.6906997879 4.19869940615e-07
20.7209936383 2.96650264712e-07
20.7512874886 1.49672520546e-07
20.781581339 2.64676704238e-07
20.8118751893 2.00428356651e-07
20.8421690397 1.69708677725e-07
20.87246289 2.12347520213e-07
20.9027567404 3.35888946818e-07
20.9330505907 4.14785125149e-07
20.9633444411 2.28258044342e-07
20.9936382914 2.82928633427e-07
21.0239321418 1.90657422697e-07
21.0542259921 1.23788713158e-07
21.0845198425 3.49235453573e-07
21.1148136928 3.52115818785e-07
21.1451075432 3.06962286623e-07
21.1754013935 2.55411341762e-07
21.2056952439 2.67587812242e-07
21.2359890942 1.22105602176e-07
21.2662829446 2.2964589736e-07
21.2965767949 2.2884241242e-07
21.3268706453 2.20094173177e-07
21.3571644956 2.55081235496e-07
21.387458346 2.57555871404e-07
21.4177521963 2.10012912271e-07
21.4480460467 1.44037696909e-07
21.478339897 1.818331399e-07
21.5086337473 2.66932955952e-07
21.5389275977 3.31468846585e-07
21.569221448 2.8986180603e-07
21.5995152984 2.71489402507e-07
21.6298091487 1.33023872151e-07
21.6601029991 3.46466178775e-07
21.6903968494 1.89044781105e-07
21.7206906998 3.39562183876e-07
21.7509845501 2.74549519384e-07
21.7812784005 2.4183767081e-07
21.8115722508 1.99728221404e-07
21.8418661012 2.90135077359e-07
21.8721599515 2.95350229618e-07
21.9024538019 2.74561075479e-07
21.9327476522 2.36592943587e-07
21.9630415026 1.676995977e-07
21.9933353529 1.59125969821e-07
22.0236292033 3.16219353577e-07
22.0539230536 2.04295573931e-07
22.084216904 2.29935355801e-07
22.1145107543 2.81368429913e-07
22.1448046047 2.75572900097e-07
22.175098455 1.69298419705e-07
22.2053923054 2.66874643952e-07
22.2356861557 1.58366179742e-07
22.2659800061 2.07512304943e-07
22.2962738564 1.42898151245e-07
22.3265677068 2.69539339021e-07
22.3568615571 2.89869226692e-07
22.3871554075 1.96382037473e-07
22.4174492578 1.9575960255e-07
22.4477431081 2.90713818813e-07
22.4780369585 3.2373843026e-07
22.5083308088 1.40092669896e-07
22.5386246592 8.77286879379e-08
22.5689185095 2.62265333463e-07
22.5992123599 2.62190473297e-07
22.6295062102 2.40863159391e-07
22.6598000606 2.51940491968e-07
22.6900939109 2.53779892512e-07
22.7203877613 2.20896360437e-07
22.7506816116 2.28377016296e-07
22.780975462 2.40695181226e-07
22.8112693123 1.86541096609e-07
22.8415631627 1.57638036575e-07
22.871857013 2.59836722533e-07
22.9021508634 1.95674594013e-07
22.9324447137 1.58358555536e-07
22.9627385641 2.72292191878e-07
22.9930324144 3.22591831769e-07
23.0233262648 1.99811959567e-07
23.0536201151 1.87221374277e-07
23.0839139655 1.59199946138e-07
23.1142078158 2.92694052473e-07
23.1445016662 2.21404100809e-07
23.1747955165 1.51133486064e-07
23.2050893669 2.37766556506e-07
23.2353832172 2.46384805466e-07
23.2656770676 2.30705020717e-07
23.2959709179 2.15336382911e-07
23.3262647683 2.26017271775e-07
23.3565586186 2.16771319335e-07
23.3868524689 2.13857003761e-07
23.4171463193 1.26457576188e-07
23.4474401696 2.55459401934e-07
23.47773402 2.32816924292e-07
23.5080278703 2.13696738969e-07
23.5383217207 1.63685422335e-07
23.568615571 1.82419544442e-07
23.5989094214 2.44911150014e-07
23.6292032717 2.47868497819e-07
23.6594971221 1.48813555767e-07
23.6897909724 2.05432736917e-07
23.7200848228 1.76425274344e-07
23.7503786731 2.62468601283e-07
23.7806725235 1.88836602577e-07
23.8109663738 2.21165411438e-07
23.8412602242 2.30928202413e-07
23.8715540745 1.83820925663e-07
23.9018479249 1.71117316302e-07
23.9321417752 1.92550879789e-07
23.9624356256 2.1829308087e-07
23.9927294759 2.21472906155e-07
24.0230233263 1.86797578911e-07
24.0533171766 2.25888406502e-07
24.083611027 1.95420044232e-07
24.1139048773 1.6655245961e-07
24.1441987277 1.78999446463e-07
24.174492578 1.84608104456e-07
24.2047864284 2.1027573632e-07
24.2350802787 1.90121905921e-07
24.2653741291 2.36988110627e-07
24.2956679794 1.74838897947e-07
24.3259618297 1.86867831067e-07
24.3562556801 2.5269081107e-07
24.3865495304 2.01194709162e-07
24.4168433808 1.77254487956e-07
24.4471372311 2.3009446387e-07
24.4774310815 2.02737166803e-07
24.5077249318 2.170812885e-07
24.5380187822 1.74072519904e-07
24.5683126325 2.47216120779e-07
24.5986064829 1.99698794187e-07
24.6289003332 1.83670248544e-07
24.6591941836 1.90594689118e-07
24.6894880339 1.94093708813e-07
24.7197818843 2.03304858073e-07
24.7500757346 2.10544366782e-07
24.780369585 2.10925960123e-07
24.8106634353 1.9725998229e-07
24.8409572857 2.14363977722e-07
24.871251136 2.35892956382e-07
24.9015449864 1.75019212889e-07
24.9318388367 1.91374719229e-07
24.9621326871 1.81991811849e-07
24.9924265374 2.05134773217e-07
25.0227203878 2.20102458999e-07
25.0530142381 2.27019293592e-07
25.0833080885 2.01744497517e-07
25.1136019388 1.68131397828e-07
25.1438957892 1.75572850775e-07
25.1741896395 2.27345361555e-07
25.2044834899 2.11406965461e-07
25.2347773402 1.83006382857e-07
25.2650711905 1.78898248906e-07
25.2953650409 1.56406235058e-07
25.3256588912 2.13749364702e-07
25.3559527416 2.41438533e-07
25.3862465919 2.31804607715e-07
25.4165404423 1.72557055498e-07
25.4468342926 1.8071835917e-07
25.477128143 1.94202103192e-07
25.5074219933 2.02151729481e-07
25.5377158437 1.89406361263e-07
25.568009694 1.95146764749e-07
25.5983035444 2.22949271764e-07
25.6285973947 1.81679892837e-07
25.6588912451 1.52443818609e-07
25.6891850954 1.91576257565e-07
25.7194789458 2.04942300968e-07
25.7497727961 1.74460309183e-07
25.7800666465 1.93566382073e-07
25.8103604968 2.07976753225e-07
25.8406543472 2.30038079342e-07
25.8709481975 1.66314865427e-07
25.9012420479 1.60154808677e-07
25.9315358982 1.90388514207e-07
25.9618297486 1.92465877285e-07
25.9921235989 2.1439679794e-07
26.0224174493 1.9977214648e-07
26.0527112996 1.52301343869e-07
26.08300515 1.87395588364e-07
26.1132990003 1.9064012726e-07
26.1435928507 1.9012893807e-07
26.173886701 1.95845511142e-07
26.2041805513 1.76091152469e-07
26.2344744017 1.91319777434e-07
26.264768252 1.68246816684e-07
26.2950621024 1.91362788535e-07
26.3253559527 1.99875684369e-07
26.3556498031 1.9654110738e-07
26.3859436534 1.94143022768e-07
26.4162375038 1.79263261862e-07
26.4465313541 1.83406991013e-07
26.4768252045 1.86684493666e-07
26.5071190548 1.9262911578e-07
26.5374129052 1.88925858859e-07
26.5677067555 1.7464460033e-07
26.5980006059 1.80884279763e-07
26.6282944562 1.87143446908e-07
26.6585883066 2.00051375967e-07
26.6888821569 1.95613004038e-07
26.7191760073 1.85682774873e-07
26.7494698576 1.85076476636e-07
26.779763708 1.80093442472e-07
26.8100575583 1.94420347483e-07
26.8403514087 1.89630457852e-07
26.870645259 1.66960905814e-07
26.9009391094 1.85380770095e-07
26.9312329597 1.91363231988e-07
26.9615268101 2.02109524726e-07
26.9918206604 2.01585680522e-07
27.0221145108 1.82017897233e-07
27.0524083611 1.64361359089e-07
27.0827022115 1.83116527756e-07
27.1129960618 1.95069458736e-07
27.1432899121 1.85295409362e-07
27.1735837625 1.84869008186e-07
27.2038776128 1.78398933801e-07
27.2341714632 1.91845110841e-07
27.2644653135 1.75030515542e-07
27.2947591639 1.85008395208e-07
27.3250530142 1.78976029102e-07
27.3553468646 1.83324302755e-07
27.3856407149 1.9089926552e-07
27.4159345653 1.80596224297e-07
27.4462284156 1.88649163823e-07
27.476522266 1.72293499735e-07
27.5068161163 1.82540051137e-07
27.5371099667 1.90823358588e-07
27.567403817 1.87230879774e-07
27.5976976674 1.87943341285e-07
27.6279915177 1.83545456999e-07
27.6582853681 1.75216745384e-07
27.6885792184 1.66971081926e-07
27.7188730688 1.9376042994e-07
27.7491669191 1.86440109234e-07
27.7794607695 1.86017842024e-07
27.8097546198 1.96584758286e-07
27.8400484702 1.7226382359e-07
27.8703423205 1.77354486058e-07
27.9006361709 1.8723376881e-07
27.9309300212 1.73319405972e-07
27.9612238716 1.82032423685e-07
27.9915177219 1.74217226006e-07
28.0218115723 1.82385446429e-07
28.0521054226 1.75010990896e-07
28.0823992729 1.85447292008e-07
28.1126931233 1.84036646379e-07
28.1429869736 1.77499187683e-07
28.173280824 1.86006848206e-07
28.2035746743 1.80728911752e-07
28.2338685247 1.79027785565e-07
28.264162375 1.81613189401e-07
28.2944562254 1.6967720817e-07
28.3247500757 1.8210524014e-07
28.3550439261 1.76093041753e-07
28.3853377764 1.8073264306e-07
28.4156316268 1.83195268619e-07
28.4459254771 1.70145280333e-07
28.4762193275 1.87595919614e-07
28.5065131778 1.76769017203e-07
28.5368070282 1.66543900157e-07
28.5671008785 1.76339799427e-07
28.5973947289 1.79237837823e-07
28.6276885792 1.74541707571e-07
28.6579824296 1.74632158949e-07
28.6882762799 1.79166370202e-07
28.7185701303 1.9304781583e-07
28.7488639806 1.78775885646e-07
28.779157831 1.7013026351e-07
28.8094516813 1.69030319168e-07
28.8397455317 1.85451101708e-07
28.870039382 1.78789435638e-07
28.9003332324 1.78945098153e-07
28.9306270827 1.77088844031e-07
28.9609209331 1.76341684389e-07
28.9912147834 1.6809564051e-07
29.0215086337 1.77320626894e-07
29.0518024841 1.77668184466e-07
29.0820963344 1.6703408234e-07
29.1123901848 1.75430600649e-07
29.1426840351 1.88476927315e-07
29.1729778855 1.68003906106e-07
29.2032717358 1.73194674266e-07
29.2335655862 1.74366499947e-07
29.2638594365 1.71301635902e-07
29.2941532869 1.7088024969e-07
29.3244471372 1.77959461497e-07
29.3547409876 1.74662593231e-07
29.3850348379 1.74535787046e-07
29.4153286883 1.72277957529e-07
29.4456225386 1.71809808727e-07
29.475916389 1.70619150002e-07
29.5062102393 1.74543280635e-07
29.5365040897 1.74859961182e-07
29.56679794 1.69358430139e-07
29.5970917904 1.76226034256e-07
29.6273856407 1.75699640049e-07
29.6576794911 1.73518879765e-07
29.6879733414 1.74211600448e-07
29.7182671918 1.77626378025e-07
29.7485610421 1.70809054167e-07
29.7788548925 1.7122830092e-07
29.8091487428 1.73725322981e-07
29.8394425932 1.73659457979e-07
29.8697364435 1.73422245717e-07
29.9000302939 1.69159669114e-07
29.9303241442 1.75276469181e-07
29.9606179945 1.72983083004e-07
29.9909118449 1.6813977542e-07
30.0212056952 1.69111230608e-07
30.0514995456 1.77094118789e-07
30.0817933959 1.70335139014e-07
30.1120872463 1.6708492033e-07
30.1423810966 1.67798859415e-07
30.172674947 1.71190285308e-07
30.2029687973 1.72603827616e-07
30.2332626477 1.70222656791e-07
30.263556498 1.71823566588e-07
30.2938503484 1.67973763622e-07
30.3241441987 1.68030729974e-07
30.3544380491 1.65818881288e-07
30.3847318994 1.71392863993e-07
30.4150257498 1.7749300745e-07
30.4453196001 1.71917500854e-07
30.4756134505 1.6880917298e-07
30.5059073008 1.66589391028e-07
30.5362011512 1.67764728278e-07
30.5664950015 1.6741062897e-07
30.5967888519 1.7055814402e-07
30.6270827022 1.68544384283e-07
30.6573765526 1.71948341882e-07
30.6876704029 1.69668358719e-07
30.7179642533 1.67232178997e-07
30.7482581036 1.68291442107e-07
30.778551954 1.67267413593e-07
30.8088458043 1.66265294065e-07
30.8391396547 1.67546274687e-07
30.869433505 1.68815178179e-07
30.8997273553 1.66943317688e-07
30.9300212057 1.69811923666e-07
30.960315056 1.678382944e-07
30.9906089064 1.66648657275e-07
31.0209027567 1.68889897322e-07
31.0511966071 1.68195392437e-07
31.0814904574 1.66472609593e-07
31.1117843078 1.66628008642e-07
31.1420781581 1.67787481265e-07
31.1723720085 1.67165173729e-07
31.2026658588 1.65755442066e-07
31.2329597092 1.69868830632e-07
31.2632535595 1.65568754599e-07
31.2935474099 1.65309777492e-07
31.3238412602 1.64097979069e-07
31.3541351106 1.655206549e-07
31.3844289609 1.66663596033e-07
31.4147228113 1.67087119181e-07
31.4450166616 1.65531109749e-07
31.475310512 1.65271740198e-07
31.5056043623 1.6629124211e-07
31.5358982127 1.63591558316e-07
31.566192063 1.64759537425e-07
31.5964859134 1.67714775476e-07
31.6267797637 1.65967983042e-07
31.6570736141 1.64030449345e-07
31.6873674644 1.62744666211e-07
31.7176613148 1.64256492569e-07
31.7479551651 1.66054614709e-07
31.7782490154 1.65932336086e-07
31.8085428658 1.635497494e-07
31.8388367161 1.65549531174e-07
31.8691305665 1.63618362739e-07
31.8994244168 1.63451196209e-07
31.9297182672 1.63666346497e-07
31.9600121175 1.65752184956e-07
31.9903059679 1.65030602984e-07
32.0205998182 1.6319092445e-07
32.0508936686 1.62733302774e-07
32.0811875189 1.63925291085e-07
32.1114813693 1.6234072113e-07
32.1417752196 1.64683016194e-07
32.17206907 1.64240690774e-07
32.2023629203 1.63685337498e-07
32.2326567707 1.64283578066e-07
32.262950621 1.65368651645e-07
32.2932444714 1.62502869311e-07
32.3235383217 1.62245196397e-07
32.3538321721 1.62369968273e-07
32.3841260224 1.64655859393e-07
32.4144198728 1.62059427628e-07
32.4447137231 1.61699786656e-07
32.4750075735 1.62658019023e-07
32.5053014238 1.6117575048e-07
32.5355952742 1.63382643296e-07
32.5658891245 1.62202606059e-07
32.5961829749 1.59675530933e-07
32.6264768252 1.62273713577e-07
32.6567706756 1.61507410403e-07
32.6870645259 1.62224442621e-07
32.7173583762 1.60146050115e-07
32.7476522266 1.61581399378e-07
32.7779460769 1.59775124212e-07
32.8082399273 1.60924445846e-07
32.8385337776 1.63228953249e-07
32.868827628 1.61810736079e-07
32.8991214783 1.60118784437e-07
32.9294153287 1.60502271685e-07
32.959709179 1.61012520616e-07
32.9900030294 1.61248544194e-07
33.0202968797 1.6103123474e-07
33.0505907301 1.6101606132e-07
33.0808845804 1.60752060777e-07
33.1111784308 1.59909912131e-07
33.1414722811 1.60622457387e-07
33.1717661315 1.60607181008e-07
33.2020599818 1.59722037217e-07
33.2323538322 1.60467558927e-07
33.2626476825 1.60229138379e-07
33.2929415329 1.60301871554e-07
33.3232353832 1.59936829672e-07
33.3535292336 1.59093718758e-07
33.3838230839 1.60068773451e-07
33.4141169343 1.59553768008e-07
33.4444107846 1.59336067045e-07
33.474704635 1.60454572139e-07
33.5049984853 1.59708928847e-07
33.5352923357 1.58212384373e-07
33.565586186 1.58792884192e-07
33.5958800364 1.59825109576e-07
33.6261738867 1.59189397202e-07
33.656467737 1.59060979012e-07
33.6867615874 1.59545522613e-07
33.7170554377 1.58829498218e-07
33.7473492881 1.58680343431e-07
33.7776431384 1.58365959501e-07
33.8079369888 1.57907985163e-07
33.8382308391 1.59112049476e-07
33.8685246895 1.58599406569e-07
33.8988185398 1.57854565176e-07
33.9291123902 1.58286523318e-07
33.9594062405 1.57374971415e-07
33.9897000909 1.57692977456e-07
34.0199939412 1.58392117015e-07
34.0502877916 1.58454998678e-07
34.0805816419 1.58099794493e-07
34.1108754923 1.57509724185e-07
34.1411693426 1.57122962085e-07
34.171463193 1.57926134485e-07
34.2017570433 1.57283119213e-07
34.2320508937 1.57246292871e-07
34.262344744 1.57929962897e-07
34.2926385944 1.56949939469e-07
34.3229324447 1.56561353595e-07
34.3532262951 1.57329572294e-07
34.3835201454 1.57307000206e-07
34.4138139958 1.56497146285e-07
34.4441078461 1.56571413742e-07
34.4744016965 1.56155310163e-07
34.5046955468 1.56726191201e-07
34.5349893972 1.56511095317e-07
34.5652832475 1.56760498602e-07
34.5955770978 1.56512060376e-07
34.6258709482 1.55817035137e-07
34.6561647985 1.55872800417e-07
34.6864586489 1.56542798419e-07
34.7167524992 1.5616152209e-07
34.7470463496 1.56013849657e-07
34.7773401999 1.56165725739e-07
34.8076340503 1.55390525817e-07
34.8379279006 1.55523540405e-07
34.868221751 1.56110213394e-07
34.8985156013 1.55177884499e-07
34.9288094517 1.556503324e-07
34.959103302 1.55461528196e-07
34.9893971524 1.55278523131e-07
35.0196910027 1.55219130446e-07
35.0499848531 1.55420641426e-07
35.0802787034 1.54563496731e-07
35.1105725538 1.55240431408e-07
35.1408664041 1.5512585139e-07
35.1711602545 1.54920368882e-07
35.2014541048 1.54689681981e-07
35.2317479552 1.54958903448e-07
35.2620418055 1.54626976532e-07
35.2923356559 1.5419447336e-07
35.3226295062 1.54534340963e-07
35.3529233566 1.54813526423e-07
35.3832172069 1.54178261806e-07
35.4135110573 1.54364072814e-07
35.4438049076 1.54338572856e-07
35.474098758 1.5418132179e-07
35.5043926083 1.54022032635e-07
35.5346864586 1.54012672405e-07
35.564980309 1.54328407241e-07
35.5952741593 1.53846787126e-07
35.6255680097 1.54042019626e-07
35.65586186 1.53847721623e-07
35.6861557104 1.53673146048e-07
35.7164495607 1.53534580681e-07
35.7467434111 1.53447403395e-07
35.7770372614 1.53309391255e-07
35.8073311118 1.53704230118e-07
35.8376249621 1.53353540435e-07
35.8679188125 1.52919567926e-07
35.8982126628 1.53152186423e-07
35.9285065132 1.53213728332e-07
35.9588003635 1.53087744034e-07
35.9890942139 1.53003446501e-07
36.0193880642 1.53076235102e-07
36.0496819146 1.52776851691e-07
36.0799757649 1.52592579962e-07
36.1102696153 1.52767285527e-07
36.1405634656 1.5260165034e-07
36.170857316 1.52406040548e-07
36.2011511663 1.52440909952e-07
36.2314450167 1.5242634902e-07
36.261738867 1.52420820359e-07
36.2920327174 1.52180656322e-07
36.3223265677 1.52217860966e-07
36.3526204181 1.52157673023e-07
36.3829142684 1.52043092966e-07
36.4132081188 1.51781192079e-07
36.4435019691 1.52011148184e-07
36.4737958194 1.52008884117e-07
36.5040896698 1.51737038094e-07
36.5343835201 1.51655211279e-07
36.5646773705 1.51734962381e-07
36.5949712208 1.514858741e-07
36.6252650712 1.51555636021e-07
36.6555589215 1.51763178719e-07
36.6858527719 1.51258198898e-07
36.7161466222 1.5125672949e-07
36.7464404726 1.51438248562e-07
36.7767343229 1.51244071153e-07
36.8070281733 1.50999948542e-07
36.8373220236 1.51223751202e-07
36.867615874 1.51106118551e-07
36.8979097243 1.50959894594e-07
36.9282035747 1.50843023672e-07
36.958497425 1.50807558027e-07
36.9887912754 1.50659143732e-07
37.0190851257 1.50703702409e-07
37.0493789761 1.50697928535e-07
37.0796728264 1.50725755589e-07
37.1099666768 1.50446801885e-07
37.1402605271 1.50374921185e-07
37.1705543775 1.50393933666e-07
37.2008482278 1.5036085503e-07
37.2311420782 1.50276335283e-07
37.2614359285 1.50176428062e-07
37.2917297789 1.49966730191e-07
37.3220236292 1.50076995369e-07
37.3523174796 1.49932761504e-07
37.3826113299 1.49909676027e-07
37.4129051802 1.49914023853e-07
37.4431990306 1.49800879313e-07
37.4734928809 1.49765467194e-07
37.5037867313 1.49664472666e-07
37.5340805816 1.49649776999e-07
37.564374432 1.49536976495e-07
37.5946682823 1.49625659177e-07
37.6249621327 1.49479777428e-07
37.655255983 1.49306242795e-07
37.6855498334 1.49276955928e-07
37.7158436837 1.49233398888e-07
37.7461375341 1.49175919975e-07
37.7764313844 1.49150050495e-07
37.8067252348 1.49215432864e-07
37.8370190851 1.49089983085e-07
37.8673129355 1.48977303471e-07
37.8976067858 1.48995451573e-07
37.9279006362 1.48878722664e-07
37.9581944865 1.48895625584e-07
37.9884883369 1.48701853219e-07
38.0187821872 1.48696389657e-07
38.0490760376 1.48625516163e-07
38.0793698879 1.48732106042e-07
38.1096637383 1.4836725736e-07
38.1399575886 1.48384884099e-07
38.170251439 1.48446863934e-07
38.2005452893 1.48491250672e-07
38.2308391397 1.48311592573e-07
38.26113299 1.48306109712e-07
38.2914268404 1.4828948518e-07
38.3217206907 1.48181665891e-07
38.352014541 1.48089909608e-07
38.3823083914 1.47984454961e-07
38.4126022417 1.4810016571e-07
38.4428960921 1.47957521954e-07
38.4731899424 1.47876172417e-07
38.5034837928 1.47724614871e-07
38.5337776431 1.47824748993e-07
38.5640714935 1.47628761428e-07
38.5943653438 1.47576178133e-07
38.6246591942 1.47607819913e-07
38.6549530445 1.47560308526e-07
38.6852468949 1.47540831451e-07
38.7155407452 1.47529050769e-07
38.7458345956 1.4749234883e-07
38.7761284459 1.47375508258e-07
38.8064222963 1.4725558682e-07
38.8367161466 1.47276789658e-07
38.867009997 1.47296103783e-07
38.8973038473 1.47081515758e-07
38.9275976977 1.47041122883e-07
38.957891548 1.47103379128e-07
38.9881853984 1.47020489397e-07
39.0184792487 1.46892559824e-07
39.0487730991 1.46917130331e-07
39.0790669494 1.46827482571e-07
39.1093607998 1.46761302245e-07
39.1396546501 1.46709756495e-07
39.1699485005 1.46733706643e-07
39.2002423508 1.46690528432e-07
39.2305362012 1.46596349245e-07
39.2608300515 1.46520165789e-07
39.2911239018 1.46438868732e-07
39.3214177522 1.46428398973e-07
39.3517116025 1.46428476943e-07
39.3820054529 1.46336538331e-07
39.4122993032 1.46303401116e-07
39.4425931536 1.46242383311e-07
39.4728870039 1.46198246702e-07
39.5031808543 1.46120667275e-07
39.5334747046 1.46104741515e-07
39.563768555 1.46040548166e-07
39.5940624053 1.460198339e-07
39.6243562557 1.45926655212e-07
39.654650106 1.45915229642e-07
39.6849439564 1.45902215896e-07
39.7152378067 1.45825710908e-07
39.7455316571 1.45730640804e-07
39.7758255074 1.45704731004e-07
39.8061193578 1.45673360323e-07
39.8364132081 1.45636121972e-07
39.8667070585 1.45564854485e-07
39.8970009088 1.4548659175e-07
39.9272947592 1.45509249004e-07
39.9575886095 1.45394169228e-07
39.9878824599 1.45376301646e-07
40.0181763102 1.45322196689e-07
40.0484701606 1.4531445571e-07
40.0787640109 1.45272584113e-07
40.1090578613 1.4521154372e-07
40.1393517116 1.45158866204e-07
40.169645562 1.45088497484e-07
40.1999394123 1.45079192035e-07
40.2302332626 1.4504856558e-07
40.260527113 1.44968896388e-07
40.2908209633 1.44928549511e-07
40.3211148137 1.44897506903e-07
40.351408664 1.44847085041e-07
40.3817025144 1.44805325692e-07
40.4119963647 1.44767157907e-07
40.4422902151 1.44748911122e-07
40.4725840654 1.4466741154e-07
40.5028779158 1.44641813996e-07
40.5331717661 1.44595119044e-07
40.5634656165 1.44544989577e-07
40.5937594668 1.44506125038e-07
40.6240533172 1.44483228346e-07
40.6543471675 1.44430755525e-07
40.6846410179 1.44392944076e-07
40.7149348682 1.44337268684e-07
40.7452287186 1.44269561006e-07
40.7755225689 1.44236266203e-07
40.8058164193 1.44193116859e-07
40.8361102696 1.44155425765e-07
40.86640412 1.44126135348e-07
40.8966979703 1.44091911927e-07
40.9269918207 1.44044333958e-07
40.957285671 1.44005721054e-07
40.9875795214 1.4395408497e-07
41.0178733717 1.43926221446e-07
41.0481672221 1.43881888976e-07
41.0784610724 1.43841772834e-07
41.1087549228 1.43799642819e-07
41.1390487731 1.4377604389e-07
41.1693426234 1.43726866958e-07
41.1996364738 1.43690368031e-07
41.2299303241 1.43646624464e-07
41.2602241745 1.43600290875e-07
41.2905180248 1.43580299526e-07
41.3208118752 1.43542486404e-07
41.3511057255 1.43504224569e-07
41.3813995759 1.43450569183e-07
41.4116934262 1.43407783966e-07
41.4419872766 1.43376800234e-07
41.4722811269 1.43348234792e-07
41.5025749773 1.43299115114e-07
41.5328688276 1.43252917051e-07
41.563162678 1.43224038988e-07
41.5934565283 1.43189484883e-07
41.6237503787 1.43147196932e-07
41.654044229 1.43118058923e-07
41.6843380794 1.43069770755e-07
41.7146319297 1.43035936208e-07
41.7449257801 1.43009009707e-07
41.7752196304 1.42963453596e-07
41.8055134808 1.42917669487e-07
41.8358073311 1.42896997924e-07
41.8661011815 1.4286336583e-07
41.8963950318 1.42816440468e-07
41.9266888822 1.42784198964e-07
41.9569827325 1.42746981887e-07
41.9872765829 1.42717459657e-07
42.0175704332 1.42682113539e-07
42.0478642836 1.42641060514e-07
42.0781581339 1.42611556117e-07
42.1084519842 1.42575487338e-07
42.1387458346 1.42534072762e-07
42.1690396849 1.42498748668e-07
42.1993335353 1.42466997707e-07
42.2296273856 1.42432920449e-07
42.259921236 1.42397169342e-07
42.2902150863 1.423651296e-07
42.3205089367 1.42331905214e-07
42.350802787 1.4229636854e-07
42.3810966374 1.42265252596e-07
42.4113904877 1.42233773359e-07
42.4416843381 1.42197041385e-07
42.4719781884 1.42160524441e-07
42.5022720388 1.42130916907e-07
42.5325658891 1.4210480377e-07
42.5628597395 1.42063958436e-07
42.5931535898 1.420328055e-07
42.6234474402 1.42001169898e-07
42.6537412905 1.41968416699e-07
42.6840351409 1.41934003224e-07
42.7143289912 1.41902813299e-07
42.7446228416 1.41871043351e-07
42.7749166919 1.41838497151e-07
42.8052105423 1.41811113883e-07
42.8355043926 1.41776849745e-07
42.865798243 1.41749128784e-07
42.8960920933 1.41710727346e-07
42.9263859437 1.41684606187e-07
42.956679794 1.41655464739e-07
42.9869736444 1.41622120754e-07
43.0172674947 1.41589764156e-07
43.047561345 1.41562176658e-07
43.0778551954 1.41528857953e-07
43.1081490457 1.41499400878e-07
43.1384428961 1.41469617816e-07
43.1687367464 1.41439250992e-07
43.1990305968 1.41410896219e-07
43.2293244471 1.41380108847e-07
43.2596182975 1.41351301768e-07
43.2899121478 1.4132368482e-07
43.3202059982 1.41293329239e-07
43.3504998485 1.41262940881e-07
43.3807936989 1.41236112564e-07
43.4110875492 1.41206419315e-07
43.4413813996 1.4117876959e-07
43.4716752499 1.4114916988e-07
43.5019691003 1.41122337569e-07
43.5322629506 1.41093409792e-07
43.562556801 1.41064513006e-07
43.5928506513 1.41037048626e-07
43.6231445017 1.41010192889e-07
43.653438352 1.40980903508e-07
43.6837322024 1.40954585528e-07
43.7140260527 1.40926668194e-07
43.7443199031 1.40899832228e-07
43.7746137534 1.4087273693e-07
43.8049076038 1.40845986355e-07
43.8352014541 1.40817450644e-07
43.8654953045 1.40792070709e-07
43.8957891548 1.40767222815e-07
43.9260830051 1.40740116445e-07
43.9563768555 1.40713086614e-07
43.9866707058 1.40688513281e-07
44.0169645562 1.40661040831e-07
44.0472584065 1.40635388212e-07
44.0775522569 1.40610221327e-07
44.1078461072 1.40584662492e-07
44.1381399576 1.40559516578e-07
44.1684338079 1.40534405585e-07
44.1987276583 1.40508672554e-07
44.2290215086 1.40484022623e-07
44.259315359 1.40459078189e-07
44.2896092093 1.40434349204e-07
44.3199030597 1.40410087635e-07
44.35019691 1.40385967081e-07
44.3804907604 1.4036096711e-07
44.4107846107 1.40337244546e-07
44.4410784611 1.40313300561e-07
44.4713723114 1.40289316535e-07
44.5016661618 1.4026563588e-07
44.5319600121 1.40241925588e-07
44.5622538625 1.40218342013e-07
44.5925477128 1.4019487725e-07
44.6228415632 1.40172023667e-07
44.6531354135 1.40148904602e-07
44.6834292639 1.40126131991e-07
44.7137231142 1.40103345867e-07
44.7440169646 1.40080509921e-07
44.7743108149 1.40057859342e-07
44.8046046653 1.40035952769e-07
44.8348985156 1.40013702497e-07
44.8651923659 1.39991550949e-07
44.8954862163 1.39969398234e-07
44.9257800666 1.3994779905e-07
44.956073917 1.39926084035e-07
44.9863677673 1.39904451121e-07
45.0166616177 1.39882999609e-07
45.046955468 1.39862103557e-07
45.0772493184 1.39840792423e-07
45.1075431687 1.39819665217e-07
45.1378370191 1.39798971924e-07
45.1681308694 1.39778080444e-07
45.1984247198 1.3975756006e-07
45.2287185701 1.39737090756e-07
45.2590124205 1.39716754333e-07
45.2893062708 1.39696559097e-07
45.3196001212 1.39676526255e-07
45.3498939715 1.39656638001e-07
45.3801878219 1.39636825804e-07
45.4104816722 1.39617138783e-07
45.4407755226 1.39597762022e-07
45.4710693729 1.39578339022e-07
45.5013632233 1.39559072247e-07
45.5316570736 1.39539896544e-07
45.561950924 1.39520912861e-07
45.5922447743 1.39502084922e-07
45.6225386247 1.39483333834e-07
45.652832475 1.39464808907e-07
45.6831263254 1.39446339369e-07
45.7134201757 1.39427995158e-07
45.7437140261 1.39409834165e-07
45.7740078764 1.39391779419e-07
45.8043017267 1.39373841047e-07
45.8345955771 1.39356083373e-07
45.8648894274 1.39338380945e-07
45.8951832778 1.39320914817e-07
45.9254771281 1.39303498668e-07
45.9557709785 1.39286216484e-07
45.9860648288 1.39269110785e-07
46.0163586792 1.39252112206e-07
46.0466525295 1.39235274212e-07
46.0769463799 1.39218547219e-07
46.1072402302 1.39201940875e-07
46.1375340806 1.3918548196e-07
46.1678279309 1.39169161777e-07
46.1981217813 1.39152951364e-07
46.2284156316 1.39136876859e-07
46.258709482 1.39120946701e-07
46.2890033323 1.39105141276e-07
46.3192971827 1.39089444847e-07
46.349591033 1.39073930416e-07
46.3798848834 1.39058507413e-07
46.4101787337 1.39043233373e-07
46.4404725841 1.39028081914e-07
46.4707664344 1.39013070576e-07
46.5010602848 1.38998185155e-07
46.5313541351 1.38983417972e-07
46.5616479855 1.38968810627e-07
46.5919418358 1.38954309775e-07
46.6222356862 1.389399387e-07
46.6525295365 1.38925714217e-07
46.6828233869 1.38911609484e-07
46.7131172372 1.38897643681e-07
46.7434110875 1.38883799623e-07
46.7737049379 1.38870091307e-07
46.8039987882 1.38856509641e-07
46.8342926386 1.38843063762e-07
46.8645864889 1.38829741705e-07
46.8948803393 1.38816555013e-07
46.9251741896 1.38803495824e-07
46.95546804 1.38790569535e-07
46.9857618903 1.3877776799e-07
47.0160557407 1.38765102615e-07
47.046349591 1.38752563563e-07
47.0766434414 1.38740153767e-07
47.1069372917 1.38727875503e-07
47.1372311421 1.38715725119e-07
47.1675249924 1.38703704875e-07
47.1978188428 1.38691815619e-07
47.2281126931 1.38680054869e-07
47.2584065435 1.38668424478e-07
47.2887003938 1.38656922872e-07
47.3189942442 1.38645550476e-07
47.3492880945 1.38634307048e-07
47.3795819449 1.38623193531e-07
47.4098757952 1.38612209063e-07
47.4401696456 1.38601354072e-07
47.4704634959 1.38590628052e-07
47.5007573463 1.38580031196e-07
47.5310511966 1.38569562995e-07
47.561345047 1.3855922387e-07
47.5916388973 1.38549013787e-07
47.6219327477 1.38538932424e-07
47.652226598 1.38528980088e-07
47.6825204483 1.38519156171e-07
47.7128142987 1.3850946138e-07
47.743108149 1.38499895195e-07
47.7734019994 1.38490457642e-07
47.8036958497 1.38481148423e-07
47.8339897001 1.3847196809e-07
47.8642835504 1.38462916249e-07
47.8945774008 1.38453992731e-07
47.9248712511 1.38445197646e-07
47.9551651015 1.3843653104e-07
47.9854589518 1.38427992623e-07
48.0157528022 1.38419582665e-07
48.0460466525 1.38411300938e-07
48.0763405029 1.38403147378e-07
48.1066343532 1.38395122069e-07
48.1369282036 1.3838722492e-07
48.1672220539 1.3837945584e-07
48.1975159043 1.38371814853e-07
48.2278097546 1.38364301938e-07
48.258103605 1.38356917026e-07
48.2883974553 1.38349660045e-07
48.3186913057 1.38342531039e-07
48.348985156 1.38335529946e-07
48.3792790064 1.38328656719e-07
48.4095728567 1.38321911322e-07
48.4398667071 1.38315293742e-07
48.4701605574 1.3830880395e-07
48.5004544078 1.38302441892e-07
48.5307482581 1.38296207566e-07
48.5610421085 1.38290100934e-07
48.5913359588 1.38284121954e-07
48.6216298091 1.38278270615e-07
48.6519236595 1.3827254688e-07
48.6822175098 1.38266950722e-07
48.7125113602 1.38261482125e-07
48.7428052105 1.38256141055e-07
48.7730990609 1.38250927488e-07
48.8033929112 1.382458414e-07
48.8336867616 1.38240882769e-07
48.8639806119 1.38236051572e-07
48.8942744623 1.38231347783e-07
48.9245683126 1.38226771384e-07
48.954862163 1.38222322352e-07
48.9851560133 1.38218000666e-07
49.0154498637 1.38213806307e-07
49.045743714 1.38209739254e-07
49.0760375644 1.38205799489e-07
49.1063314147 1.38201986994e-07
49.1366252651 1.3819830175e-07
49.1669191154 1.38194743741e-07
49.1972129658 1.38191312951e-07
49.2275068161 1.38188009362e-07
49.2578006665 1.3818483296e-07
49.2880945168 1.38181783729e-07
49.3183883672 1.38178861657e-07
49.3486822175 1.38176066729e-07
49.3789760679 1.38173398932e-07
49.4092699182 1.38170858253e-07
49.4395637686 1.38168444682e-07
49.4698576189 1.38166158206e-07
49.5001514693 1.38163998815e-07
49.5304453196 1.38161966499e-07
49.5607391699 1.38160061249e-07
49.5910330203 1.38158283055e-07
49.6213268706 1.3815663191e-07
49.651620721 1.38155107805e-07
49.6819145713 1.38153710734e-07
49.7122084217 1.3815244069e-07
49.742502272 1.38151297668e-07
49.7727961224 1.38150281661e-07
49.8030899727 1.38149392666e-07
49.8333838231 1.38148630677e-07
49.8636776734 1.38147995692e-07
49.8939715238 1.38147487708e-07
49.9242653741 1.38147106721e-07
49.9545592245 1.38146852732e-07
49.9848530748 1.38146725737e-07
