0.0 6.15315529519e-06
0.0302938503484 6.35597335242e-05
0.0605877006968 5.34058969688e-05
0.0908815510451 7.30877706407e-05
0.121175401394 0.0001035891163
0.151469251742 0.000177969086023
0.18176310209 0.000124606280003
0.212056952439 0.000111686109572
0.242350802787 4.20611823414e-05
0.272644653135 5.91170319506e-05
0.302938503484 1.63839154625e-05
0.333232353832 8.50242981094e-05
0.363526204181 0.00015734551639
0.393820054529 0.000166366985077
0.424113904877 0.000129541033231
0.454407755226 0.00011473929844
0.484701605574 9.25605758217e-05
0.514995455922 0.000220539109782
0.545289306271 0.000198567267293
0.575583156619 9.85104907057e-05
0.605877006968 0.000125809359082
0.636170857316 6.95354284047e-05
0.666464707664 0.000134967024259
0.696758558013 4.93938722408e-05
0.727052408361 5.31156394174e-05
0.757346258709 0.000100189436824
0.787640109058 9.86145564231e-05
0.817933959406 0.000111104066969
0.848227809755 9.84922734745e-05
0.878521660103 6.67747095367e-05
0.908815510451 8.93654175019e-05
0.9391093608 0.000100704063731
0.969403211148 6.29272428098e-05
0.999697061497 4.95819422841e-05
1.02999091184 6.67638553267e-05
1.06028476219 3.20754522828e-05
1.09057861254 1.56599014238e-05
1.12087246289 9.99887244369e-05
1.15116631324 3.48927230313e-05
1.18146016359 1.15670316242e-05
1.21175401394 4.76157292256e-05
1.24204786428 3.68122750933e-05
1.27234171463 4.86629117562e-05
1.30263556498 2.52385366294e-05
1.33292941533 3.36623220256e-05
1.36322326568 1.9345281077e-05
1.39351711603 4.27017338012e-05
1.42381096637 1.08210587807e-05
1.45410481672 5.70566533528e-06
1.48439866707 2.92863083876e-05
1.51469251742 5.36876720631e-05
1.54498636777 4.96062303483e-05
1.57528021812 1.04983606217e-05
1.60557406846 1.57078332797e-05
1.63586791881 2.64342744812e-05
1.66616176916 4.77615735739e-05
1.69645561951 2.28403350001e-05
1.72674946986 3.0638493319e-05
1.75704332021 1.74763332363e-05
1.78733717055 2.41302071935e-05
1.8176310209 6.53332524337e-05
1.84792487125 2.53395451893e-05
1.8782187216 6.16654373265e-05
1.90851257195 1.70310058977e-05
1.9388064223 3.01335729804e-05
1.96910027264 1.82436968703e-05
1.99939412299 4.76983872966e-05
2.02968797334 7.27932363246e-05
2.05998182369 7.82789839805e-05
2.09027567404 4.38366591725e-05
2.12056952439 2.82361547385e-05
2.15086337473 4.24398522644e-05
2.18115722508 9.47124231298e-05
2.21145107543 0.000107010766764
2.24174492578 0.000104488151183
2.27203877613 9.36031657439e-05
2.30233262648 3.07883200351e-05
2.33262647683 4.09014779583e-05
2.36292032717 1.26435531134e-05
2.39321417752 3.69293253371e-05
2.42350802787 3.22818679791e-05
2.45380187822 7.58583018934e-05
2.48409572857 6.91343663489e-05
2.51438957892 3.89646702283e-05
2.54468342926 1.12214289176e-05
2.57497727961 1.47726992409e-05
2.60527112996 2.74048191113e-05
2.63556498031 2.64781377995e-05
2.66585883066 4.67533193444e-05
2.69615268101 1.33559125178e-05
2.72644653135 1.80499155059e-05
2.7567403817 3.63415598293e-05
2.78703423205 3.93094347532e-05
2.8173280824 2.90459877486e-05
2.84762193275 8.87376074631e-06
2.8779157831 4.64734656183e-05
2.90820963344 3.32580251822e-05
2.93850348379 2.33108135846e-05
2.96879733414 2.6209970102e-05
2.99909118449 1.67349614351e-05
3.02938503484 6.95907915302e-06
3.05967888519 3.86690025955e-05
3.08997273553 3.98817211599e-05
3.12026658588 2.38061284316e-05
3.15056043623 4.5184900184e-05
3.18085428658 2.32366239454e-05
3.21114813693 3.58000007192e-05
3.24144198728 4.31104157602e-05
3.27173583762 4.07894800997e-05
3.30202968797 3.44346464042e-05
3.33232353832 2.79106797047e-05
3.36261738867 2.07592028125e-05
3.39291123902 6.82395040431e-05
3.42320508937 5.30853618534e-05
3.45349893972 1.27242014832e-05
3.48379279006 1.76679080235e-05
3.51408664041 2.97973009545e-05
3.54438049076 2.49031076745e-05
3.57467434111 2.8039109241e-05
3.60496819146 1.47228423104e-05
3.63526204181 7.40455448794e-06
3.66555589215 1.8763100221e-05
3.6958497425 3.93071680925e-05
3.72614359285 2.20236186829e-05
3.7564374432 2.86108813524e-05
3.78673129355 3.30572164864e-05
3.8170251439 4.90724218603e-05
3.84731899424 3.71668455829e-05
3.87761284459 4.23858332059e-05
3.90790669494 1.72312287675e-05
3.93820054529 3.67497077934e-05
3.96849439564 3.03986023152e-05
3.99878824599 2.24077278307e-06
4.02908209633 3.5671829914e-05
4.05937594668 2.67673348978e-05
4.08966979703 1.92166811845e-05
4.11996364738 6.29120579971e-06
4.15025749773 1.36600503526e-05
4.18055134808 2.10220307727e-05
4.21084519842 2.70058208959e-05
4.24113904877 3.31468831774e-05
4.27143289912 1.65352030321e-05
4.30172674947 1.12040880911e-05
4.33202059982 1.26284093951e-05
4.36231445017 1.71418593064e-05
4.39260830051 3.1687965368e-05
4.42290215086 3.4240952724e-05
4.45319600121 1.66747039466e-05
4.48348985156 2.61104996005e-05
4.51378370191 1.99040811367e-05
4.54407755226 2.5974227943e-05
4.57437140261 3.21617079914e-05
4.60466525295 3.17870878853e-05
4.6349591033 1.20989362262e-05
4.66525295365 2.15116348008e-05
4.695546804 1.55710284156e-05
4.72584065435 5.11882191179e-06
4.7561345047 6.14709500866e-06
4.78642835504 1.58376203908e-05
4.81672220539 1.2565011951e-05
4.84701605574 1.11505489417e-05
4.87730990609 6.90215373807e-06
4.90760375644 1.01416686488e-05
4.93789760679 6.68418137889e-06
4.96819145713 8.83573229724e-06
4.99848530748 4.11458263933e-06
5.02877915783 8.66553025797e-06
5.05907300818 1.00119249852e-05
5.08936685853 2.90759696229e-07
5.11966070888 6.93949563608e-06
5.14995455922 6.94836959603e-06
5.18024840957 3.1722957841e-06
5.21054225992 5.7437246532e-06
5.24083611027 1.0927437708e-05
5.27112996062 1.34126311071e-06
5.30142381097 2.86747699946e-06
5.33171766131 1.10546844878e-06
5.36201151166 5.07928506325e-06
5.39230536201 1.02564753452e-05
5.42259921236 7.83372663967e-06
5.45289306271 1.12714181253e-05
5.48318691306 1.16183447193e-05
5.51348076341 1.16253963515e-05
5.54377461375 8.36631882045e-06
5.5740684641 5.53821519627e-06
5.60436231445 2.77124590744e-06
5.6346561648 2.78622907028e-06
5.66495001515 3.62201334957e-06
5.6952438655 4.23081279753e-06
5.72553771584 4.50849850816e-06
5.75583156619 9.04283765223e-06
5.78612541654 1.64379847943e-06
5.81641926689 4.84878261965e-08
5.84671311724 4.42321920025e-06
5.87700696759 5.56061208184e-06
5.90730081793 2.0917650671e-06
5.93759466828 4.37670817642e-06
5.96788851863 9.06344567923e-06
5.99818236898 5.92779548467e-06
6.02847621933 2.54255218918e-06
6.05877006968 5.23679408859e-06
6.08906392002 5.79807656574e-06
6.11935777037 4.93392665147e-06
6.14965162072 5.7318548986e-06
6.17994547107 2.50575306647e-06
6.21023932142 7.71935766229e-06
6.24053317177 3.99670774584e-06
6.27082702211 2.94020067325e-06
6.30112087246 6.04490676245e-06
6.33141472281 5.36654145431e-06
6.36170857316 4.88291004828e-06
6.39200242351 7.45228457477e-06
6.42229627386 3.54933995605e-06
6.4525901242 1.84927830302e-06
6.48288397455 7.63993483737e-06
6.5131778249 6.76140408973e-06
6.54347167525 2.92294010915e-06
6.5737655256 6.84656312106e-06
6.60405937595 8.62343909839e-06
6.6343532263 1.1731268556e-05
6.66464707664 1.31095059546e-05
6.69494092699 1.33712090362e-05
6.72523477734 5.15951531552e-06
6.75552862769 7.04542668284e-06
6.78582247804 5.4921262367e-06
6.81611632839 1.00704289591e-05
6.84641017873 7.42126469879e-06
6.87670402908 9.46883130112e-06
6.90699787943 6.60777749284e-06
6.93729172978 4.41304198694e-06
6.96758558013 3.71587459413e-06
6.99787943048 3.35217505705e-06
7.02817328082 7.33956613377e-06
7.05846713117 1.38767506734e-05
7.08876098152 1.26052956986e-05
7.11905483187 8.9341160403e-06
7.14934868222 2.97282124677e-06
7.17964253257 5.35490097721e-06
7.20993638291 2.54063667468e-06
7.24023023326 3.79735017028e-06
7.27052408361 2.03392377169e-06
7.30081793396 2.35364718626e-06
7.33111178431 1.90824492823e-06
7.36140563466 1.16965201729e-06
7.391699485 3.75449362787e-06
7.42199333535 1.94406804238e-06
7.4522871857 4.29867105674e-06
7.48258103605 7.90189646299e-06
7.5128748864 5.63448539154e-06
7.54316873675 1.0053923814e-05
7.57346258709 8.72618182636e-06
7.60375643744 8.38570618177e-06
7.63405028779 6.92747759064e-06
7.66434413814 5.67753076979e-06
7.69463798849 4.75523396581e-06
7.72493183884 3.92692261632e-06
7.75522568919 2.97329200855e-06
7.78551953953 2.85560331893e-06
7.81581338988 2.32967624713e-06
7.84610724023 5.46432428709e-07
7.87640109058 3.27681697632e-06
7.90669494093 2.15921887146e-06
7.93698879128 5.71787691206e-06
7.96728264162 6.2261484621e-06
7.99757649197 3.38192329167e-06
8.02787034232 4.41230788791e-06
8.05816419267 2.08511077015e-06
8.08845804302 1.54488966746e-06
8.11875189337 1.74157397502e-06
8.14904574371 1.5918544743e-06
8.17933959406 2.42497596645e-06
8.20963344441 1.3113170683e-06
8.23992729476 2.60096775379e-06
8.27022114511 5.33450861106e-06
8.30051499546 3.93783168087e-06
8.3308088458 4.21104772626e-06
8.36110269615 6.09495699426e-06
8.3913965465 3.32196509137e-06
8.42169039685 1.13005214397e-06
8.4519842472 1.09725844557e-06
8.48227809755 2.76435837694e-06
8.51257194789 3.10401243542e-06
8.54286579824 5.05140175568e-06
8.57315964859 2.96661313596e-06
8.60345349894 1.83343867833e-06
8.63374734929 1.74140958302e-06
8.66404119964 2.6373007671e-06
8.69433504998 9.76167231008e-07
8.72462890033 2.08785629157e-06
8.75492275068 1.67067454926e-06
8.78521660103 2.11643029919e-06
8.81551045138 3.27764205639e-07
8.84580430173 6.57214784639e-07
8.87609815208 2.37192769867e-06
8.90639200242 3.78112195696e-06
8.93668585277 7.10414437966e-06
8.96697970312 5.43161291709e-06
8.99727355347 5.01261585125e-06
9.02756740382 5.86134293748e-06
9.05786125417 3.45152243684e-06
9.08815510451 4.36316228898e-06
9.11844895486 2.38850592889e-06
9.14874280521 2.25780970182e-06
9.17903665556 4.06424527968e-06
9.20933050591 3.33773976825e-06
9.23962435626 2.28349040179e-06
9.2699182066 2.83930620759e-06
9.30021205695 4.3762076957e-06
9.3305059073 2.51209184022e-06
9.36079975765 2.97131691313e-06
9.391093608 4.06318251592e-06
9.42138745835 2.09147230855e-06
9.45168130869 2.83059274601e-06
9.48197515904 3.25553718535e-06
9.51226900939 1.46588806204e-06
9.54256285974 1.52745624123e-06
9.57285671009 1.41100953714e-06
9.60315056044 4.55741297729e-07
9.63344441078 6.56296087658e-07
9.66373826113 9.09820463011e-07
9.69403211148 1.32209354041e-06
9.72432596183 5.96011898913e-07
9.75461981218 7.49063964907e-07
9.78491366253 1.70535661914e-06
9.81520751287 1.14343059334e-06
9.84550136322 1.31912177231e-06
9.87579521357 2.2726678163e-06
9.90608906392 1.13679367885e-06
9.93638291427 7.72143306723e-07
9.96667676462 1.15823883196e-06
9.99697061497 1.57415748218e-06
10.0272644653 1.25128014837e-06
10.0575583157 1.16562535446e-06
10.087852166 1.11885046183e-06
10.1181460164 1.23242993258e-06
10.1484398667 1.25051655925e-06
10.1787337171 6.74303169726e-08
10.2090275674 2.76311477778e-07
10.2393214178 4.80129701673e-07
10.2696152681 1.15681468379e-06
10.2999091184 1.66726919205e-06
10.3302029688 1.87053188155e-06
10.3604968191 1.63484768749e-06
10.3907906695 5.82843731875e-07
10.4210845198 7.57203658636e-07
10.4513783702 9.99005930836e-07
10.4816722205 2.1608970199e-07
10.5119660709 1.21563359455e-06
10.5422599212 1.14171549106e-06
10.5725537716 3.12520789464e-06
10.6028476219 1.34758641811e-06
10.6331414723 7.59379622837e-07
10.6634353226 8.23648184626e-07
10.693729173 1.13725485805e-06
10.7240230233 7.9362034797e-07
10.7543168737 1.49199379561e-06
10.784610724 1.67598902549e-06
10.8149045744 1.10479407578e-06
10.8451984247 2.95368793223e-06
10.8754922751 2.02505089624e-06
10.9057861254 1.2482679494e-06
10.9360799758 1.43725679792e-06
10.9663738261 1.8006888164e-06
10.9966676765 2.0668148913e-06
11.0269615268 1.96542461508e-06
11.0572553772 1.37104561524e-06
11.0875492275 2.11494531508e-06
11.1178430779 1.6717071882e-06
11.1481369282 1.17672502319e-06
11.1784307786 9.51023750089e-07
11.2087246289 1.7326167403e-06
11.2390184792 2.64411020241e-06
11.2693123296 1.57240634102e-06
11.2996061799 2.14116289095e-06
11.3299000303 2.29761005561e-06
11.3601938806 5.64512205377e-07
11.390487731 9.00574053769e-07
11.4207815813 4.15444231656e-07
11.4510754317 7.32422763526e-07
11.481369282 9.80119700281e-07
11.5116631324 1.07377979666e-06
11.5419569827 1.27314289741e-07
11.5722508331 6.92903617191e-07
11.6025446834 1.64163999517e-06
11.6328385338 1.33000728393e-06
11.6631323841 1.30011583085e-06
11.6934262345 1.60976002091e-06
11.7237200848 2.82164951067e-06
11.7540139352 2.32946962344e-06
11.7843077855 1.34731485703e-06
11.8146016359 8.21154254011e-07
11.8448954862 1.85592407495e-06
11.8751893366 2.46720594636e-06
11.9054831869 2.10054230997e-06
11.9357770373 1.59747760923e-06
11.9660708876 2.45872153377e-06
11.996364738 3.13386337563e-06
12.0266585883 1.85068794102e-06
12.0569524387 2.24885973036e-06
12.087246289 1.87535681999e-06
12.1175401394 2.38516684138e-06
12.1478339897 8.79282507446e-07
12.17812784 6.30644040242e-07
12.2084216904 8.68004354631e-07
12.2387155407 3.67539302442e-07
12.2690093911 1.80079614524e-06
12.2993032414 8.60210306936e-07
12.3295970918 1.24298793054e-06
12.3598909421 1.01116341337e-06
12.3901847925 1.82058286443e-06
12.4204786428 9.79664476688e-07
12.4507724932 1.147109981e-06
12.4810663435 3.18603194639e-07
12.5113601939 3.20930483997e-07
12.5416540442 1.09506854476e-06
12.5719478946 1.06227650776e-06
12.6022417449 3.89978211285e-07
12.6325355953 5.86713082031e-07
12.6628294456 4.47533115947e-07
12.693123296 3.91024577574e-07
12.7234171463 2.55039871441e-07
12.7537109967 7.34162343924e-07
12.784004847 3.23320881948e-07
12.8142986974 6.94109539045e-07
12.8445925477 6.27300746992e-07
12.8748863981 7.56275830791e-07
12.9051802484 1.57210510313e-06
12.9354740988 6.38587911742e-07
12.9657679491 4.4390464613e-07
12.9960617995 8.58879586451e-07
13.0263556498 1.09621287198e-07
13.0566495002 1.30112894587e-06
13.0869433505 1.10460752172e-06
13.1172372008 8.26110399332e-08
13.1475310512 3.83280853175e-07
13.1778249015 9.60193149927e-07
13.2081187519 1.03085832432e-06
13.2384126022 4.10897891272e-07
13.2687064526 4.21736816733e-07
13.2990003029 8.50734895987e-07
13.3292941533 5.986192101e-07
13.3595880036 5.94491656835e-07
13.389881854 8.52224060306e-07
13.4201757043 8.15394630206e-07
13.4504695547 3.00121613275e-07
13.480763405 7.15171156685e-08
13.5110572554 4.02323915299e-07
13.5413511057 9.99493529507e-07
13.5716449561 8.97783784647e-07
13.6019388064 1.40898521758e-08
13.6322326568 2.99168112458e-07
13.6625265071 1.22625197925e-07
13.6928203575 1.34682168158e-06
13.7231142078 2.39509705049e-07
13.7534080582 1.24925223348e-07
13.7837019085 4.29101338388e-07
13.8139957589 4.91402209811e-07
13.8442896092 2.79986084532e-07
13.8745834596 8.67773389952e-07
13.9048773099 3.8528665394e-07
13.9351711603 3.38479290188e-07
13.9654650106 6.39111826705e-07
13.995758861 4.54790026586e-07
14.0260527113 5.49195851801e-07
14.0563465616 4.55958401608e-07
14.086640412 8.44060254893e-07
14.1169342623 1.02811937815e-06
14.1472281127 5.02040208343e-07
14.177521963 7.89063214995e-07
14.2078158134 1.20587240861e-06
14.2381096637 6.01632619236e-07
14.2684035141 2.47442451116e-07
14.2986973644 4.14579128255e-07
14.3289912148 4.85713519786e-07
14.3592850651 3.59947878703e-07
14.3895789155 4.20658045015e-07
14.4198727658 4.45216179049e-07
14.4501666162 2.29745395225e-07
14.4804604665 3.74581464473e-07
14.5107543169 1.9501665772e-07
14.5410481672 1.8300288224e-07
14.5713420176 5.84375571852e-07
14.6016358679 7.11884704887e-07
14.6319297183 2.30305785146e-07
14.6622235686 7.13150773075e-07
14.692517419 7.6657193167e-07
14.7228112693 2.92423625303e-07
14.7531051197 7.43188595188e-07
14.78339897 4.03583384064e-07
14.8136928204 6.51723271529e-07
14.8439866707 9.79505242679e-08
14.8742805211 5.48364786223e-07
14.9045743714 1.54378536943e-07
14.9348682218 6.90832567043e-07
14.9651620721 2.82418489282e-07
14.9954559224 4.27026877124e-07
15.0257497728 2.78788396439e-07
15.0560436231 5.4997673928e-07
15.0863374735 1.4655672068e-07
15.1166313238 2.94432816205e-07
15.1469251742 3.66907467325e-07
15.1772190245 7.11839320458e-07
15.2075128749 6.42508560219e-07
15.2378067252 2.50364705233e-07
15.2681005756 1.90927499576e-07
15.2983944259 1.97985042923e-07
15.3286882763 5.90562904212e-07
15.3589821266 6.34083849896e-07
15.389275977 7.53806815782e-07
15.4195698273 2.75706778566e-07
15.4498636777 4.40543616131e-07
15.480157528 3.09767008955e-07
15.5104513784 6.95527547802e-07
15.5407452287 4.67391312502e-07
15.5710390791 2.28650894939e-07
15.6013329294 6.41130522355e-07
15.6316267798 2.99335154125e-07
15.6619206301 1.18843585388e-07
15.6922144805 2.61472450558e-07
15.7225083308 5.18309909777e-07
15.7528021812 6.12003980954e-07
15.7830960315 2.78603460967e-07
15.8133898819 1.87665350301e-07
15.8436837322 3.73834421977e-07
15.8739775826 5.39625106621e-07
15.9042714329 2.64687289854e-07
15.9345652832 4.51811026816e-07
15.9648591336 5.4054042907e-07
15.9951529839 7.88143022127e-07
16.0254468343 2.92565997035e-07
16.0557406846 1.59967570795e-07
16.086034535 3.63967895736e-07
16.1163283853 4.92917525893e-07
16.1466222357 2.25398965371e-07
16.176916086 4.5528516208e-07
16.2072099364 4.88087806537e-07
16.2375037867 4.47520052938e-07
16.2677976371 2.19112804028e-07
16.2980914874 5.51377528794e-07
16.3283853378 4.72221035435e-07
16.3586791881 3.69921684433e-07
16.3889730385 4.51477559993e-07
16.4192668888 3.53624713464e-07
16.4495607392 3.66072516112e-07
16.4798545895 3.98929620474e-07
16.5101484399 6.63322213588e-07
16.5404422902 8.49388702215e-07
16.5707361406 3.18773486073e-07
16.6010299909 2.55617759443e-07
16.6313238413 2.34099953479e-07
16.6616176916 4.89067088143e-07
16.691911542 5.14993584481e-07
16.7222053923 2.48472633561e-07
16.7524992427 1.22386113915e-07
16.782793093 6.41455647724e-07
16.8130869434 2.4154149628e-07
16.8433807937 1.36718301775e-07
16.873674644 5.28324413459e-07
16.9039684944 3.00875584371e-07
16.9342623447 2.87020623466e-07
16.9645561951 1.81019472262e-07
16.9948500454 4.90051988994e-07
17.0251438958 5.75904731894e-07
17.0554377461 3.3957279452e-07
17.0857315965 3.48333503071e-07
17.1160254468 3.74180269498e-07
17.1463192972 3.34507576571e-07
17.1766131475 3.51162594054e-07
17.2069069979 2.14035884482e-07
17.2372008482 2.43381082182e-07
17.2674946986 5.22992197227e-07
17.2977885489 6.60569816698e-08
17.3280823993 3.03869439295e-07
17.3583762496 2.87129492555e-07
17.3886701 4.12753512096e-07
17.4189639503 2.30276201295e-07
17.4492578007 2.43957843099e-07
17.479551651 2.70472158777e-07
17.5098455014 6.2953576535e-07
17.5401393517 1.79539100413e-08
17.5704332021 5.75241271051e-08
17.6007270524 4.32481954957e-08
17.6310209028 3.40469515335e-07
17.6613147531 3.75164294217e-07
17.6916086035 3.70456462884e-07
17.7219024538 2.57702602157e-07
17.7521963042 1.09008377423e-07
17.7824901545 3.14935441955e-07
17.8127840048 4.25394270981e-07
17.8430778552 5.16082263309e-07
17.8733717055 1.70017653946e-07
17.9036655559 3.05819743246e-07
17.9339594062 3.47115046972e-07
17.9642532566 1.24030170983e-07
17.9945471069 3.15071082469e-07
18.0248409573 4.23547509817e-07
18.0551348076 1.84438607152e-07
18.085428658 2.49315509096e-07
18.1157225083 2.65545595656e-07
18.1460163587 2.04206028474e-07
18.176310209 2.89851606307e-07
18.2066040594 1.35717850307e-07
18.2368979097 1.5938740832e-07
18.2671917601 2.69749217503e-07
18.2974856104 2.42507100051e-07
18.3277794608 3.19264761635e-07
18.3580733111 3.90019335946e-08
18.3883671615 2.32617379743e-07
18.4186610118 2.98092444473e-07
18.4489548622 3.09579455493e-07
18.4792487125 2.34904815267e-07
18.5095425629 2.2940729985e-08
18.5398364132 2.93527746689e-07
18.5701302636 2.27027857446e-07
18.6004241139 1.91267442892e-07
18.6307179643 3.03119530189e-07
18.6610118146 6.66769414975e-08
18.691305665 2.57643942168e-07
18.7215995153 3.49105006324e-07
18.7518933656 1.35585057895e-07
18.782187216 8.49451116742e-09
18.8124810663 3.51940521052e-07
18.8427749167 1.99319475287e-07
18.873068767 2.89374740346e-07
18.9033626174 3.32701376844e-08
18.9336564677 2.67301352299e-07
18.9639503181 9.6632020401e-08
18.9942441684 2.24011002542e-07
19.0245380188 2.30238588994e-07
19.0548318691 3.2163306065e-07
19.0851257195 1.62315605313e-07
19.1154195698 7.99353605562e-08
19.1457134202 1.94821917958e-07
19.1760072705 3.15059822872e-07
19.2063011209 1.84007274627e-07
19.2365949712 1.80789095025e-07
19.2668888216 2.51099437885e-07
19.2971826719 2.56045517538e-07
19.3274765223 1.7768044956e-07
19.3577703726 1.86773771994e-07
19.388064223 1.43424371716e-07
19.4183580733 2.03022164133e-07
19.4486519237 2.32784482478e-07
19.478945774 1.85961683044e-07
19.5092396244 4.33609652362e-07
19.5395334747 2.47827519775e-07
19.5698273251 2.65314023385e-07
19.6001211754 1.78102478821e-07
19.6304150257 2.71965641289e-07
19.6607088761 9.47742156125e-08
19.6910027264 2.71541109821e-07
19.7212965768 1.68476067357e-07
19.7515904271 2.15406278157e-07
19.7818842775 3.37034862314e-07
19.8121781278 1.86942198832e-07
19.8424719782 1.43416654447e-07
19.8727658285 2.93699237676e-07
19.9030596789 2.7849380935e-07
19.9333535292 1.63807107985e-07
19.9636473796 2.46800462093e-07
19.9939412299 1.91218635816e-07
20.0242350803 2.75305822649e-07
20.0545289306 1.51419987203e-07
20.084822781 2.09167791919e-07
20.1151166313 1.81378506931e-07
20.1454104817 2.07209133522e-07
20.175704332 1.62296001197e-07
20.2059981824 1.5219028216e-07
20.2362920327 2.40222570064e-07
20.2665858831 1.05287678506e-07
20.2968797334 2.46185843986e-07
20.3271735838 2.35468804643e-07
20.3574674341 2.11924600352e-07
20.3877612845 2.08299637201e-07
20.4180551348 1.83905034294e-07
20.4483489852 1.75590140988e-07
20.4786428355 2.53346090496e-07
20.5089366859 2.87889135215e-07
20.5392305362 1.73339436558e-07
20.5695243865 1.9037317016e-07
20.5998182369 1.88473766656e-07
20.6301120872 1.32978023663e-07
20.6604059376 2.13875551635e-07
20.6906997879 2.61662366142e-07
20.7209936383 1.61768229521e-07
20.7512874886 1.68630843412e-07
20.781581339 2.09642590597e-07
20.8118751893 2.21533069641e-07
20.8421690397 1.53887296967e-07
20.87246289 1.58177407014e-07
20.9027567404 1.82012278032e-07
20.9330505907 1.66623328747e-07
20.9633444411 2.03955793197e-07
20.9936382914 1.84239925977e-07
21.0239321418 2.37284143479e-07
21.0542259921 2.11567393759e-07
21.0845198425 6.80458668138e-08
21.1148136928 2.32021550311e-07
21.1451075432 2.1613479357e-07
21.1754013935 1.68180088343e-07
21.2056952439 2.54701928842e-07
21.2359890942 1.4292626346e-07
21.2662829446 1.88623524169e-07
21.2965767949 2.09915165065e-07
21.3268706453 1.84834351442e-07
21.3571644956 1.71737187697e-07
21.387458346 2.14275142797e-07
21.4177521963 2.14277450319e-07
21.4480460467 1.58207325691e-07
21.478339897 1.76453265001e-07
21.5086337473 2.12627611418e-07
21.5389275977 1.89828363224e-07
21.569221448 1.68455896032e-07
21.5995152984 1.96114562147e-07
21.6298091487 2.02509310094e-07
21.6601029991 1.73680650353e-07
21.6903968494 2.14665179217e-07
21.7206906998 1.27731130103e-07
21.7509845501 2.04923471836e-07
21.7812784005 1.29265372713e-07
21.8115722508 2.35789008098e-07
21.8418661012 1.8309124782e-07
21.8721599515 1.71705919668e-07
21.9024538019 1.5255674628e-07
21.9327476522 1.57766942234e-07
21.9630415026 1.44904835835e-07
21.9933353529 1.83794152312e-07
22.0236292033 1.79320929554e-07
22.0539230536 1.46694573969e-07
22.084216904 1.65425559392e-07
22.1145107543 1.20593404271e-07
22.1448046047 1.92924642968e-07
22.175098455 1.83820196946e-07
22.2053923054 2.09519173804e-07
22.2356861557 1.18653719094e-07
22.2659800061 1.80043974202e-07
22.2962738564 2.14435405647e-07
22.3265677068 1.87906084995e-07
22.3568615571 1.5266942161e-07
22.3871554075 2.05050607698e-07
22.4174492578 1.82188643936e-07
22.4477431081 1.48764643466e-07
22.4780369585 1.76708301104e-07
22.5083308088 1.89085707775e-07
22.5386246592 1.86817091386e-07
22.5689185095 1.59595617061e-07
22.5992123599 1.99388186324e-07
22.6295062102 2.32024015981e-07
22.6598000606 1.65494501098e-07
22.6900939109 1.43733799466e-07
22.7203877613 2.08360816846e-07
22.7506816116 1.80249151857e-07
22.780975462 1.93256378503e-07
22.8112693123 1.5539278896e-07
22.8415631627 1.56044207127e-07
22.871857013 1.96639066084e-07
22.9021508634 1.93306854376e-07
22.9324447137 1.10602998836e-07
22.9627385641 2.08082812948e-07
22.9930324144 2.13298948787e-07
23.0233262648 1.79504762553e-07
23.0536201151 1.22029188696e-07
23.0839139655 1.79248942698e-07
23.1142078158 2.21176723356e-07
23.1445016662 1.69287483923e-07
23.1747955165 1.39658039522e-07
23.2050893669 1.3859677123e-07
23.2353832172 1.6337719625e-07
23.2656770676 1.74566308282e-07
23.2959709179 2.12953713864e-07
23.3262647683 1.55644526215e-07
23.3565586186 1.66116422108e-07
23.3868524689 1.80593906216e-07
23.4171463193 1.66246633864e-07
23.4474401696 1.65131653084e-07
23.47773402 1.82502637832e-07
23.5080278703 1.55826766898e-07
23.5383217207 1.82411020318e-07
23.568615571 1.64689215501e-07
23.5989094214 1.53975393854e-07
23.6292032717 1.5341854467e-07
23.6594971221 1.71852782494e-07
23.6897909724 1.87518517995e-07
23.7200848228 1.73613821925e-07
23.7503786731 1.31683485109e-07
23.7806725235 1.77395524784e-07
23.8109663738 1.77876539054e-07
23.8412602242 1.77992281219e-07
23.8715540745 1.45921072787e-07
23.9018479249 1.73806929059e-07
23.9321417752 1.73772974192e-07
23.9624356256 1.7708887851e-07
23.9927294759 1.60598823176e-07
24.0230233263 1.63642454577e-07
24.0533171766 1.68786842452e-07
24.083611027 1.67111441326e-07
24.1139048773 1.72268141923e-07
24.1441987277 1.54421408077e-07
24.174492578 1.60935279102e-07
24.2047864284 1.6971232647e-07
24.2350802787 1.48034784481e-07
24.2653741291 1.63708775946e-07
24.2956679794 1.6826474561e-07
24.3259618297 1.46856262688e-07
24.3562556801 1.55916657884e-07
24.3865495304 1.68062619074e-07
24.4168433808 1.71753454331e-07
24.4471372311 1.64283260161e-07
24.4774310815 1.57908257868e-07
24.5077249318 1.43039383159e-07
24.5380187822 1.66677791651e-07
24.5683126325 1.85211523022e-07
24.5986064829 1.41346460082e-07
24.6289003332 1.69343441019e-07
24.6591941836 1.73536979391e-07
24.6894880339 1.63336872544e-07
24.7197818843 1.66963689828e-07
24.7500757346 1.62225100529e-07
24.780369585 1.57058088609e-07
24.8106634353 1.60045955021e-07
24.8409572857 1.62979485182e-07
24.871251136 1.57027679841e-07
24.9015449864 1.56950259124e-07
24.9318388367 1.6459719966e-07
24.9621326871 1.68570787324e-07
24.9924265374 1.79194253782e-07
25.0227203878 1.61994863369e-07
25.0530142381 1.61241307006e-07
25.0833080885 1.62335605827e-07
25.1136019388 1.5253139279e-07
25.1438957892 1.7102477913e-07
25.1741896395 1.60135471346e-07
25.2044834899 1.63333951866e-07
25.2347773402 1.58097995591e-07
25.2650711905 1.62554281254e-07
25.2953650409 1.48855727362e-07
25.3256588912 1.60037957189e-07
25.3559527416 1.4392328493e-07
25.3862465919 1.72076248128e-07
25.4165404423 1.59985265883e-07
25.4468342926 1.51056752927e-07
25.477128143 1.52533012451e-07
25.5074219933 1.67177317013e-07
25.5377158437 1.5233041705e-07
25.568009694 1.6034387315e-07
25.5983035444 1.59229891447e-07
25.6285973947 1.56244168475e-07
25.6588912451 1.55314737788e-07
25.6891850954 1.45374451297e-07
25.7194789458 1.68317993249e-07
25.7497727961 1.53123725498e-07
25.7800666465 1.51569662552e-07
25.8103604968 1.67133325838e-07
25.8406543472 1.58238433138e-07
25.8709481975 1.47771339076e-07
25.9012420479 1.55112176749e-07
25.9315358982 1.52180385499e-07
25.9618297486 1.62026198191e-07
25.9921235989 1.48488314491e-07
26.0224174493 1.569484704e-07
26.0527112996 1.60300737603e-07
26.08300515 1.55728465194e-07
26.1132990003 1.52967799658e-07
26.1435928507 1.45757953973e-07
26.173886701 1.56990568487e-07
26.2041805513 1.66051786021e-07
26.2344744017 1.55622800595e-07
26.264768252 1.57066868761e-07
26.2950621024 1.58154189448e-07
26.3253559527 1.49383184366e-07
26.3556498031 1.51366531485e-07
26.3859436534 1.5357918331e-07
26.4162375038 1.57841692166e-07
26.4465313541 1.51027612349e-07
26.4768252045 1.56762965506e-07
26.5071190548 1.59572634868e-07
26.5374129052 1.49281642913e-07
26.5677067555 1.58899098732e-07
26.5980006059 1.55604333787e-07
26.6282944562 1.52153875726e-07
26.6585883066 1.51999162969e-07
26.6888821569 1.51758551809e-07
26.7191760073 1.47938500485e-07
26.7494698576 1.58294719962e-07
26.779763708 1.60229790791e-07
26.8100575583 1.4891536468e-07
26.8403514087 1.4343859096e-07
26.870645259 1.50371227645e-07
26.9009391094 1.55212131061e-07
26.9312329597 1.4782388281e-07
26.9615268101 1.53700221459e-07
26.9918206604 1.49449719058e-07
27.0221145108 1.5122056479e-07
27.0524083611 1.50420803218e-07
27.0827022115 1.45182160207e-07
27.1129960618 1.54023298273e-07
27.1432899121 1.54259728488e-07
27.1735837625 1.51706074358e-07
27.2038776128 1.5639829606e-07
27.2341714632 1.53551842549e-07
27.2644653135 1.50192593805e-07
27.2947591639 1.51639613131e-07
27.3250530142 1.51079205419e-07
27.3553468646 1.49733381157e-07
27.3856407149 1.51812790498e-07
27.4159345653 1.48238788222e-07
27.4462284156 1.49055527537e-07
27.476522266 1.48285550549e-07
27.5068161163 1.52318564994e-07
27.5371099667 1.49153059501e-07
27.567403817 1.45490424597e-07
27.5976976674 1.49794380827e-07
27.6279915177 1.50986883161e-07
27.6582853681 1.48032276934e-07
27.6885792184 1.44122352544e-07
27.7188730688 1.49819056e-07
27.7491669191 1.4971804631e-07
27.7794607695 1.45704533538e-07
27.8097546198 1.45313542055e-07
27.8400484702 1.48059368865e-07
27.8703423205 1.52320186583e-07
27.9006361709 1.44491020741e-07
27.9309300212 1.44644706444e-07
27.9612238716 1.47899888036e-07
27.9915177219 1.46546963171e-07
28.0218115723 1.46560739082e-07
28.0521054226 1.52294672341e-07
28.0823992729 1.45002801519e-07
28.1126931233 1.44274234629e-07
28.1429869736 1.48858000056e-07
28.173280824 1.47393606688e-07
28.2035746743 1.45943303172e-07
28.2338685247 1.48913600127e-07
28.264162375 1.44538048369e-07
28.2944562254 1.45924626569e-07
28.3247500757 1.45068743692e-07
28.3550439261 1.46066045176e-07
28.3853377764 1.44945363626e-07
28.4156316268 1.4890597632e-07
28.4459254771 1.4479544793e-07
28.4762193275 1.43237095064e-07
28.5065131778 1.47949256815e-07
28.5368070282 1.44915431101e-07
28.5671008785 1.43863737715e-07
28.5973947289 1.44840818402e-07
28.6276885792 1.46613630883e-07
28.6579824296 1.43763938959e-07
28.6882762799 1.43462833095e-07
28.7185701303 1.42513933335e-07
28.7488639806 1.45851881686e-07
28.779157831 1.49293961488e-07
28.8094516813 1.43696863874e-07
28.8397455317 1.44313388655e-07
28.870039382 1.3973461796e-07
28.9003332324 1.48163315217e-07
28.9306270827 1.43333478734e-07
28.9609209331 1.43083576725e-07
28.9912147834 1.3936189156e-07
29.0215086337 1.44335986548e-07
29.0518024841 1.43449901825e-07
29.0820963344 1.44729981181e-07
29.1123901848 1.42077092592e-07
29.1426840351 1.4052286245e-07
29.1729778855 1.43905940318e-07
29.2032717358 1.40790519009e-07
29.2335655862 1.42535574936e-07
29.2638594365 1.45485039847e-07
29.2941532869 1.41088714527e-07
29.3244471372 1.42644255342e-07
29.3547409876 1.43184568789e-07
29.3850348379 1.41640537398e-07
29.4153286883 1.41747867362e-07
29.4456225386 1.41119426778e-07
29.475916389 1.43792759417e-07
29.5062102393 1.40117304644e-07
29.5365040897 1.4169098445e-07
29.56679794 1.42745480056e-07
29.5970917904 1.42553002283e-07
29.6273856407 1.40922297478e-07
29.6576794911 1.40875914168e-07
29.6879733414 1.40438357059e-07
29.7182671918 1.39951234952e-07
29.7485610421 1.39999031216e-07
29.7788548925 1.37347356903e-07
29.8091487428 1.41019516499e-07
29.8394425932 1.40661797123e-07
29.8697364435 1.38718404029e-07
29.9000302939 1.40190731547e-07
29.9303241442 1.40955534746e-07
29.9606179945 1.38334705795e-07
29.9909118449 1.40628091501e-07
30.0212056952 1.38055670943e-07
30.0514995456 1.40534753729e-07
30.0817933959 1.40969832755e-07
30.1120872463 1.38853893491e-07
30.1423810966 1.3945803779e-07
30.172674947 1.39351660844e-07
30.2029687973 1.39680045629e-07
30.2332626477 1.39471227041e-07
30.263556498 1.3990392977e-07
30.2938503484 1.39307426659e-07
30.3241441987 1.38344575069e-07
30.3544380491 1.38067521834e-07
30.3847318994 1.38991728611e-07
30.4150257498 1.37101183155e-07
30.4453196001 1.38480007014e-07
30.4756134505 1.39466212775e-07
30.5059073008 1.39351697025e-07
30.5362011512 1.37222555913e-07
30.5664950015 1.39927855205e-07
30.5967888519 1.37794205823e-07
30.6270827022 1.35498087577e-07
30.6573765526 1.37122373798e-07
30.6876704029 1.37846879078e-07
30.7179642533 1.37010616494e-07
30.7482581036 1.37513186215e-07
30.778551954 1.37178710814e-07
30.8088458043 1.35830325353e-07
30.8391396547 1.38749818234e-07
30.869433505 1.35328980279e-07
30.8997273553 1.37822268681e-07
30.9300212057 1.35390468012e-07
30.960315056 1.36433991491e-07
30.9906089064 1.36749518551e-07
31.0209027567 1.37319791985e-07
31.0511966071 1.35583774762e-07
31.0814904574 1.36651442794e-07
31.1117843078 1.36319236153e-07
31.1420781581 1.36794993263e-07
31.1723720085 1.35881064054e-07
31.2026658588 1.35236415985e-07
31.2329597092 1.36443540795e-07
31.2632535595 1.35923833013e-07
31.2935474099 1.35145236969e-07
31.3238412602 1.35144759784e-07
31.3541351106 1.36185729318e-07
31.3844289609 1.35542959979e-07
31.4147228113 1.35071015694e-07
31.4450166616 1.34736938468e-07
31.475310512 1.35494209364e-07
31.5056043623 1.34349289324e-07
31.5358982127 1.35740993126e-07
31.566192063 1.34686594763e-07
31.5964859134 1.34901617098e-07
31.6267797637 1.34939498683e-07
31.6570736141 1.34328001639e-07
31.6873674644 1.34519193371e-07
31.7176613148 1.35421670718e-07
31.7479551651 1.34301198473e-07
31.7782490154 1.34050671083e-07
31.8085428658 1.35659011144e-07
31.8388367161 1.34075162979e-07
31.8691305665 1.34684141682e-07
31.8994244168 1.33683353203e-07
31.9297182672 1.34129316782e-07
31.9600121175 1.34193586707e-07
31.9903059679 1.3352161521e-07
32.0205998182 1.3383436574e-07
32.0508936686 1.33490529098e-07
32.0811875189 1.33339251114e-07
32.1114813693 1.3314529508e-07
32.1417752196 1.32369267958e-07
32.17206907 1.3330764576e-07
32.2023629203 1.33166108472e-07
32.2326567707 1.32574996663e-07
32.262950621 1.32751292053e-07
32.2932444714 1.32692296576e-07
32.3235383217 1.33186504253e-07
32.3538321721 1.31850917755e-07
32.3841260224 1.32977041642e-07
32.4144198728 1.32394857308e-07
32.4447137231 1.32669442264e-07
32.4750075735 1.32248998843e-07
32.5053014238 1.32298100341e-07
32.5355952742 1.32090616469e-07
32.5658891245 1.32002336103e-07
32.5961829749 1.32492507669e-07
32.6264768252 1.31867224374e-07
32.6567706756 1.31856940682e-07
32.6870645259 1.32185707845e-07
32.7173583762 1.31851667029e-07
32.7476522266 1.31882248845e-07
32.7779460769 1.31518176724e-07
32.8082399273 1.32153362371e-07
32.8385337776 1.31721463586e-07
32.868827628 1.31097232469e-07
32.8991214783 1.31506008622e-07
32.9294153287 1.31229235488e-07
32.959709179 1.31619331202e-07
32.9900030294 1.30900885913e-07
33.0202968797 1.3094864567e-07
33.0505907301 1.30973243198e-07
33.0808845804 1.31015565635e-07
33.1111784308 1.30987262088e-07
33.1414722811 1.30936099501e-07
33.1717661315 1.30422259312e-07
33.2020599818 1.30889523479e-07
33.2323538322 1.30697707503e-07
33.2626476825 1.3058993022e-07
33.2929415329 1.30512106847e-07
33.3232353832 1.30503145494e-07
33.3535292336 1.30437563681e-07
33.3838230839 1.30201877425e-07
33.4141169343 1.29832379062e-07
33.4444107846 1.30055786113e-07
33.474704635 1.30287704626e-07
33.5049984853 1.29860450879e-07
33.5352923357 1.29701519839e-07
33.565586186 1.29797032739e-07
33.5958800364 1.29644575192e-07
33.6261738867 1.29707260198e-07
33.656467737 1.29433859031e-07
33.6867615874 1.2960922038e-07
33.7170554377 1.29202769347e-07
33.7473492881 1.29610406715e-07
33.7776431384 1.29103152418e-07
33.8079369888 1.2920567454e-07
33.8382308391 1.29321120199e-07
33.8685246895 1.29266972318e-07
33.8988185398 1.28967151331e-07
33.9291123902 1.28992650769e-07
33.9594062405 1.29035352066e-07
33.9897000909 1.28971052682e-07
34.0199939412 1.2854712299e-07
34.0502877916 1.28730787953e-07
34.0805816419 1.28657724688e-07
34.1108754923 1.28334497179e-07
34.1411693426 1.28336751848e-07
34.171463193 1.28742234708e-07
34.2017570433 1.2811653046e-07
34.2320508937 1.2821185219e-07
34.262344744 1.27963754018e-07
34.2926385944 1.28113783005e-07
34.3229324447 1.28166911659e-07
34.3532262951 1.28046306676e-07
34.3835201454 1.27834505299e-07
34.4138139958 1.2782439108e-07
34.4441078461 1.27796282689e-07
34.4744016965 1.27925518794e-07
34.5046955468 1.27560764118e-07
34.5349893972 1.27755264404e-07
34.5652832475 1.27446766164e-07
34.5955770978 1.27372443091e-07
34.6258709482 1.27342488486e-07
34.6561647985 1.27398102043e-07
34.6864586489 1.27328469364e-07
34.7167524992 1.27154398396e-07
34.7470463496 1.27166822234e-07
34.7773401999 1.27224050006e-07
34.8076340503 1.26862544341e-07
34.8379279006 1.27005146542e-07
34.868221751 1.27070598707e-07
34.8985156013 1.26775710733e-07
34.9288094517 1.26885810305e-07
34.959103302 1.26781872971e-07
34.9893971524 1.26560289509e-07
35.0196910027 1.26579664676e-07
35.0499848531 1.26461233385e-07
35.0802787034 1.26638093545e-07
35.1105725538 1.26291941469e-07
35.1408664041 1.26366719105e-07
35.1711602545 1.26329663366e-07
35.2014541048 1.2623247885e-07
35.2317479552 1.26170970733e-07
35.2620418055 1.26095036396e-07
35.2923356559 1.25969487314e-07
35.3226295062 1.26087019922e-07
35.3529233566 1.25884184925e-07
35.3832172069 1.25919279853e-07
35.4135110573 1.26019646566e-07
35.4438049076 1.25751791025e-07
35.474098758 1.25650319426e-07
35.5043926083 1.25688135333e-07
35.5346864586 1.25623748384e-07
35.564980309 1.25554031958e-07
35.5952741593 1.25472049127e-07
35.6255680097 1.25339228718e-07
35.65586186 1.25489013132e-07
35.6861557104 1.25216540342e-07
35.7164495607 1.25298563925e-07
35.7467434111 1.25156215587e-07
35.7770372614 1.25114240411e-07
35.8073311118 1.25117000424e-07
35.8376249621 1.25049531311e-07
35.8679188125 1.24868351098e-07
35.8982126628 1.24927983602e-07
35.9285065132 1.24876268726e-07
35.9588003635 1.24848427525e-07
35.9890942139 1.24668113005e-07
36.0193880642 1.24708732986e-07
36.0496819146 1.24555438256e-07
36.0799757649 1.24618753904e-07
36.1102696153 1.24474186637e-07
36.1405634656 1.24473570928e-07
36.170857316 1.2439092436e-07
36.2011511663 1.24310512428e-07
36.2314450167 1.24405936762e-07
36.261738867 1.24220751639e-07
36.2920327174 1.24189171271e-07
36.3223265677 1.24012939026e-07
36.3526204181 1.24056148577e-07
36.3829142684 1.24042359469e-07
36.4132081188 1.23939624807e-07
36.4435019691 1.23897111807e-07
36.4737958194 1.23844078137e-07
36.5040896698 1.23750152131e-07
36.5343835201 1.23747973486e-07
36.5646773705 1.23707742266e-07
36.5949712208 1.23609857697e-07
36.6252650712 1.23553500385e-07
36.6555589215 1.23520480759e-07
36.6858527719 1.23498250734e-07
36.7161466222 1.23416850049e-07
36.7464404726 1.23339746819e-07
36.7767343229 1.23295909161e-07
36.8070281733 1.23290596046e-07
36.8373220236 1.23214330584e-07
36.867615874 1.23111089191e-07
36.8979097243 1.2303586188e-07
36.9282035747 1.23085637086e-07
36.958497425 1.23038645135e-07
36.9887912754 1.22935543304e-07
37.0190851257 1.22882430557e-07
37.0493789761 1.22801044683e-07
37.0796728264 1.22800021468e-07
37.1099666768 1.22710530204e-07
37.1402605271 1.22717440301e-07
37.1705543775 1.22594070321e-07
37.2008482278 1.22624979423e-07
37.2311420782 1.22543072168e-07
37.2614359285 1.22496528707e-07
37.2917297789 1.22462073371e-07
37.3220236292 1.22402469393e-07
37.3523174796 1.22343029562e-07
37.3826113299 1.22263347224e-07
37.4129051802 1.22228307494e-07
37.4431990306 1.2221986808e-07
37.4734928809 1.22178207768e-07
37.5037867313 1.22106415635e-07
37.5340805816 1.22067437558e-07
37.564374432 1.22015199878e-07
37.5946682823 1.21939078596e-07
37.6249621327 1.21911835082e-07
37.655255983 1.21884419787e-07
37.6855498334 1.21832126839e-07
37.7158436837 1.2173594163e-07
37.7461375341 1.21727625688e-07
37.7764313844 1.21691968401e-07
37.8067252348 1.21600634007e-07
37.8370190851 1.2162204089e-07
37.8673129355 1.21523153563e-07
37.8976067858 1.21485067315e-07
37.9279006362 1.21430106519e-07
37.9581944865 1.21410254692e-07
37.9884883369 1.21340865251e-07
38.0187821872 1.21334175974e-07
38.0490760376 1.21278039961e-07
38.0793698879 1.21216052886e-07
38.1096637383 1.21157396801e-07
38.1399575886 1.21110937489e-07
38.170251439 1.21038567079e-07
38.2005452893 1.21056929445e-07
38.2308391397 1.20976086152e-07
38.26113299 1.20923106346e-07
38.2914268404 1.20870659348e-07
38.3217206907 1.20853523489e-07
38.352014541 1.20793814766e-07
38.3823083914 1.2074515556e-07
38.4126022417 1.20722087688e-07
38.4428960921 1.20652989563e-07
38.4731899424 1.20632997845e-07
38.5034837928 1.20601357223e-07
38.5337776431 1.20531352951e-07
38.5640714935 1.20497116782e-07
38.5943653438 1.20453532721e-07
38.6246591942 1.2040188775e-07
38.6549530445 1.2036691143e-07
38.6852468949 1.20324850294e-07
38.7155407452 1.2027842376e-07
38.7458345956 1.20246346909e-07
38.7761284459 1.20203382658e-07
38.8064222963 1.20159298147e-07
38.8367161466 1.20108126197e-07
38.867009997 1.20070761883e-07
38.8973038473 1.20020510967e-07
38.9275976977 1.19991187879e-07
38.957891548 1.19945637328e-07
38.9881853984 1.19918202802e-07
39.0184792487 1.19869641287e-07
39.0487730991 1.19814191957e-07
39.0790669494 1.19788636887e-07
39.1093607998 1.19742217205e-07
39.1396546501 1.19699653398e-07
39.1699485005 1.19649307261e-07
39.2002423508 1.19621269255e-07
39.2305362012 1.19584625997e-07
39.2608300515 1.19535068742e-07
39.2911239018 1.19496428955e-07
39.3214177522 1.19453091345e-07
39.3517116025 1.19415465394e-07
39.3820054529 1.19387586902e-07
39.4122993032 1.19334479208e-07
39.4425931536 1.19291546156e-07
39.4728870039 1.19271372801e-07
39.5031808543 1.19231400989e-07
39.5334747046 1.1918265103e-07
39.563768555 1.19146316723e-07
39.5940624053 1.19101524132e-07
39.6243562557 1.19064914673e-07
39.654650106 1.19031654405e-07
39.6849439564 1.19003679703e-07
39.7152378067 1.18952749124e-07
39.7455316571 1.18898412238e-07
39.7758255074 1.18874455935e-07
39.8061193578 1.18826531567e-07
39.8364132081 1.18787571914e-07
39.8667070585 1.18760176533e-07
39.8970009088 1.18711642436e-07
39.9272947592 1.18683282448e-07
39.9575886095 1.18650053044e-07
39.9878824599 1.18607912549e-07
40.0181763102 1.18573329259e-07
40.0484701606 1.18542256953e-07
40.0787640109 1.1849378616e-07
40.1090578613 1.18465292001e-07
40.1393517116 1.18426004926e-07
40.169645562 1.18395157573e-07
40.1999394123 1.18354356525e-07
40.2302332626 1.18317995349e-07
40.260527113 1.18287473934e-07
40.2908209633 1.18257070254e-07
40.3211148137 1.18206298556e-07
40.351408664 1.18174415688e-07
40.3817025144 1.18133373889e-07
40.4119963647 1.18107611905e-07
40.4422902151 1.18069754975e-07
40.4725840654 1.18032142153e-07
40.5028779158 1.18000749831e-07
40.5331717661 1.17970949407e-07
40.5634656165 1.17940947263e-07
40.5937594668 1.1789395426e-07
40.6240533172 1.17866620861e-07
40.6543471675 1.17826498391e-07
40.6846410179 1.17791145821e-07
40.7149348682 1.17763201858e-07
40.7452287186 1.17723588317e-07
40.7755225689 1.17684495427e-07
40.8058164193 1.17657662454e-07
40.8361102696 1.17622530346e-07
40.86640412 1.17589391397e-07
40.8966979703 1.17558882327e-07
40.9269918207 1.17522875653e-07
40.957285671 1.17496012534e-07
40.9875795214 1.1745922023e-07
41.0178733717 1.17429823609e-07
41.0481672221 1.17392786613e-07
41.0784610724 1.1736569231e-07
41.1087549228 1.17334923661e-07
41.1390487731 1.17299502546e-07
41.1693426234 1.17263079415e-07
41.1996364738 1.17235307947e-07
41.2299303241 1.17204106751e-07
41.2602241745 1.17165954561e-07
41.2905180248 1.17142136646e-07
41.3208118752 1.17107222067e-07
41.3511057255 1.1707682056e-07
41.3813995759 1.17047252979e-07
41.4116934262 1.17013876001e-07
41.4419872766 1.16982633541e-07
41.4722811269 1.16952509672e-07
41.5025749773 1.1692119471e-07
41.5328688276 1.16891454651e-07
41.563162678 1.16861385587e-07
41.5934565283 1.16831868259e-07
41.6237503787 1.16797407798e-07
41.654044229 1.16770761876e-07
41.6843380794 1.16737114142e-07
41.7146319297 1.16711685879e-07
41.7449257801 1.16680149268e-07
41.7752196304 1.16651473309e-07
41.8055134808 1.16623180184e-07
41.8358073311 1.16590162713e-07
41.8661011815 1.16564750887e-07
41.8963950318 1.16533413481e-07
41.9266888822 1.1650437772e-07
41.9569827325 1.16477726386e-07
41.9872765829 1.16448298003e-07
42.0175704332 1.16418164806e-07
42.0478642836 1.16390555159e-07
42.0781581339 1.16362097773e-07
42.1084519842 1.16334226152e-07
42.1387458346 1.1630796897e-07
42.1690396849 1.16276308539e-07
42.1993335353 1.16248511846e-07
42.2296273856 1.16222741886e-07
42.259921236 1.161931784e-07
42.2902150863 1.16166391345e-07
42.3205089367 1.16138876616e-07
42.350802787 1.16111610935e-07
42.3810966374 1.16084420814e-07
42.4113904877 1.16057280121e-07
42.4416843381 1.16030927337e-07
42.4719781884 1.16003025983e-07
42.5022720388 1.15977969394e-07
42.5325658891 1.15952252388e-07
42.5628597395 1.15924019742e-07
42.5931535898 1.1589793381e-07
42.6234474402 1.15871663823e-07
42.6537412905 1.15845207407e-07
42.6840351409 1.15819520303e-07
42.7143289912 1.15793877414e-07
42.7446228416 1.15767765398e-07
42.7749166919 1.15742186236e-07
42.8052105423 1.15716619139e-07
42.8355043926 1.15691472995e-07
42.865798243 1.15665923185e-07
42.8960920933 1.1564082289e-07
42.9263859437 1.15615655718e-07
42.956679794 1.15591059489e-07
42.9869736444 1.15565752188e-07
43.0172674947 1.15541268005e-07
43.047561345 1.15516566795e-07
43.0778551954 1.15491928077e-07
43.1081490457 1.15467788899e-07
43.1384428961 1.15442759296e-07
43.1687367464 1.15419557634e-07
43.1990305968 1.15395694818e-07
43.2293244471 1.15371555441e-07
43.2596182975 1.15347214868e-07
43.2899121478 1.15324427586e-07
43.3202059982 1.15300562849e-07
43.3504998485 1.1527642432e-07
43.3807936989 1.15253570379e-07
43.4110875492 1.15230136135e-07
43.4413813996 1.15207627836e-07
43.4716752499 1.15183905126e-07
43.5019691003 1.15161120402e-07
43.5322629506 1.1513852419e-07
43.562556801 1.15115878685e-07
43.5928506513 1.15093052308e-07
43.6231445017 1.15071031314e-07
43.653438352 1.15048462626e-07
43.6837322024 1.15026329856e-07
43.7140260527 1.15004596998e-07
43.7443199031 1.14982266607e-07
43.7746137534 1.1496077857e-07
43.8049076038 1.14938815926e-07
43.8352014541 1.14916876911e-07
43.8654953045 1.14895742658e-07
43.8957891548 1.14874241315e-07
43.9260830051 1.14852727459e-07
43.9563768555 1.14831706323e-07
43.9866707058 1.14810532626e-07
44.0169645562 1.14789764081e-07
44.0472584065 1.14768720058e-07
44.0775522569 1.14748109748e-07
44.1078461072 1.14727622088e-07
44.1381399576 1.1470693844e-07
44.1684338079 1.14686376508e-07
44.1987276583 1.14666254716e-07
44.2290215086 1.14646110702e-07
44.259315359 1.14626055315e-07
44.2896092093 1.14606025874e-07
44.3199030597 1.14586456834e-07
44.35019691 1.14566473439e-07
44.3804907604 1.14546943364e-07
44.4107846107 1.14527369391e-07
44.4410784611 1.1450799499e-07
44.4713723114 1.14488688255e-07
44.5016661618 1.1446964266e-07
44.5319600121 1.14450463919e-07
44.5622538625 1.14431536335e-07
44.5925477128 1.14412715269e-07
44.6228415632 1.14394001866e-07
44.6531354135 1.14375380244e-07
44.6834292639 1.14356858436e-07
44.7137231142 1.14338465091e-07
44.7440169646 1.14320193492e-07
44.7743108149 1.14301971233e-07
44.8046046653 1.14283915437e-07
44.8348985156 1.14266006298e-07
44.8651923659 1.14248117355e-07
44.8954862163 1.14230399068e-07
44.9257800666 1.1421273565e-07
44.956073917 1.14195227917e-07
44.9863677673 1.14177847983e-07
45.0166616177 1.14160548469e-07
45.046955468 1.14143319344e-07
45.0772493184 1.14126229525e-07
45.1075431687 1.14109289936e-07
45.1378370191 1.14092379448e-07
45.1681308694 1.14075629517e-07
45.1984247198 1.14059018597e-07
45.2287185701 1.14042455534e-07
45.2590124205 1.14026005687e-07
45.2893062708 1.14009706994e-07
45.3196001212 1.13993483304e-07
45.3498939715 1.13977390933e-07
45.3801878219 1.13961387065e-07
45.4104816722 1.13945500338e-07
45.4407755226 1.13929748113e-07
45.4710693729 1.13914065947e-07
45.5013632233 1.13898513615e-07
45.5316570736 1.13883032701e-07
45.561950924 1.13867690199e-07
45.5922447743 1.13852458514e-07
45.6225386247 1.13837328801e-07
45.652832475 1.13822302336e-07
45.6831263254 1.13807394318e-07
45.7134201757 1.13792579354e-07
45.7437140261 1.13777874802e-07
45.7740078764 1.13763287318e-07
45.8043017267 1.13748802426e-07
45.8345955771 1.1373442125e-07
45.8648894274 1.13720150978e-07
45.8951832778 1.13705987527e-07
45.9254771281 1.1369192383e-07
45.9557709785 1.13677977319e-07
45.9860648288 1.13664133394e-07
46.0163586792 1.13650390731e-07
46.0466525295 1.13636768058e-07
46.0769463799 1.13623240672e-07
46.1072402302 1.13609823731e-07
46.1375340806 1.13596518707e-07
46.1678279309 1.1358331187e-07
46.1981217813 1.13570219801e-07
46.2284156316 1.1355722589e-07
46.258709482 1.13544343427e-07
46.2890033323 1.13531567971e-07
46.3192971827 1.13518896356e-07
46.349591033 1.13506331264e-07
46.3798848834 1.13493871395e-07
46.4101787337 1.13481517896e-07
46.4404725841 1.13469274098e-07
46.4707664344 1.13457134672e-07
46.5010602848 1.13445097539e-07
46.5313541351 1.13433169798e-07
46.5616479855 1.13421346154e-07
46.5919418358 1.13409630061e-07
46.6222356862 1.13398020001e-07
46.6525295365 1.13386511599e-07
46.6828233869 1.13375113304e-07
46.7131172372 1.13363818068e-07
46.7434110875 1.13352628973e-07
46.7737049379 1.13341545868e-07
46.8039987882 1.13330566815e-07
46.8342926386 1.13319694529e-07
46.8645864889 1.13308926584e-07
46.8948803393 1.13298263806e-07
46.9251741896 1.1328770679e-07
46.95546804 1.132772545e-07
46.9857618903 1.13266907632e-07
47.0160557407 1.13256666215e-07
47.046349591 1.13246528835e-07
47.0766434414 1.13236496797e-07
47.1069372917 1.13226569587e-07
47.1372311421 1.13216747443e-07
47.1675249924 1.13207029948e-07
47.1978188428 1.13197417227e-07
47.2281126931 1.13187909095e-07
47.2584065435 1.13178505852e-07
47.2887003938 1.1316920712e-07
47.3189942442 1.13160013175e-07
47.3492880945 1.1315092347e-07
47.3795819449 1.13141938515e-07
47.4098757952 1.13133057901e-07
47.4401696456 1.13124281802e-07
47.4704634959 1.13115609978e-07
47.5007573463 1.13107042482e-07
47.5310511966 1.13098579434e-07
47.561345047 1.13090220429e-07
47.5916388973 1.13081965877e-07
47.6219327477 1.13073815308e-07
47.652226598 1.13065768949e-07
47.6825204483 1.13057826683e-07
47.7128142987 1.13049988517e-07
47.743108149 1.13042254367e-07
47.7734019994 1.13034624187e-07
47.8036958497 1.13027098001e-07
47.8339897001 1.13019675771e-07
47.8642835504 1.13012357388e-07
47.8945774008 1.13005142874e-07
47.9248712511 1.12998032164e-07
47.9551651015 1.12991025273e-07
47.9854589518 1.12984122133e-07
48.0157528022 1.12977322733e-07
48.0460466525 1.1297062701e-07
48.0763405029 1.12964034969e-07
48.1066343532 1.12957546544e-07
48.1369282036 1.12951161746e-07
48.1672220539 1.12944880505e-07
48.1975159043 1.12938702816e-07
48.2278097546 1.12932628644e-07
48.258103605 1.12926657966e-07
48.2883974553 1.12920790738e-07
48.3186913057 1.12915026951e-07
48.348985156 1.1290936657e-07
48.3792790064 1.12903809572e-07
48.4095728567 1.1289835593e-07
48.4398667071 1.12893005618e-07
48.4701605574 1.12887758613e-07
48.5004544078 1.12882614889e-07
48.5307482581 1.12877574423e-07
48.5610421085 1.12872637191e-07
48.5913359588 1.12867803171e-07
48.6216298091 1.12863072342e-07
48.6519236595 1.1285844468e-07
48.6822175098 1.12853920164e-07
48.7125113602 1.12849498774e-07
48.7428052105 1.12845180489e-07
48.7730990609 1.12840965289e-07
48.8033929112 1.12836853154e-07
48.8336867616 1.12832844066e-07
48.8639806119 1.12828938006e-07
48.8942744623 1.12825134957e-07
48.9245683126 1.128214349e-07
48.954862163 1.12817837818e-07
48.9851560133 1.12814343696e-07
49.0154498637 1.12810952516e-07
49.045743714 1.12807664264e-07
49.0760375644 1.12804478923e-07
49.1063314147 1.1280139648e-07
49.1366252651 1.1279841692e-07
49.1669191154 1.1279554023e-07
49.1972129658 1.12792766395e-07
49.2275068161 1.12790095404e-07
49.2578006665 1.12787527244e-07
49.2880945168 1.12785061903e-07
49.3183883672 1.1278269937e-07
49.3486822175 1.12780439633e-07
49.3789760679 1.12778282684e-07
49.4092699182 1.1277622851e-07
49.4395637686 1.12774277104e-07
49.4698576189 1.12772428456e-07
49.5001514693 1.12770682558e-07
49.5304453196 1.12769039401e-07
49.5607391699 1.12767498978e-07
49.5910330203 1.12766061282e-07
49.6213268706 1.12764726306e-07
49.651620721 1.12763494045e-07
49.6819145713 1.12762364491e-07
49.7122084217 1.12761337641e-07
49.742502272 1.1276041349e-07
49.7727961224 1.12759592032e-07
49.8030899727 1.12758873265e-07
49.8333838231 1.12758257186e-07
49.8636776734 1.1275774379e-07
49.8939715238 1.12757333077e-07
49.9242653741 1.12757025043e-07
49.9545592245 1.12756819688e-07
49.9848530748 1.12756717011e-07
