0.0 3.02524096486e-05
0.0302938503484 0.000120701024629
0.0605877006968 2.33981209908e-05
0.0908815510451 5.37875832438e-05
0.121175401394 3.13223656191e-05
0.151469251742 9.94760828432e-05
0.18176310209 0.000108786691846
0.212056952439 0.000190844013222
0.242350802787 0.000233636366384
0.272644653135 0.00031837648235
0.302938503484 0.000186550364003
0.333232353832 0.000225230945189
0.363526204181 0.000198079386693
0.393820054529 0.000220378393281
0.424113904877 0.000132388974898
0.454407755226 6.33231140915e-05
0.484701605574 0.000151815714015
0.514995455922 0.000105827025358
0.545289306271 0.000171388078325
0.575583156619 0.000145835087848
0.605877006968 0.000216228432461
0.636170857316 0.000218286959386
0.666464707664 0.000317132120541
0.696758558013 0.000147007437903
0.727052408361 6.81325927253e-05
0.757346258709 3.85073932984e-05
0.787640109058 7.12244158484e-05
0.817933959406 9.26429136845e-05
0.848227809755 0.000102367742757
0.878521660103 0.000129134112802
0.908815510451 5.35493624884e-05
0.9391093608 4.29416060614e-05
0.969403211148 8.142256878e-05
0.999697061497 0.00014445830353
1.02999091184 9.69017101511e-05
1.06028476219 5.6861162932e-05
1.09057861254 4.22941986645e-05
1.12087246289 6.39782422526e-05
1.15116631324 0.000111423258641
1.18146016359 6.75110283903e-05
1.21175401394 1.96299889844e-05
1.24204786428 3.10668636626e-05
1.27234171463 4.2152310646e-05
1.30263556498 3.70446099094e-05
1.33292941533 4.50065307487e-05
1.36322326568 4.91949363764e-05
1.39351711603 4.23844111123e-05
1.42381096637 5.07916390116e-05
1.45410481672 3.19558011537e-05
1.48439866707 1.64343679209e-05
1.51469251742 1.51874976893e-05
1.54498636777 6.22743238364e-06
1.57528021812 2.24082653592e-05
1.60557406846 1.79262363223e-05
1.63586791881 1.82795158996e-05
1.66616176916 3.34283984307e-05
1.69645561951 2.77038860569e-05
1.72674946986 2.95128019272e-05
1.75704332021 4.39549340077e-05
1.78733717055 4.69365860914e-05
1.8176310209 3.99363125135e-05
1.84792487125 2.88623351096e-05
1.8782187216 2.79218455968e-05
1.90851257195 1.34077362266e-05
1.9388064223 5.04327610238e-05
1.96910027264 4.28030790064e-05
1.99939412299 6.61468752457e-05
2.02968797334 7.19707369179e-05
2.05998182369 4.2570210554e-05
2.09027567404 2.59724569143e-05
2.12056952439 7.01617562068e-05
2.15086337473 4.65060340743e-05
2.18115722508 3.00449354799e-05
2.21145107543 1.36779174978e-05
2.24174492578 1.83111861678e-05
2.27203877613 3.97170948451e-05
2.30233262648 3.43877493381e-05
2.33262647683 2.34122305584e-05
2.36292032717 1.64238188678e-05
2.39321417752 3.25010944039e-05
2.42350802787 2.47846751205e-05
2.45380187822 1.85513850875e-05
2.48409572857 2.41405154149e-05
2.51438957892 4.10655332811e-05
2.54468342926 3.11698574146e-05
2.57497727961 6.09113918162e-05
2.60527112996 2.1320045072e-05
2.63556498031 1.79519764712e-05
2.66585883066 3.72448503771e-05
2.69615268101 3.11308283516e-05
2.72644653135 4.79404402588e-05
2.7567403817 5.70119821759e-05
2.78703423205 6.27047072398e-05
2.8173280824 5.44894011538e-05
2.84762193275 4.11019069901e-05
2.8779157831 6.43069155956e-05
2.90820963344 2.92697224364e-05
2.93850348379 2.57145446258e-05
2.96879733414 3.79075906364e-05
2.99909118449 1.93619119861e-05
3.02938503484 4.15276594732e-05
3.05967888519 2.84384616602e-05
3.08997273553 1.23434668037e-05
3.12026658588 2.86128095602e-05
3.15056043623 1.24756714393e-05
3.18085428658 1.28389224202e-05
3.21114813693 2.94260052877e-05
3.24144198728 2.12699916962e-05
3.27173583762 1.37993197827e-05
3.30202968797 1.56941908243e-05
3.33232353832 8.19737323644e-06
3.36261738867 1.15496891257e-05
3.39291123902 9.77036447468e-06
3.42320508937 2.42798360539e-05
3.45349893972 2.44155255903e-05
3.48379279006 1.90400920814e-05
3.51408664041 1.03813284709e-05
3.54438049076 1.34310359335e-05
3.57467434111 1.03660334593e-05
3.60496819146 2.22556652769e-05
3.63526204181 2.96262331119e-05
3.66555589215 1.37530623233e-05
3.6958497425 1.81557315063e-05
3.72614359285 1.44030796208e-05
3.7564374432 3.12068355579e-06
3.78673129355 9.08120671704e-06
3.8170251439 2.59817614155e-05
3.84731899424 3.91986261239e-05
3.87761284459 3.02589387923e-05
3.90790669494 2.88768988783e-05
3.93820054529 1.78994723552e-05
3.96849439564 7.41360255093e-06
3.99878824599 4.47873661692e-06
4.02908209633 2.08262660642e-05
4.05937594668 2.68827891864e-05
4.08966979703 1.09136914906e-05
4.11996364738 1.84840258795e-05
4.15025749773 2.31193518497e-05
4.18055134808 6.69633975622e-06
4.21084519842 7.93578383556e-06
4.24113904877 6.04870093676e-06
4.27143289912 1.49978213039e-05
4.30172674947 2.17720320745e-05
4.33202059982 7.75909632835e-06
4.36231445017 6.86997968379e-06
4.39260830051 3.15512443935e-05
4.42290215086 4.26805328719e-05
4.45319600121 3.43773391862e-05
4.48348985156 3.08762267902e-05
4.51378370191 1.14326565479e-05
4.54407755226 7.4069729008e-06
4.57437140261 1.08659388569e-05
4.60466525295 1.3335891217e-05
4.6349591033 2.11451664812e-05
4.66525295365 2.93936456429e-05
4.695546804 1.42200461387e-05
4.72584065435 2.4864269159e-05
4.7561345047 2.54112398781e-05
4.78642835504 2.12593596427e-05
4.81672220539 1.87201212533e-05
4.84701605574 2.25450497681e-05
4.87730990609 1.09203122814e-05
4.90760375644 3.49670023563e-06
4.93789760679 1.1406502229e-05
4.96819145713 1.124990762e-05
4.99848530748 6.10167168538e-06
5.02877915783 1.11108348675e-05
5.05907300818 8.00200592698e-06
5.08936685853 1.22643441124e-05
5.11966070888 1.2316381501e-05
5.14995455922 9.90211111488e-06
5.18024840957 9.4883133947e-06
5.21054225992 9.13096921459e-06
5.24083611027 1.24065830397e-05
5.27112996062 8.75633327772e-06
5.30142381097 6.24023770696e-06
5.33171766131 6.04673062444e-06
5.36201151166 2.69557333038e-06
5.39230536201 7.03758642106e-06
5.42259921236 5.76756384659e-06
5.45289306271 4.40233049287e-06
5.48318691306 9.45489814981e-06
5.51348076341 1.40953733975e-05
5.54377461375 9.51711511558e-06
5.5740684641 1.08066222226e-05
5.60436231445 5.2350923195e-06
5.6346561648 6.7335377495e-06
5.66495001515 6.94442020279e-07
5.6952438655 6.91229453581e-06
5.72553771584 4.70596294882e-06
5.75583156619 7.47494301971e-06
5.78612541654 9.42889888392e-06
5.81641926689 7.95237454708e-06
5.84671311724 5.06571141398e-06
5.87700696759 6.48253843905e-06
5.90730081793 5.23205483422e-06
5.93759466828 3.05807731897e-06
5.96788851863 2.67478740736e-06
5.99818236898 3.23214296399e-06
6.02847621933 7.65880109802e-06
6.05877006968 4.44900962742e-06
6.08906392002 5.76292779986e-06
6.11935777037 4.66059039839e-06
6.14965162072 6.35055640973e-06
6.17994547107 5.0858926747e-06
6.21023932142 3.49182047909e-06
6.24053317177 2.16590171016e-06
6.27082702211 3.77983951484e-06
6.30112087246 8.55801645415e-06
6.33141472281 1.34061403609e-05
6.36170857316 9.99067886937e-06
6.39200242351 9.85200664181e-06
6.42229627386 9.2542904689e-06
6.4525901242 1.11646053903e-06
6.48288397455 1.49660152722e-06
6.5131778249 5.27956210177e-06
6.54347167525 3.93674908958e-06
6.5737655256 2.97222986622e-06
6.60405937595 4.35249283513e-06
6.6343532263 1.2069158618e-06
6.66464707664 2.19022964055e-06
6.69494092699 5.35571133557e-06
6.72523477734 9.15848619433e-06
6.75552862769 7.27618711592e-06
6.78582247804 6.18418862025e-06
6.81611632839 9.80562955017e-06
6.84641017873 8.77002552516e-06
6.87670402908 5.62615643251e-06
6.90699787943 7.34580262407e-06
6.93729172978 4.68585260874e-06
6.96758558013 7.73029240991e-06
6.99787943048 6.09129626708e-06
7.02817328082 4.83965175962e-06
7.05846713117 6.25690236417e-06
7.08876098152 7.16740525995e-06
7.11905483187 7.00004806193e-06
7.14934868222 3.09242399444e-06
7.17964253257 1.4363532811e-06
7.20993638291 3.74677922201e-06
7.24023023326 3.47854365282e-06
7.27052408361 7.32130694547e-06
7.30081793396 4.57488657455e-06
7.33111178431 3.72168907217e-06
7.36140563466 5.17050139966e-06
7.391699485 4.06354009154e-06
7.42199333535 9.75105306847e-06
7.4522871857 8.7562168578e-06
7.48258103605 8.35717043116e-06
7.5128748864 3.28935511674e-06
7.54316873675 2.84429729811e-06
7.57346258709 2.56306840025e-06
7.60375643744 4.48073466458e-06
7.63405028779 5.05897305879e-06
7.66434413814 4.03947559802e-06
7.69463798849 4.25923899429e-06
7.72493183884 1.87469351e-06
7.75522568919 3.55076454175e-06
7.78551953953 3.52229119872e-06
7.81581338988 2.73729154402e-06
7.84610724023 3.67764017451e-06
7.87640109058 2.82444130048e-06
7.90669494093 6.49506274584e-06
7.93698879128 7.42110085219e-06
7.96728264162 5.35276565797e-06
7.99757649197 6.90565759585e-06
8.02787034232 6.03111377041e-06
8.05816419267 4.94141041381e-06
8.08845804302 2.1953525666e-06
8.11875189337 1.92827068977e-06
8.14904574371 8.3619608744e-07
8.17933959406 4.72631170278e-06
8.20963344441 4.05743284301e-06
8.23992729476 4.81771480944e-06
8.27022114511 5.06825306272e-06
8.30051499546 4.95218248302e-06
8.3308088458 3.00223245109e-06
8.36110269615 4.80171941253e-07
8.3913965465 1.0851799879e-06
8.42169039685 2.62330527415e-06
8.4519842472 2.06270753883e-06
8.48227809755 2.74913328456e-06
8.51257194789 3.67164608571e-06
8.54286579824 2.87754559324e-06
8.57315964859 2.5402967797e-06
8.60345349894 3.24247133251e-06
8.63374734929 3.75669997451e-06
8.66404119964 3.10158798936e-06
8.69433504998 1.40094154155e-06
8.72462890033 2.82750990647e-06
8.75492275068 4.90771997209e-07
8.78521660103 2.30578707646e-06
8.81551045138 1.05954416e-06
8.84580430173 8.48092689062e-07
8.87609815208 1.49295276748e-06
8.90639200242 1.66234798894e-06
8.93668585277 1.6482986523e-06
8.96697970312 1.40492827546e-06
8.99727355347 2.1241659849e-06
9.02756740382 1.73854177673e-06
9.05786125417 3.01526106114e-06
9.08815510451 2.52868846631e-06
9.11844895486 1.30695525909e-06
9.14874280521 2.78441541642e-06
9.17903665556 1.97089712182e-06
9.20933050591 1.71196703993e-06
9.23962435626 2.35562591142e-06
9.2699182066 2.18577771842e-06
9.30021205695 2.64004023705e-06
9.3305059073 4.18209276866e-06
9.36079975765 3.89209344831e-06
9.391093608 3.47572460201e-06
9.42138745835 3.87766101843e-06
9.45168130869 3.59276283551e-06
9.48197515904 2.33727593541e-06
9.51226900939 2.13495030795e-06
9.54256285974 1.85246236241e-06
9.57285671009 1.30622966472e-06
9.60315056044 2.09357840937e-06
9.63344441078 1.78803548514e-06
9.66373826113 2.65358543962e-06
9.69403211148 1.63642020498e-06
9.72432596183 2.81038826495e-06
9.75461981218 2.01020793371e-06
9.78491366253 1.31275195699e-07
9.81520751287 2.96563090331e-06
9.84550136322 7.96225721071e-07
9.87579521357 1.86560345902e-06
9.90608906392 1.11134050575e-06
9.93638291427 2.95965645543e-07
9.96667676462 2.58405517858e-06
9.99697061497 2.01490510106e-06
10.0272644653 1.04824273944e-06
10.0575583157 8.45547906563e-07
10.087852166 2.21986531518e-06
10.1181460164 2.45792628089e-06
10.1484398667 2.57461648624e-06
10.1787337171 2.26443323138e-06
10.2090275674 1.91111297453e-06
10.2393214178 2.1603399799e-06
10.2696152681 2.1179594893e-06
10.2999091184 1.82928992342e-06
10.3302029688 7.51590019998e-07
10.3604968191 8.65058229135e-07
10.3907906695 1.63669740741e-06
10.4210845198 1.86903447325e-06
10.4513783702 2.18431922175e-06
10.4816722205 4.54374090731e-07
10.5119660709 5.93786696225e-07
10.5422599212 1.02022790003e-06
10.5725537716 2.64171758877e-06
10.6028476219 2.64421125845e-06
10.6331414723 3.07641235501e-07
10.6634353226 6.38757897369e-07
10.693729173 2.05143199959e-06
10.7240230233 8.63357797969e-07
10.7543168737 1.72020350722e-06
10.784610724 1.58343723484e-06
10.8149045744 1.61077469691e-06
10.8451984247 1.04422335225e-06
10.8754922751 1.19860253155e-06
10.9057861254 2.24457238327e-06
10.9360799758 1.51308522394e-06
10.9663738261 1.77836108986e-06
10.9966676765 1.75515477101e-06
11.0269615268 1.77609249191e-06
11.0572553772 2.03502775196e-06
11.0875492275 8.90590072542e-08
11.1178430779 1.36344550186e-06
11.1481369282 9.65183990205e-07
11.1784307786 3.37525885079e-06
11.2087246289 2.01119548978e-06
11.2390184792 2.02694427154e-06
11.2693123296 2.94712734762e-06
11.2996061799 2.27537062655e-06
11.3299000303 1.26584616032e-06
11.3601938806 4.70683009896e-07
11.390487731 1.03464831489e-06
11.4207815813 1.51198848396e-06
11.4510754317 6.94901941434e-07
11.481369282 8.51981169942e-07
11.5116631324 1.99927629358e-06
11.5419569827 2.81595478007e-06
11.5722508331 1.44082734151e-06
11.6025446834 8.55192510228e-07
11.6328385338 8.56720737875e-07
11.6631323841 4.49956465386e-07
11.6934262345 8.70312140553e-07
11.7237200848 1.55896241189e-06
11.7540139352 5.10477890287e-07
11.7843077855 1.50581502873e-06
11.8146016359 9.08821492261e-07
11.8448954862 1.33677690769e-07
11.8751893366 1.14282686849e-06
11.9054831869 1.12945889074e-06
11.9357770373 1.41681884095e-06
11.9660708876 1.71888020288e-06
11.996364738 2.00733066024e-06
12.0266585883 7.54350719957e-07
12.0569524387 7.52400986354e-07
12.087246289 9.70453196143e-07
12.1175401394 2.56065843207e-06
12.1478339897 1.93025995844e-06
12.17812784 1.54086908506e-06
12.2084216904 8.72630299469e-07
12.2387155407 1.06938283734e-06
12.2690093911 1.49464680487e-06
12.2993032414 9.73890062373e-07
12.3295970918 8.509495428e-07
12.3598909421 1.13015865738e-06
12.3901847925 8.01206944235e-07
12.4204786428 1.35869206575e-06
12.4507724932 1.04466920185e-06
12.4810663435 1.13390659149e-06
12.5113601939 1.07545519739e-06
12.5416540442 8.54924716527e-07
12.5719478946 1.57930444566e-06
12.6022417449 6.56744834286e-07
12.6325355953 1.55167786664e-06
12.6628294456 7.21713758297e-07
12.693123296 4.41610661083e-07
12.7234171463 1.02549810637e-06
12.7537109967 1.42822104173e-06
12.784004847 5.76449021412e-07
12.8142986974 1.10891463206e-06
12.8445925477 7.88502576123e-07
12.8748863981 6.0440084019e-07
12.9051802484 1.11191677952e-06
12.9354740988 9.59859649229e-07
12.9657679491 1.02097911921e-06
12.9960617995 2.98060092853e-07
13.0263556498 2.02377441007e-07
13.0566495002 1.60257465651e-06
13.0869433505 4.53153306331e-07
13.1172372008 7.77982163252e-07
13.1475310512 2.65838917075e-07
13.1778249015 9.17315876425e-07
13.2081187519 2.7039431103e-07
13.2384126022 2.95861517457e-07
13.2687064526 1.09308885806e-06
13.2990003029 1.06271955984e-06
13.3292941533 5.710024559e-07
13.3595880036 5.68598465145e-07
13.389881854 6.37672579054e-07
13.4201757043 8.15036398463e-07
13.4504695547 8.78657017625e-07
13.480763405 6.61709982494e-07
13.5110572554 5.08902827392e-07
13.5413511057 1.32671044998e-06
13.5716449561 3.80515023246e-07
13.6019388064 1.27685788007e-07
13.6322326568 5.31594031004e-07
13.6625265071 1.36249439033e-06
13.6928203575 7.76872226844e-07
13.7231142078 3.0429353555e-07
13.7534080582 1.06707460176e-06
13.7837019085 8.78318280072e-07
13.8139957589 3.64688105498e-07
13.8442896092 1.08772811902e-06
13.8745834596 8.61338222092e-07
13.9048773099 8.80750432534e-07
13.9351711603 1.01328786139e-06
13.9654650106 1.653523623e-06
13.995758861 1.30881461888e-06
14.0260527113 5.43720131813e-07
14.0563465616 2.78491243e-07
14.086640412 1.25326762391e-06
14.1169342623 1.31371871932e-06
14.1472281127 9.79442147748e-07
14.177521963 2.15282847203e-07
14.2078158134 7.47660352965e-07
14.2381096637 1.08085179411e-06
14.2684035141 5.96614419195e-07
14.2986973644 8.55697888669e-07
14.3289912148 3.26096325714e-07
14.3592850651 6.854922301e-07
14.3895789155 6.41886376076e-07
14.4198727658 6.07894641182e-07
14.4501666162 5.03044367504e-07
14.4804604665 9.4423945423e-07
14.5107543169 1.04151761415e-06
14.5410481672 9.40466389273e-07
14.5713420176 6.29676316524e-07
14.6016358679 3.83124368586e-07
14.6319297183 1.583802543e-06
14.6622235686 1.38046330682e-06
14.692517419 6.07684071392e-07
14.7228112693 1.41732824548e-06
14.7531051197 7.89519935165e-07
14.78339897 3.2252899406e-07
14.8136928204 1.03316756473e-06
14.8439866707 7.69829745651e-07
14.8742805211 1.01491728015e-06
14.9045743714 5.165136682e-07
14.9348682218 1.92749303544e-07
14.9651620721 7.42140182091e-08
14.9954559224 5.61251301461e-07
15.0257497728 3.55771283976e-07
15.0560436231 9.11305929131e-07
15.0863374735 1.00486279075e-06
15.1166313238 3.25324713665e-07
15.1469251742 4.41285374061e-08
15.1772190245 1.82270749372e-07
15.2075128749 9.11282831108e-07
15.2378067252 1.34811201017e-06
15.2681005756 9.31939107212e-07
15.2983944259 5.13547855599e-07
15.3286882763 7.67217154289e-07
15.3589821266 1.10970760631e-06
15.389275977 1.02952817393e-06
15.4195698273 6.56427734509e-07
15.4498636777 5.18298216927e-07
15.480157528 1.16449018312e-06
15.5104513784 5.40796386695e-07
15.5407452287 1.44520608735e-07
15.5710390791 6.04917785753e-07
15.6013329294 3.99563768041e-07
15.6316267798 5.81876981017e-07
15.6619206301 4.82980483927e-07
15.6922144805 8.21291109126e-07
15.7225083308 5.3475856167e-07
15.7528021812 4.93733537226e-07
15.7830960315 3.96901741114e-07
15.8133898819 2.87471006625e-07
15.8436837322 7.24087462052e-07
15.8739775826 5.33490880684e-07
15.9042714329 7.11186308379e-07
15.9345652832 4.98648087893e-07
15.9648591336 3.90239127298e-07
15.9951529839 3.11494152191e-07
16.0254468343 6.43432006e-07
16.0557406846 6.47951833731e-07
16.086034535 4.30535915361e-07
16.1163283853 2.96358780723e-07
16.1466222357 3.7752304631e-07
16.176916086 4.59358033543e-07
16.2072099364 6.06399602966e-07
16.2375037867 7.81125478494e-07
16.2677976371 4.4750015783e-07
16.2980914874 6.47961512642e-07
16.3283853378 6.90523612667e-07
16.3586791881 7.81528505412e-07
16.3889730385 1.49840238992e-07
16.4192668888 4.82738010088e-07
16.4495607392 1.03497545214e-06
16.4798545895 5.04337355468e-07
16.5101484399 6.96708453478e-07
16.5404422902 6.04059104228e-07
16.5707361406 5.01989060377e-07
16.6010299909 5.02306699565e-07
16.6313238413 6.64788199318e-07
16.6616176916 4.27923995643e-07
16.691911542 3.84750342211e-08
16.7222053923 7.42394803868e-07
16.7524992427 9.2312836083e-07
16.782793093 3.81122954154e-07
16.8130869434 2.94184432338e-07
16.8433807937 3.46458066523e-07
16.873674644 5.47874559996e-07
16.9039684944 6.10339349109e-07
16.9342623447 7.58881508563e-07
16.9645561951 4.94486416341e-07
16.9948500454 2.91288309804e-07
17.0251438958 5.80361525172e-07
17.0554377461 4.82576878446e-07
17.0857315965 8.49756671086e-07
17.1160254468 8.55753215016e-07
17.1463192972 2.12331312705e-07
17.1766131475 6.27469123843e-07
17.2069069979 8.96509981066e-07
17.2372008482 8.85766909676e-07
17.2674946986 4.21935003467e-07
17.2977885489 3.51320645148e-07
17.3280823993 4.91138360426e-07
17.3583762496 6.52441967768e-07
17.3886701 4.62868036648e-07
17.4189639503 4.81832317665e-07
17.4492578007 5.45650707563e-07
17.479551651 7.74832701595e-08
17.5098455014 4.51379381446e-07
17.5401393517 8.31948739352e-07
17.5704332021 4.23444470865e-07
17.6007270524 6.25353214586e-07
17.6310209028 5.72724836734e-07
17.6613147531 1.02640216336e-06
17.6916086035 2.64076300562e-07
17.7219024538 3.57184441347e-07
17.7521963042 5.76080135817e-07
17.7824901545 4.0100437299e-07
17.8127840048 3.44583307521e-07
17.8430778552 5.36813055021e-07
17.8733717055 6.10316616162e-07
17.9036655559 5.83768999534e-07
17.9339594062 4.27848480092e-07
17.9642532566 2.15688746698e-07
17.9945471069 5.83428760483e-07
18.0248409573 7.04638102238e-07
18.0551348076 4.20668510598e-07
18.085428658 4.80603099701e-07
18.1157225083 3.79869642223e-07
18.1460163587 4.27224453701e-07
18.176310209 4.73179243776e-07
18.2066040594 4.88459792477e-07
18.2368979097 3.4067552943e-07
18.2671917601 1.71229182556e-07
18.2974856104 4.46849167324e-07
18.3277794608 4.89137769515e-07
18.3580733111 3.39589047848e-07
18.3883671615 5.90690938995e-07
18.4186610118 3.88090157527e-07
18.4489548622 4.32084188466e-07
18.4792487125 6.25773087692e-07
18.5095425629 3.74395590877e-07
18.5398364132 4.30385037962e-07
18.5701302636 3.13053091489e-07
18.6004241139 5.24661728613e-07
18.6307179643 5.35534933643e-07
18.6610118146 4.2610892922e-07
18.691305665 4.06381282425e-07
18.7215995153 5.21054072854e-07
18.7518933656 3.60361469477e-07
18.782187216 3.44693230798e-07
18.8124810663 4.26919075704e-07
18.8427749167 6.42067736526e-07
18.873068767 3.03583111143e-07
18.9033626174 4.90633329336e-07
18.9336564677 4.43687056306e-07
18.9639503181 4.49163160431e-07
18.9942441684 3.32148995804e-07
19.0245380188 4.87306954594e-07
19.0548318691 6.41659569998e-07
19.0851257195 4.95130943514e-07
19.1154195698 3.47876763565e-07
19.1457134202 3.94500391792e-07
19.1760072705 4.29090202283e-07
19.2063011209 4.55093686866e-07
19.2365949712 5.05585062166e-07
19.2668888216 3.73547586619e-07
19.2971826719 3.68120465672e-07
19.3274765223 3.11558669212e-07
19.3577703726 4.73378117528e-07
19.388064223 3.68080456827e-07
19.4183580733 4.04990563859e-07
19.4486519237 4.70620410004e-07
19.478945774 4.78227880822e-07
19.5092396244 3.58110068471e-07
19.5395334747 3.7062992773e-07
19.5698273251 4.94922601159e-07
19.6001211754 4.92305830734e-07
19.6304150257 3.02565028294e-07
19.6607088761 3.0402938654e-07
19.6910027264 4.07236763095e-07
19.7212965768 5.86684688798e-07
19.7515904271 3.75502070761e-07
19.7818842775 2.45649690024e-07
19.8121781278 3.80498447488e-07
19.8424719782 2.59166700086e-07
19.8727658285 5.93161592527e-07
19.9030596789 3.43013621816e-07
19.9333535292 3.5101540997e-07
19.9636473796 2.83408760687e-07
19.9939412299 5.02693139981e-07
20.0242350803 4.39847280921e-07
20.0545289306 3.35991245832e-07
20.084822781 4.59075221859e-07
20.1151166313 4.4432959156e-07
20.1454104817 3.51675632214e-07
20.175704332 4.69649111297e-07
20.2059981824 4.17028420984e-07
20.2362920327 4.14685023383e-07
20.2665858831 3.79114566238e-07
20.2968797334 3.53526532463e-07
20.3271735838 2.9469523864e-07
20.3574674341 4.47152644761e-07
20.3877612845 3.53766707744e-07
20.4180551348 4.24203709029e-07
20.4483489852 3.90062076119e-07
20.4786428355 3.73683676682e-07
20.5089366859 3.52784620631e-07
20.5392305362 4.48541010342e-07
20.5695243865 5.03673669883e-07
20.5998182369 3.44610748864e-07
20.6301120872 3.49794908929e-07
20.6604059376 4.66513380303e-07
20.6906997879 3.53473031401e-07
20.7209936383 4.00846986034e-07
20.7512874886 3.61117104172e-07
20.781581339 3.83117077388e-07
20.8118751893 4.34747270612e-07
20.8421690397 4.13347645304e-07
20.87246289 4.14570447803e-07
20.9027567404 3.27452322202e-07
20.9330505907 4.33215897699e-07
20.9633444411 2.88828233853e-07
20.9936382914 3.62474073989e-07
21.0239321418 4.19763826018e-07
21.0542259921 3.66126957267e-07
21.0845198425 3.86722634809e-07
21.1148136928 3.58750778189e-07
21.1451075432 3.30959581774e-07
21.1754013935 3.41214674519e-07
21.2056952439 4.37805118557e-07
21.2359890942 3.13999380704e-07
21.2662829446 3.86834334962e-07
21.2965767949 3.66530065621e-07
21.3268706453 3.62340894085e-07
21.3571644956 4.41012227895e-07
21.387458346 3.99019069992e-07
21.4177521963 3.01144551104e-07
21.4480460467 3.58745129263e-07
21.478339897 3.89005768761e-07
21.5086337473 3.48622793297e-07
21.5389275977 4.21149264138e-07
21.569221448 2.97187292001e-07
21.5995152984 3.75281806692e-07
21.6298091487 2.97049250672e-07
21.6601029991 4.43396452894e-07
21.6903968494 3.90977732787e-07
21.7206906998 3.60586392084e-07
21.7509845501 3.66650875202e-07
21.7812784005 3.62697633823e-07
21.8115722508 3.60025497827e-07
21.8418661012 3.97301924351e-07
21.8721599515 3.63455622885e-07
21.9024538019 4.09466263466e-07
21.9327476522 4.0752419502e-07
21.9630415026 3.2756872707e-07
21.9933353529 3.57424971731e-07
22.0236292033 4.06463760717e-07
22.0539230536 3.70704699002e-07
22.084216904 3.47119105032e-07
22.1145107543 3.94565800951e-07
22.1448046047 3.38652715288e-07
22.175098455 3.30214065102e-07
22.2053923054 3.44485218192e-07
22.2356861557 3.68775259413e-07
22.2659800061 3.60093171281e-07
22.2962738564 3.01610795221e-07
22.3265677068 3.07856219959e-07
22.3568615571 4.09514555813e-07
22.3871554075 4.15386994305e-07
22.4174492578 3.43613653542e-07
22.4477431081 3.47705323838e-07
22.4780369585 3.93785421133e-07
22.5083308088 3.71760376293e-07
22.5386246592 3.23253561933e-07
22.5689185095 3.64702671233e-07
22.5992123599 3.41634918005e-07
22.6295062102 3.29670473674e-07
22.6598000606 3.28386602544e-07
22.6900939109 3.81403458196e-07
22.7203877613 3.11005328421e-07
22.7506816116 3.65512818144e-07
22.780975462 3.49843643016e-07
22.8112693123 3.69488706731e-07
22.8415631627 3.51943297829e-07
22.871857013 3.81002805905e-07
22.9021508634 3.24575033025e-07
22.9324447137 3.57127374436e-07
22.9627385641 3.75083241572e-07
22.9930324144 3.40257883486e-07
23.0233262648 3.62853960541e-07
23.0536201151 3.7391013508e-07
23.0839139655 3.53165997975e-07
23.1142078158 3.51760088529e-07
23.1445016662 3.12178299599e-07
23.1747955165 3.7082141966e-07
23.2050893669 3.54793935635e-07
23.2353832172 3.46489238982e-07
23.2656770676 3.7763681906e-07
23.2959709179 2.99707165206e-07
23.3262647683 3.33280917796e-07
23.3565586186 3.33374993178e-07
23.3868524689 3.73090256157e-07
23.4171463193 3.2207608572e-07
23.4474401696 3.27551643187e-07
23.47773402 3.60127280737e-07
23.5080278703 3.53404379006e-07
23.5383217207 3.20941084438e-07
23.568615571 3.26250532078e-07
23.5989094214 3.66011623835e-07
23.6292032717 3.56053298836e-07
23.6594971221 3.43347651528e-07
23.6897909724 3.19889333176e-07
23.7200848228 3.07630668326e-07
23.7503786731 3.43260849946e-07
23.7806725235 3.2378545361e-07
23.8109663738 3.33427164193e-07
23.8412602242 3.5562688793e-07
23.8715540745 3.18656347593e-07
23.9018479249 3.35994592967e-07
23.9321417752 3.38017910221e-07
23.9624356256 3.46062526005e-07
23.9927294759 3.36001417257e-07
24.0230233263 3.44922657903e-07
24.0533171766 3.40564330453e-07
24.083611027 3.30453168021e-07
24.1139048773 3.45749514351e-07
24.1441987277 3.34478144085e-07
24.174492578 3.35257154967e-07
24.2047864284 3.3266349144e-07
24.2350802787 3.735207797e-07
24.2653741291 3.4118546741e-07
24.2956679794 3.39727677764e-07
24.3259618297 3.37078704345e-07
24.3562556801 3.1274622083e-07
24.3865495304 3.3123961362e-07
24.4168433808 3.12169526911e-07
24.4471372311 3.26828247166e-07
24.4774310815 3.35425599124e-07
24.5077249318 3.396332889e-07
24.5380187822 3.30898351549e-07
24.5683126325 3.18589120177e-07
24.5986064829 3.21446365353e-07
24.6289003332 3.43336525299e-07
24.6591941836 3.30527453018e-07
24.6894880339 3.17975460562e-07
24.7197818843 3.13553314874e-07
24.7500757346 3.2893830843e-07
24.780369585 3.34650612497e-07
24.8106634353 3.41617550903e-07
24.8409572857 3.37914671012e-07
24.871251136 3.29850962487e-07
24.9015449864 3.21533420608e-07
24.9318388367 3.34890177538e-07
24.9621326871 3.08339079025e-07
24.9924265374 3.01894168923e-07
25.0227203878 3.26644234177e-07
25.0530142381 3.30231323248e-07
25.0833080885 3.2991168293e-07
25.1136019388 3.37590356961e-07
25.1438957892 3.26578327234e-07
25.1741896395 3.23196390516e-07
25.2044834899 3.18122691975e-07
25.2347773402 3.2185331222e-07
25.2650711905 3.20059509666e-07
25.2953650409 3.25596316495e-07
25.3256588912 3.158078477e-07
25.3559527416 3.33205230511e-07
25.3862465919 3.15187127862e-07
25.4165404423 3.27589084009e-07
25.4468342926 3.21371637718e-07
25.477128143 3.20796359189e-07
25.5074219933 3.23358260578e-07
25.5377158437 3.39413015216e-07
25.568009694 3.09685477284e-07
25.5983035444 3.20006809727e-07
25.6285973947 3.23377864347e-07
25.6588912451 3.18734680182e-07
25.6891850954 3.08538392503e-07
25.7194789458 3.21657783552e-07
25.7497727961 3.2295260109e-07
25.7800666465 3.09095283672e-07
25.8103604968 3.09628691516e-07
25.8406543472 3.14644645181e-07
25.8709481975 3.19414792808e-07
25.9012420479 3.13620076724e-07
25.9315358982 3.09624942857e-07
25.9618297486 3.08141214505e-07
25.9921235989 3.13530824874e-07
26.0224174493 3.16708382394e-07
26.0527112996 3.09536117241e-07
26.08300515 3.09902026196e-07
26.1132990003 3.10342133551e-07
26.1435928507 3.19963552036e-07
26.173886701 3.16438553514e-07
26.2041805513 3.09856835912e-07
26.2344744017 3.16755846981e-07
26.264768252 3.14558623977e-07
26.2950621024 3.07844416189e-07
26.3253559527 3.0872836119e-07
26.3556498031 3.16619110029e-07
26.3859436534 3.10877972011e-07
26.4162375038 3.15775004893e-07
26.4465313541 3.05437053341e-07
26.4768252045 3.08186574534e-07
26.5071190548 3.10870238768e-07
26.5374129052 3.09224222785e-07
26.5677067555 3.12929205597e-07
26.5980006059 3.06738764617e-07
26.6282944562 3.07653237662e-07
26.6585883066 3.12484808185e-07
26.6888821569 3.09320497963e-07
26.7191760073 3.0954637925e-07
26.7494698576 3.07474032835e-07
26.779763708 3.06575393331e-07
26.8100575583 3.10148512632e-07
26.8403514087 3.1155753392e-07
26.870645259 3.12910570475e-07
26.9009391094 3.02663180953e-07
26.9312329597 3.07787292458e-07
26.9615268101 3.01384809367e-07
26.9918206604 3.00749274018e-07
27.0221145108 3.09961952959e-07
27.0524083611 3.04596518108e-07
27.0827022115 3.0514178464e-07
27.1129960618 3.03912087667e-07
27.1432899121 3.00129039154e-07
27.1735837625 3.00525242554e-07
27.2038776128 3.00093006416e-07
27.2341714632 3.01399082386e-07
27.2644653135 3.05658294707e-07
27.2947591639 3.07758704263e-07
27.3250530142 3.03932263991e-07
27.3553468646 3.03132140874e-07
27.3856407149 3.03564946174e-07
27.4159345653 3.04564525085e-07
27.4462284156 3.00973072796e-07
27.476522266 3.00107205808e-07
27.5068161163 3.07610098009e-07
27.5371099667 3.00483507931e-07
27.567403817 3.03365723235e-07
27.5976976674 3.07691768411e-07
27.6279915177 2.98046846538e-07
27.6582853681 3.00677695789e-07
27.6885792184 2.99091914933e-07
27.7188730688 2.99934347269e-07
27.7491669191 2.99081327173e-07
27.7794607695 2.98265251237e-07
27.8097546198 2.98406741325e-07
27.8400484702 2.98596441645e-07
27.8703423205 2.98397651425e-07
27.9006361709 2.96145697004e-07
27.9309300212 2.95932845453e-07
27.9612238716 2.961587766e-07
27.9915177219 2.95245315103e-07
28.0218115723 2.96700180649e-07
28.0521054226 2.9466270173e-07
28.0823992729 2.98188534987e-07
28.1126931233 2.97460446105e-07
28.1429869736 2.96590090101e-07
28.173280824 2.95600108213e-07
28.2035746743 2.96586634148e-07
28.2338685247 2.95487759861e-07
28.264162375 2.95527487309e-07
28.2944562254 2.93549037281e-07
28.3247500757 2.94498564958e-07
28.3550439261 2.93875151804e-07
28.3853377764 2.95564641122e-07
28.4156316268 2.92343081259e-07
28.4459254771 2.94078727362e-07
28.4762193275 2.94586169761e-07
28.5065131778 2.90961084434e-07
28.5368070282 2.93750066673e-07
28.5671008785 2.90959413177e-07
28.5973947289 2.96614768817e-07
28.6276885792 2.91375494941e-07
28.6579824296 2.91380016458e-07
28.6882762799 2.9100784468e-07
28.7185701303 2.91276493036e-07
28.7488639806 2.88974268252e-07
28.779157831 2.89296863485e-07
28.8094516813 2.93008436835e-07
28.8397455317 2.90844907257e-07
28.870039382 2.90059656859e-07
28.9003332324 2.92800627026e-07
28.9306270827 2.89900510252e-07
28.9609209331 2.89035632134e-07
28.9912147834 2.87576157487e-07
29.0215086337 2.89862640139e-07
29.0518024841 2.91332081527e-07
29.0820963344 2.87683518656e-07
29.1123901848 2.89500624493e-07
29.1426840351 2.89719941831e-07
29.1729778855 2.88014669932e-07
29.2032717358 2.90959218293e-07
29.2335655862 2.86910296403e-07
29.2638594365 2.89735167933e-07
29.2941532869 2.86744203676e-07
29.3244471372 2.86772641897e-07
29.3547409876 2.88332348156e-07
29.3850348379 2.88497432466e-07
29.4153286883 2.90303391044e-07
29.4456225386 2.87784739308e-07
29.475916389 2.84448595247e-07
29.5062102393 2.89099753071e-07
29.5365040897 2.85517353557e-07
29.56679794 2.8535953696e-07
29.5970917904 2.86057099057e-07
29.6273856407 2.87647766415e-07
29.6576794911 2.85865045263e-07
29.6879733414 2.86361313066e-07
29.7182671918 2.86077647695e-07
29.7485610421 2.83915634449e-07
29.7788548925 2.86082368263e-07
29.8091487428 2.84891001915e-07
29.8394425932 2.85110142821e-07
29.8697364435 2.83130060636e-07
29.9000302939 2.82251172136e-07
29.9303241442 2.83206990493e-07
29.9606179945 2.8401752315e-07
29.9909118449 2.8137700079e-07
30.0212056952 2.82670529108e-07
30.0514995456 2.83155952541e-07
30.0817933959 2.82741727648e-07
30.1120872463 2.82891027531e-07
30.1423810966 2.82465103136e-07
30.172674947 2.8181322406e-07
30.2029687973 2.82018428951e-07
30.2332626477 2.81766634928e-07
30.263556498 2.81660587254e-07
30.2938503484 2.81238234668e-07
30.3241441987 2.80567392179e-07
30.3544380491 2.81826877984e-07
30.3847318994 2.81592656496e-07
30.4150257498 2.79736449679e-07
30.4453196001 2.79171392444e-07
30.4756134505 2.80122177304e-07
30.5059073008 2.79499737275e-07
30.5362011512 2.78931451308e-07
30.5664950015 2.79833853727e-07
30.5967888519 2.79762680241e-07
30.6270827022 2.78059673258e-07
30.6573765526 2.79327270792e-07
30.6876704029 2.78293454742e-07
30.7179642533 2.78728199448e-07
30.7482581036 2.79087691372e-07
30.778551954 2.78150108722e-07
30.8088458043 2.78416366572e-07
30.8391396547 2.78334565347e-07
30.869433505 2.78026610378e-07
30.8997273553 2.76919406011e-07
30.9300212057 2.76492672926e-07
30.960315056 2.76575242599e-07
30.9906089064 2.77624411492e-07
31.0209027567 2.76895832025e-07
31.0511966071 2.75636388859e-07
31.0814904574 2.75458707417e-07
31.1117843078 2.77315953854e-07
31.1420781581 2.75915933584e-07
31.1723720085 2.76476730041e-07
31.2026658588 2.75767747854e-07
31.2329597092 2.74545243899e-07
31.2632535595 2.76261802989e-07
31.2935474099 2.7645955628e-07
31.3238412602 2.74871825926e-07
31.3541351106 2.73862875004e-07
31.3844289609 2.74378270818e-07
31.4147228113 2.74256029343e-07
31.4450166616 2.74373048822e-07
31.475310512 2.73947819556e-07
31.5056043623 2.73944536272e-07
31.5358982127 2.74131392791e-07
31.566192063 2.74016338214e-07
31.5964859134 2.72671402409e-07
31.6267797637 2.73292269144e-07
31.6570736141 2.73318005284e-07
31.6873674644 2.73789015342e-07
31.7176613148 2.71846768848e-07
31.7479551651 2.72622751675e-07
31.7782490154 2.73032961485e-07
31.8085428658 2.71612301374e-07
31.8388367161 2.72399787355e-07
31.8691305665 2.71838867562e-07
31.8994244168 2.71521896683e-07
31.9297182672 2.71190125233e-07
31.9600121175 2.70639493311e-07
31.9903059679 2.71490224638e-07
32.0205998182 2.71580092406e-07
32.0508936686 2.70840495441e-07
32.0811875189 2.71018124499e-07
32.1114813693 2.70979043766e-07
32.1417752196 2.70449808963e-07
32.17206907 2.70228282406e-07
32.2023629203 2.70339362333e-07
32.2326567707 2.69890866009e-07
32.262950621 2.69808948319e-07
32.2932444714 2.69849088084e-07
32.3235383217 2.6887254235e-07
32.3538321721 2.69335256641e-07
32.3841260224 2.69224914017e-07
32.4144198728 2.69424133945e-07
32.4447137231 2.68892608075e-07
32.4750075735 2.68834468609e-07
32.5053014238 2.68201997446e-07
32.5355952742 2.68633967723e-07
32.5658891245 2.68777716739e-07
32.5961829749 2.67628946294e-07
32.6264768252 2.67920358779e-07
32.6567706756 2.67739634029e-07
32.6870645259 2.67199471663e-07
32.7173583762 2.67515642112e-07
32.7476522266 2.67161985405e-07
32.7779460769 2.67315257555e-07
32.8082399273 2.66877989283e-07
32.8385337776 2.66844550466e-07
32.868827628 2.66575021616e-07
32.8991214783 2.66649420007e-07
32.9294153287 2.65948996708e-07
32.959709179 2.6614877144e-07
32.9900030294 2.66152098403e-07
33.0202968797 2.65990675469e-07
33.0505907301 2.65728987984e-07
33.0808845804 2.65509490687e-07
33.1111784308 2.64967017441e-07
33.1414722811 2.65373401922e-07
33.1717661315 2.65274579204e-07
33.2020599818 2.64873617939e-07
33.2323538322 2.64997223734e-07
33.2626476825 2.64637987834e-07
33.2929415329 2.64813813106e-07
33.3232353832 2.6437364332e-07
33.3535292336 2.64273726015e-07
33.3838230839 2.63977403633e-07
33.4141169343 2.63815779718e-07
33.4444107846 2.63739398032e-07
33.474704635 2.63206674704e-07
33.5049984853 2.63457318305e-07
33.5352923357 2.63408767698e-07
33.565586186 2.63153090049e-07
33.5958800364 2.63210556892e-07
33.6261738867 2.62844805934e-07
33.656467737 2.62746411099e-07
33.6867615874 2.62780347751e-07
33.7170554377 2.62528974742e-07
33.7473492881 2.62423834857e-07
33.7776431384 2.62140415228e-07
33.8079369888 2.62019937044e-07
33.8382308391 2.61977394123e-07
33.8685246895 2.61827240463e-07
33.8988185398 2.61619127662e-07
33.9291123902 2.61643586212e-07
33.9594062405 2.61364015641e-07
33.9897000909 2.61156067856e-07
34.0199939412 2.61208513108e-07
34.0502877916 2.61026402384e-07
34.0805816419 2.60796164453e-07
34.1108754923 2.60648321471e-07
34.1411693426 2.60573387489e-07
34.171463193 2.60271792572e-07
34.2017570433 2.60411885346e-07
34.2320508937 2.60086468824e-07
34.262344744 2.60113110091e-07
34.2926385944 2.59903724663e-07
34.3229324447 2.59810317438e-07
34.3532262951 2.59445870666e-07
34.3835201454 2.59421726363e-07
34.4138139958 2.59287225777e-07
34.4441078461 2.59194032666e-07
34.4744016965 2.59056857354e-07
34.5046955468 2.58912233416e-07
34.5349893972 2.58803571639e-07
34.5652832475 2.58662217197e-07
34.5955770978 2.58385261525e-07
34.6258709482 2.58321350963e-07
34.6561647985 2.58341945408e-07
34.6864586489 2.58181686163e-07
34.7167524992 2.58139802279e-07
34.7470463496 2.57855822487e-07
34.7773401999 2.57842810968e-07
34.8076340503 2.57597556936e-07
34.8379279006 2.57560753265e-07
34.868221751 2.57359131185e-07
34.8985156013 2.57140322795e-07
34.9288094517 2.57090286322e-07
34.959103302 2.57028001519e-07
34.9893971524 2.56781080765e-07
35.0196910027 2.56753484532e-07
35.0499848531 2.5669002856e-07
35.0802787034 2.56344442503e-07
35.1105725538 2.56302618467e-07
35.1408664041 2.56171890425e-07
35.1711602545 2.56071999294e-07
35.2014541048 2.55913178122e-07
35.2317479552 2.55791247052e-07
35.2620418055 2.5586594555e-07
35.2923356559 2.55695288049e-07
35.3226295062 2.55433417771e-07
35.3529233566 2.55249486453e-07
35.3832172069 2.55207044862e-07
35.4135110573 2.54985406188e-07
35.4438049076 2.54971509052e-07
35.474098758 2.5496017452e-07
35.5043926083 2.5475679455e-07
35.5346864586 2.54696731261e-07
35.564980309 2.54506008241e-07
35.5952741593 2.543721659e-07
35.6255680097 2.54364693546e-07
35.65586186 2.54137513212e-07
35.6861557104 2.541002928e-07
35.7164495607 2.53855017839e-07
35.7467434111 2.53813439069e-07
35.7770372614 2.53636551591e-07
35.8073311118 2.53540005072e-07
35.8376249621 2.53502427557e-07
35.8679188125 2.53356511075e-07
35.8982126628 2.53214954692e-07
35.9285065132 2.53076740524e-07
35.9588003635 2.52938216715e-07
35.9890942139 2.52801579899e-07
36.0193880642 2.52867278848e-07
36.0496819146 2.52706113806e-07
36.0799757649 2.5248297986e-07
36.1102696153 2.5246942499e-07
36.1405634656 2.5238312384e-07
36.170857316 2.5227392638e-07
36.2011511663 2.52073817766e-07
36.2314450167 2.51975716268e-07
36.261738867 2.51895922698e-07
36.2920327174 2.51793819603e-07
36.3223265677 2.51665688419e-07
36.3526204181 2.51539092699e-07
36.3829142684 2.51351992115e-07
36.4132081188 2.51405260549e-07
36.4435019691 2.51162086187e-07
36.4737958194 2.51087711842e-07
36.5040896698 2.51025002519e-07
36.5343835201 2.50859868886e-07
36.5646773705 2.50773736147e-07
36.5949712208 2.50695857655e-07
36.6252650712 2.50594781766e-07
36.6555589215 2.5044518337e-07
36.6858527719 2.50383528729e-07
36.7161466222 2.50240870652e-07
36.7464404726 2.501727341e-07
36.7767343229 2.50000242033e-07
36.8070281733 2.49896381732e-07
36.8373220236 2.4984299408e-07
36.867615874 2.49729482665e-07
36.8979097243 2.49596100823e-07
36.9282035747 2.49491105375e-07
36.958497425 2.49386443595e-07
36.9887912754 2.49316583789e-07
37.0190851257 2.49170717871e-07
37.0493789761 2.49128377645e-07
37.0796728264 2.48946829678e-07
37.1099666768 2.48929464268e-07
37.1402605271 2.48782330039e-07
37.1705543775 2.48716300899e-07
37.2008482278 2.48577168102e-07
37.2311420782 2.48459633543e-07
37.2614359285 2.48352222915e-07
37.2917297789 2.4828279328e-07
37.3220236292 2.48160654151e-07
37.3523174796 2.48101274711e-07
37.3826113299 2.4798438424e-07
37.4129051802 2.47899796477e-07
37.4431990306 2.47725058954e-07
37.4734928809 2.47661119607e-07
37.5037867313 2.47585613948e-07
37.5340805816 2.47480954271e-07
37.564374432 2.47392557618e-07
37.5946682823 2.47285292967e-07
37.6249621327 2.47160870212e-07
37.655255983 2.47111771664e-07
37.6855498334 2.46959472051e-07
37.7158436837 2.46891485692e-07
37.7461375341 2.46802034207e-07
37.7764313844 2.46688757021e-07
37.8067252348 2.46602629559e-07
37.8370190851 2.46506586399e-07
37.8673129355 2.46431283914e-07
37.8976067858 2.4633633748e-07
37.9279006362 2.46206762821e-07
37.9581944865 2.46114730487e-07
37.9884883369 2.46003308934e-07
38.0187821872 2.459412461e-07
38.0490760376 2.45848742286e-07
38.0793698879 2.45749324716e-07
38.1096637383 2.45672142954e-07
38.1399575886 2.45603085137e-07
38.170251439 2.45492330072e-07
38.2005452893 2.45378954381e-07
38.2308391397 2.45314236189e-07
38.26113299 2.45180285576e-07
38.2914268404 2.45147784943e-07
38.3217206907 2.45043451418e-07
38.352014541 2.44939253984e-07
38.3823083914 2.44827150981e-07
38.4126022417 2.44762333785e-07
38.4428960921 2.44665060395e-07
38.4731899424 2.44578363387e-07
38.5034837928 2.44478539007e-07
38.5337776431 2.44402650875e-07
38.5640714935 2.44310680074e-07
38.5943653438 2.44224544975e-07
38.6246591942 2.44148928658e-07
38.6549530445 2.44055119621e-07
38.6852468949 2.43944274514e-07
38.7155407452 2.43883458675e-07
38.7458345956 2.43786011625e-07
38.7761284459 2.43702242939e-07
38.8064222963 2.43600753937e-07
38.8367161466 2.43539670418e-07
38.867009997 2.43440945511e-07
38.8973038473 2.43367195979e-07
38.9275976977 2.43273253815e-07
38.957891548 2.43179692027e-07
38.9881853984 2.4309699489e-07
39.0184792487 2.43018280178e-07
39.0487730991 2.42941591443e-07
39.0790669494 2.42848152853e-07
39.1093607998 2.4277357597e-07
39.1396546501 2.42698387892e-07
39.1699485005 2.42612501193e-07
39.2002423508 2.42524882589e-07
39.2305362012 2.42437475919e-07
39.2608300515 2.42364011035e-07
39.2911239018 2.42285718928e-07
39.3214177522 2.42197464444e-07
39.3517116025 2.42102937448e-07
39.3820054529 2.42023122886e-07
39.4122993032 2.41966370065e-07
39.4425931536 2.41861535574e-07
39.4728870039 2.41788893601e-07
39.5031808543 2.41714475484e-07
39.5334747046 2.41631755648e-07
39.563768555 2.41551404482e-07
39.5940624053 2.41486844816e-07
39.6243562557 2.41399054334e-07
39.654650106 2.41316375972e-07
39.6849439564 2.41248757661e-07
39.7152378067 2.4116377545e-07
39.7455316571 2.41092056605e-07
39.7758255074 2.40999361072e-07
39.8061193578 2.40942278904e-07
39.8364132081 2.40865595309e-07
39.8667070585 2.40777070604e-07
39.8970009088 2.40714608826e-07
39.9272947592 2.40633562604e-07
39.9575886095 2.4055949764e-07
39.9878824599 2.40481260459e-07
40.0181763102 2.40406666165e-07
40.0484701606 2.40331534259e-07
40.0787640109 2.40264813326e-07
40.1090578613 2.40181548535e-07
40.1393517116 2.40101001044e-07
40.169645562 2.4003721142e-07
40.1999394123 2.39969084029e-07
40.2302332626 2.39888021354e-07
40.260527113 2.39807152241e-07
40.2908209633 2.39742861058e-07
40.3211148137 2.39673785165e-07
40.351408664 2.39598292869e-07
40.3817025144 2.39525185196e-07
40.4119963647 2.39454906613e-07
40.4422902151 2.39384882035e-07
40.4725840654 2.39312909828e-07
40.5028779158 2.39239870249e-07
40.5331717661 2.39170394427e-07
40.5634656165 2.39102107888e-07
40.5937594668 2.39026060158e-07
40.6240533172 2.38960865345e-07
40.6543471675 2.38890748811e-07
40.6846410179 2.38822251182e-07
40.7149348682 2.38753048739e-07
40.7452287186 2.38686706443e-07
40.7755225689 2.3862220028e-07
40.8058164193 2.38555916087e-07
40.8361102696 2.38487142877e-07
40.86640412 2.38413108557e-07
40.8966979703 2.38338735036e-07
40.9269918207 2.38278761111e-07
40.957285671 2.38209503944e-07
40.9875795214 2.38148040027e-07
41.0178733717 2.38074093297e-07
41.0481672221 2.38009789299e-07
41.0784610724 2.37943283186e-07
41.1087549228 2.37881993678e-07
41.1390487731 2.37817402021e-07
41.1693426234 2.37754060033e-07
41.1996364738 2.37685426439e-07
41.2299303241 2.37621954284e-07
41.2602241745 2.37557178165e-07
41.2905180248 2.37495209622e-07
41.3208118752 2.37427176525e-07
41.3511057255 2.37366769825e-07
41.3813995759 2.37303427636e-07
41.4116934262 2.37239047371e-07
41.4419872766 2.37173591163e-07
41.4722811269 2.37113368856e-07
41.5025749773 2.37052494716e-07
41.5328688276 2.36988762749e-07
41.563162678 2.36928332701e-07
41.5934565283 2.36865380075e-07
41.6237503787 2.36806306226e-07
41.654044229 2.36745070906e-07
41.6843380794 2.36681227479e-07
41.7146319297 2.36621710363e-07
41.7449257801 2.36562087924e-07
41.7752196304 2.3650145061e-07
41.8055134808 2.36441479366e-07
41.8358073311 2.36384451358e-07
41.8661011815 2.36322932651e-07
41.8963950318 2.36263141304e-07
41.9266888822 2.36206813646e-07
41.9569827325 2.3614556615e-07
41.9872765829 2.36089157204e-07
42.0175704332 2.36031365418e-07
42.0478642836 2.35971681511e-07
42.0781581339 2.35914095967e-07
42.1084519842 2.35854846875e-07
42.1387458346 2.35797957073e-07
42.1690396849 2.35743864243e-07
42.1993335353 2.35687546081e-07
42.2296273856 2.35629287097e-07
42.259921236 2.35572156332e-07
42.2902150863 2.35518923027e-07
42.3205089367 2.35461521071e-07
42.350802787 2.35407178362e-07
42.3810966374 2.3535070035e-07
42.4113904877 2.35296028184e-07
42.4416843381 2.3524121324e-07
42.4719781884 2.35188896895e-07
42.5022720388 2.35132049823e-07
42.5325658891 2.35078742081e-07
42.5628597395 2.35024405426e-07
42.5931535898 2.34972597059e-07
42.6234474402 2.34918437152e-07
42.6537412905 2.34865355957e-07
42.6840351409 2.34810965367e-07
42.7143289912 2.34760034084e-07
42.7446228416 2.3470724562e-07
42.7749166919 2.34655333911e-07
42.8052105423 2.34602285145e-07
42.8355043926 2.34551052064e-07
42.865798243 2.34500129224e-07
42.8960920933 2.34448555968e-07
42.9263859437 2.3439829184e-07
42.956679794 2.34347016086e-07
42.9869736444 2.34296912762e-07
43.0172674947 2.34246268115e-07
43.047561345 2.34196413346e-07
43.0778551954 2.34147098539e-07
43.1081490457 2.34097466124e-07
43.1384428961 2.34048159517e-07
43.1687367464 2.33999197807e-07
43.1990305968 2.33950199523e-07
43.2293244471 2.33901618313e-07
43.2596182975 2.33852877439e-07
43.2899121478 2.33805389493e-07
43.3202059982 2.33757181773e-07
43.3504998485 2.33709673955e-07
43.3807936989 2.33661998216e-07
43.4110875492 2.33615020593e-07
43.4413813996 2.33567739361e-07
43.4716752499 2.33521514983e-07
43.5019691003 2.33474970818e-07
43.5322629506 2.33428547075e-07
43.562556801 2.33382549048e-07
43.5928506513 2.33336994367e-07
43.6231445017 2.33291045584e-07
43.653438352 2.33246206613e-07
43.6837322024 2.33200827992e-07
43.7140260527 2.33155993397e-07
43.7443199031 2.33111587364e-07
43.7746137534 2.33066693835e-07
43.8049076038 2.33022835826e-07
43.8352014541 2.32978987805e-07
43.8654953045 2.32935138635e-07
43.8957891548 2.32891770191e-07
43.9260830051 2.32848522452e-07
43.9563768555 2.32805558378e-07
43.9866707058 2.32762573397e-07
44.0169645562 2.32719982095e-07
44.0472584065 2.32677733434e-07
44.0775522569 2.32635316722e-07
44.1078461072 2.32593398355e-07
44.1381399576 2.32552000227e-07
44.1684338079 2.32510624676e-07
44.1987276583 2.32469395263e-07
44.2290215086 2.32428280661e-07
44.259315359 2.32387786303e-07
44.2896092093 2.32347006951e-07
44.3199030597 2.32306672423e-07
44.35019691 2.32266653611e-07
44.3804907604 2.32226872224e-07
44.4107846107 2.32187382148e-07
44.4410784611 2.32147916242e-07
44.4713723114 2.32108675751e-07
44.5016661618 2.3206967496e-07
44.5319600121 2.32030886804e-07
44.5622538625 2.31992545509e-07
44.5925477128 2.31954204098e-07
44.6228415632 2.31916205099e-07
44.6531354135 2.31878353707e-07
44.6834292639 2.31840752205e-07
44.7137231142 2.31803362908e-07
44.7440169646 2.31766148488e-07
44.7743108149 2.31729317362e-07
44.8046046653 2.31692536981e-07
44.8348985156 2.31656054647e-07
44.8651923659 2.31619818232e-07
44.8954862163 2.31583752781e-07
44.9257800666 2.31548027515e-07
44.956073917 2.31512387351e-07
44.9863677673 2.31477016685e-07
45.0166616177 2.31441897378e-07
45.046955468 2.31406920721e-07
45.0772493184 2.31372244036e-07
45.1075431687 2.31337742302e-07
45.1378370191 2.31303515081e-07
45.1681308694 2.31269433381e-07
45.1984247198 2.31235606673e-07
45.2287185701 2.31202040518e-07
45.2590124205 2.31168648565e-07
45.2893062708 2.31135525555e-07
45.3196001212 2.31102560875e-07
45.3498939715 2.31069848375e-07
45.3801878219 2.31037327287e-07
45.4104816722 2.31005065697e-07
45.4407755226 2.30973010541e-07
45.4710693729 2.30941159945e-07
45.5013632233 2.30909537591e-07
45.5316570736 2.30878155459e-07
45.561950924 2.30846967555e-07
45.5922447743 2.30816018157e-07
45.6225386247 2.30785291442e-07
45.652832475 2.3075475153e-07
45.6831263254 2.30724433226e-07
45.7134201757 2.30694369756e-07
45.7437140261 2.30664491992e-07
45.7740078764 2.30634859355e-07
45.8043017267 2.30605416386e-07
45.8345955771 2.3057621825e-07
45.8648894274 2.30547222446e-07
45.8951832778 2.3051844034e-07
45.9254771281 2.3048988015e-07
45.9557709785 2.30461544133e-07
45.9860648288 2.30433421698e-07
46.0163586792 2.30405518904e-07
46.0466525295 2.30377827437e-07
46.0769463799 2.30350356691e-07
46.1072402302 2.30323101545e-07
46.1375340806 2.30296059782e-07
46.1678279309 2.30269235719e-07
46.1981217813 2.30242627436e-07
46.2284156316 2.30216237623e-07
46.258709482 2.30190063514e-07
46.2890033323 2.30164106039e-07
46.3192971827 2.30138364042e-07
46.349591033 2.30112839222e-07
46.3798848834 2.3008753147e-07
46.4101787337 2.30062435364e-07
46.4404725841 2.30037557405e-07
46.4707664344 2.30012888116e-07
46.5010602848 2.29988444885e-07
46.5313541351 2.29964207216e-07
46.5616479855 2.29940189715e-07
46.5919418358 2.29916384525e-07
46.6222356862 2.29892794e-07
46.6525295365 2.29869420078e-07
46.6828233869 2.29846259957e-07
46.7131172372 2.29823314056e-07
46.7434110875 2.2980058395e-07
46.7737049379 2.29778065769e-07
46.8039987882 2.29755762975e-07
46.8342926386 2.29733674016e-07
46.8645864889 2.29711798738e-07
46.8948803393 2.29690137338e-07
46.9251741896 2.296686897e-07
46.95546804 2.29647455471e-07
46.9857618903 2.29626435083e-07
47.0160557407 2.29605627695e-07
47.046349591 2.29585033395e-07
47.0766434414 2.29564652576e-07
47.1069372917 2.29544485017e-07
47.1372311421 2.29524530839e-07
47.1675249924 2.29504788935e-07
47.1978188428 2.29485259724e-07
47.2281126931 2.29465943824e-07
47.2584065435 2.29446840514e-07
47.2887003938 2.29427949521e-07
47.3189942442 2.29409271003e-07
47.3492880945 2.29390804931e-07
47.3795819449 2.29372551069e-07
47.4098757952 2.29354509593e-07
47.4401696456 2.29336680255e-07
47.4704634959 2.29319062858e-07
47.5007573463 2.29301657372e-07
47.5310511966 2.2928446386e-07
47.561345047 2.29267482101e-07
47.5916388973 2.29250712158e-07
47.6219327477 2.29234153817e-07
47.652226598 2.29217806987e-07
47.6825204483 2.29201671788e-07
47.7128142987 2.29185747918e-07
47.743108149 2.29170035455e-07
47.7734019994 2.29154534188e-07
47.8036958497 2.29139244196e-07
47.8339897001 2.2912416528e-07
47.8642835504 2.29109297499e-07
47.8945774008 2.29094640653e-07
47.9248712511 2.29080194761e-07
47.9551651015 2.29065959705e-07
47.9854589518 2.2905193548e-07
48.0157528022 2.2903812196e-07
48.0460466525 2.29024519111e-07
48.0763405029 2.29011126849e-07
48.1066343532 2.28997945147e-07
48.1369282036 2.2898497391e-07
48.1672220539 2.28972213102e-07
48.1975159043 2.28959662648e-07
48.2278097546 2.28947322504e-07
48.258103605 2.28935192597e-07
48.2883974553 2.28923272888e-07
48.3186913057 2.28911563311e-07
48.348985156 2.28900063815e-07
48.3792790064 2.2888877434e-07
48.4095728567 2.28877694846e-07
48.4398667071 2.28866825273e-07
48.4701605574 2.28856165573e-07
48.5004544078 2.28845715697e-07
48.5307482581 2.28835475598e-07
48.5610421085 2.28825445228e-07
48.5913359588 2.28815624542e-07
48.6216298091 2.2880601349e-07
48.6519236595 2.28796612033e-07
48.6822175098 2.28787420124e-07
48.7125113602 2.28778437723e-07
48.7428052105 2.28769664787e-07
48.7730990609 2.28761101277e-07
48.8033929112 2.28752747152e-07
48.8336867616 2.28744602374e-07
48.8639806119 2.28736666906e-07
48.8942744623 2.28728940711e-07
48.9245683126 2.28721423753e-07
48.954862163 2.28714115998e-07
48.9851560133 2.28707017411e-07
49.0154498637 2.28700127961e-07
49.045743714 2.28693447616e-07
49.0760375644 2.28686976344e-07
49.1063314147 2.28680714116e-07
49.1366252651 2.28674660903e-07
49.1669191154 2.28668816678e-07
49.1972129658 2.28663181412e-07
49.2275068161 2.28657755081e-07
49.2578006665 2.28652537659e-07
49.2880945168 2.28647529122e-07
49.3183883672 2.28642729448e-07
49.3486822175 2.28638138613e-07
49.3789760679 2.28633756597e-07
49.4092699182 2.28629583381e-07
49.4395637686 2.28625618943e-07
49.4698576189 2.28621863267e-07
49.5001514693 2.28618316335e-07
49.5304453196 2.2861497813e-07
49.5607391699 2.28611848637e-07
49.5910330203 2.28608927843e-07
49.6213268706 2.28606215733e-07
49.651620721 2.28603712294e-07
49.6819145713 2.28601417516e-07
49.7122084217 2.28599331388e-07
49.742502272 2.285974539e-07
49.7727961224 2.28595785043e-07
49.8030899727 2.28594324811e-07
49.8333838231 2.28593073196e-07
49.8636776734 2.28592030191e-07
49.8939715238 2.28591195794e-07
49.9242653741 2.28590569999e-07
49.9545592245 2.28590152804e-07
49.9848530748 2.28589944207e-07
