0.0 9.3522308502e-05
0.0302938503484 7.03704059453e-05
0.0605877006968 9.15194794951e-05
0.0908815510451 0.000100446392631
0.121175401394 6.52722451509e-05
0.151469251742 9.12263067556e-05
0.18176310209 4.86304660106e-05
0.212056952439 7.16326851372e-05
0.242350802787 0.000106845717188
0.272644653135 5.95019611904e-05
0.302938503484 9.21727014959e-05
0.333232353832 8.25906903792e-05
0.363526204181 0.000161241044377
0.393820054529 0.000149097375628
0.424113904877 2.43868932619e-05
0.454407755226 6.25952353388e-05
0.484701605574 0.000159498497783
0.514995455922 3.67097165544e-05
0.545289306271 7.78698708693e-05
0.575583156619 0.000120438571923
0.605877006968 9.98293678034e-05
0.636170857316 4.77554932199e-05
0.666464707664 0.000135354233343
0.696758558013 4.68979941522e-05
0.727052408361 0.00013706104038
0.757346258709 5.13518029084e-06
0.787640109058 2.21792547698e-05
0.817933959406 2.57543101788e-05
0.848227809755 0.000124474138429
0.878521660103 8.38809993218e-05
0.908815510451 8.67598826509e-05
0.9391093608 3.27814778792e-05
0.969403211148 3.48688159026e-05
0.999697061497 2.98341730688e-05
1.02999091184 5.87658333601e-05
1.06028476219 1.59114471039e-05
1.09057861254 5.99177758769e-05
1.12087246289 5.32884761098e-05
1.15116631324 3.59052113072e-05
1.18146016359 2.37575675351e-05
1.21175401394 3.82722332297e-05
1.24204786428 5.99815429341e-05
1.27234171463 3.7572812373e-05
1.30263556498 3.1062949906e-05
1.33292941533 2.08208469123e-05
1.36322326568 2.36894719838e-05
1.39351711603 1.28018430219e-05
1.42381096637 1.91799556386e-05
1.45410481672 3.31657540491e-05
1.48439866707 2.64654965553e-06
1.51469251742 5.42898631933e-05
1.54498636777 5.33309942766e-05
1.57528021812 3.68710278e-05
1.60557406846 1.98189829598e-05
1.63586791881 1.70079011382e-05
1.66616176916 2.18764307897e-05
1.69645561951 3.40095333894e-05
1.72674946986 4.34144592393e-06
1.75704332021 1.65602349387e-05
1.78733717055 1.25132842717e-05
1.8176310209 2.61209630107e-05
1.84792487125 1.57870553343e-05
1.8782187216 8.73242765243e-06
1.90851257195 1.88307469812e-05
1.9388064223 9.9976775103e-06
1.96910027264 2.27474508394e-05
1.99939412299 1.24682754714e-05
2.02968797334 3.2103020852e-05
2.05998182369 3.9714586034e-05
2.09027567404 2.94634481611e-05
2.12056952439 2.44129953673e-05
2.15086337473 1.35502984138e-05
2.18115722508 1.87245145334e-05
2.21145107543 1.07418984518e-05
2.24174492578 2.09957962002e-05
2.27203877613 1.57973636237e-05
2.30233262648 2.14528708648e-05
2.33262647683 9.94146214101e-06
2.36292032717 2.18182848792e-05
2.39321417752 1.10754468544e-05
2.42350802787 1.68341409944e-05
2.45380187822 3.96950026216e-06
2.48409572857 1.37447791923e-05
2.51438957892 5.64947668825e-06
2.54468342926 1.56168181241e-05
2.57497727961 7.15250367085e-06
2.60527112996 1.93080720116e-05
2.63556498031 2.16818725457e-05
2.66585883066 1.88778269619e-05
2.69615268101 1.11215832066e-05
2.72644653135 2.05460331281e-05
2.7567403817 1.92229749148e-05
2.78703423205 5.31281301492e-06
2.8173280824 2.7990667364e-06
2.84762193275 2.07670728077e-05
2.8779157831 2.10927183521e-05
2.90820963344 2.45412440875e-05
2.93850348379 2.27758859728e-05
2.96879733414 2.32612132579e-05
2.99909118449 2.41777733202e-05
3.02938503484 6.08531895487e-06
3.05967888519 4.042800774e-06
3.08997273553 1.29045608418e-05
3.12026658588 2.08457483996e-05
3.15056043623 6.71765242572e-06
3.18085428658 2.29708888382e-05
3.21114813693 1.77308726312e-05
3.24144198728 1.72477467309e-05
3.27173583762 4.48850105691e-06
3.30202968797 7.36956657683e-06
3.33232353832 1.55291815397e-05
3.36261738867 1.02971525023e-05
3.39291123902 7.73288701767e-06
3.42320508937 1.6137401779e-05
3.45349893972 2.70501605699e-05
3.48379279006 1.73701916739e-05
3.51408664041 1.3519038372e-05
3.54438049076 3.32407981665e-06
3.57467434111 9.93577303903e-06
3.60496819146 1.55645331437e-05
3.63526204181 7.8164668055e-06
3.66555589215 6.50338193979e-06
3.6958497425 1.42293351233e-05
3.72614359285 1.82650265878e-05
3.7564374432 7.45252781316e-06
3.78673129355 8.70468546347e-06
3.8170251439 5.99348759261e-06
3.84731899424 1.03144277929e-05
3.87761284459 1.32251108156e-05
3.90790669494 5.75455986055e-06
3.93820054529 3.36813759858e-06
3.96849439564 4.9528335394e-06
3.99878824599 8.31326050429e-06
4.02908209633 5.71694828065e-06
4.05937594668 5.59273000757e-06
4.08966979703 9.14630519026e-06
4.11996364738 5.33910970704e-06
4.15025749773 3.81589056416e-06
4.18055134808 6.04116288512e-06
4.21084519842 8.01173487603e-06
4.24113904877 1.05987697667e-05
4.27143289912 8.29385791318e-06
4.30172674947 5.04981716993e-06
4.33202059982 2.78041186862e-06
4.36231445017 5.00233240371e-06
4.39260830051 7.61403853146e-06
4.42290215086 1.14906984028e-05
4.45319600121 1.1788857158e-05
4.48348985156 8.74099973254e-06
4.51378370191 1.70145245355e-06
4.54407755226 5.89660451616e-06
4.57437140261 4.30017330494e-06
4.60466525295 8.94221109985e-06
4.6349591033 5.92828526975e-06
4.66525295365 2.19090567788e-06
4.695546804 4.09325767161e-06
4.72584065435 5.38270257093e-06
4.7561345047 7.52300137609e-06
4.78642835504 6.7152778627e-06
4.81672220539 3.84249985986e-06
4.84701605574 1.20058935511e-05
4.87730990609 6.83435238487e-06
4.90760375644 8.85200947429e-06
4.93789760679 6.18032260099e-06
4.96819145713 6.15026708235e-06
4.99848530748 1.53071307412e-05
5.02877915783 1.43413037349e-05
5.05907300818 1.10963882122e-05
5.08936685853 9.88861336719e-06
5.11966070888 6.06040547418e-06
5.14995455922 8.7209034195e-06
5.18024840957 2.89520734751e-06
5.21054225992 1.83568395645e-06
5.24083611027 2.70814974186e-06
5.27112996062 7.09071414e-06
5.30142381097 3.42015561677e-06
5.33171766131 4.55476899298e-06
5.36201151166 2.1702603653e-06
5.39230536201 1.79368286472e-06
5.42259921236 3.73497833096e-06
5.45289306271 5.17152714661e-06
5.48318691306 5.43061741071e-06
5.51348076341 8.76492638258e-06
5.54377461375 6.53398565527e-06
5.5740684641 5.57197941481e-06
5.60436231445 4.63030823746e-06
5.6346561648 2.14897795283e-06
5.66495001515 3.72151335413e-06
5.6952438655 4.1741956341e-06
5.72553771584 4.71800271672e-06
5.75583156619 1.64885229673e-06
5.78612541654 3.31408879086e-06
5.81641926689 4.6284129821e-06
5.84671311724 6.25439013858e-06
5.87700696759 6.9522910284e-06
5.90730081793 6.25623688959e-06
5.93759466828 5.96047587808e-06
5.96788851863 5.20220649864e-06
5.99818236898 4.82592952829e-06
6.02847621933 6.04430966176e-06
6.05877006968 2.62265148601e-06
6.08906392002 2.63094283577e-06
6.11935777037 1.10218869598e-06
6.14965162072 1.22939657464e-06
6.17994547107 1.87382844316e-06
6.21023932142 3.83398929007e-06
6.24053317177 2.9460969196e-06
6.27082702211 1.59926907727e-06
6.30112087246 1.42538121046e-06
6.33141472281 1.4926017795e-06
6.36170857316 1.42887071092e-06
6.39200242351 2.11170418808e-06
6.42229627386 3.31376903761e-06
6.4525901242 1.36981298953e-06
6.48288397455 2.03708166178e-06
6.5131778249 2.26653990183e-06
6.54347167525 9.69288563691e-07
6.5737655256 3.62468508922e-06
6.60405937595 5.94119630629e-06
6.6343532263 4.11460643537e-06
6.66464707664 2.71508931291e-06
6.69494092699 2.5743596234e-06
6.72523477734 1.7434148332e-06
6.75552862769 2.68325348923e-06
6.78582247804 1.82304929894e-06
6.81611632839 1.64614047081e-06
6.84641017873 1.96559579172e-06
6.87670402908 2.83025538535e-06
6.90699787943 2.51151253932e-06
6.93729172978 2.98293955704e-06
6.96758558013 2.54819086329e-06
6.99787943048 2.20147214454e-06
7.02817328082 2.48440990594e-06
7.05846713117 7.69627492888e-07
7.08876098152 2.0392857421e-06
7.11905483187 2.36475348434e-06
7.14934868222 1.30522261182e-06
7.17964253257 1.25932327547e-06
7.20993638291 1.73069880435e-06
7.24023023326 2.27751124266e-06
7.27052408361 1.67459369897e-06
7.30081793396 1.68609955766e-06
7.33111178431 1.50859686719e-06
7.36140563466 2.96572757995e-06
7.391699485 2.43732696429e-06
7.42199333535 2.04915747179e-06
7.4522871857 5.24937358346e-07
7.48258103605 1.46616214007e-06
7.5128748864 1.82866010824e-06
7.54316873675 1.40808138741e-06
7.57346258709 8.54353690358e-07
7.60375643744 1.51258780618e-06
7.63405028779 3.5302184982e-06
7.66434413814 3.82394862726e-06
7.69463798849 2.03739438579e-06
7.72493183884 2.36911934584e-07
7.75522568919 1.12643491306e-06
7.78551953953 1.19894093177e-06
7.81581338988 1.39439216671e-06
7.84610724023 1.92281159882e-06
7.87640109058 3.53268374762e-06
7.90669494093 4.0901324268e-06
7.93698879128 2.65691388267e-06
7.96728264162 2.82882501159e-06
7.99757649197 1.90781102417e-06
8.02787034232 2.04286846895e-06
8.05816419267 1.03291307388e-06
8.08845804302 4.93268704394e-07
8.11875189337 4.5055360547e-07
8.14904574371 8.75065630699e-07
8.17933959406 2.53956992531e-06
8.20963344441 2.64493776092e-06
8.23992729476 1.20803913789e-06
8.27022114511 2.72606905099e-06
8.30051499546 2.14010058044e-06
8.3308088458 2.62595736466e-06
8.36110269615 2.156764354e-06
8.3913965465 2.21773428296e-06
8.42169039685 2.35853374414e-06
8.4519842472 2.87686956312e-06
8.48227809755 2.88469103984e-06
8.51257194789 9.58637102741e-07
8.54286579824 1.52208353109e-06
8.57315964859 1.63211078635e-06
8.60345349894 1.35246364713e-06
8.63374734929 2.40187952061e-06
8.66404119964 2.39080363421e-06
8.69433504998 2.19929153746e-06
8.72462890033 5.78423985553e-07
8.75492275068 1.02276257378e-06
8.78521660103 2.18935103366e-06
8.81551045138 4.20249224417e-06
8.84580430173 3.05790026272e-06
8.87609815208 2.38388427833e-06
8.90639200242 1.76663762791e-06
8.93668585277 1.49781909487e-06
8.96697970312 3.17708507256e-06
8.99727355347 1.22163900368e-06
9.02756740382 1.8963687294e-06
9.05786125417 2.30043627725e-06
9.08815510451 3.68799287007e-07
9.11844895486 1.64291136591e-06
9.14874280521 6.91719257841e-07
9.17903665556 9.24617346945e-07
9.20933050591 1.07185610679e-06
9.23962435626 2.82662667148e-06
9.2699182066 1.00773154567e-06
9.30021205695 8.74011324097e-07
9.3305059073 1.32646761405e-06
9.36079975765 1.51596426415e-06
9.391093608 1.99758073937e-06
9.42138745835 2.49291585443e-07
9.45168130869 1.69348420873e-06
9.48197515904 2.23255813877e-06
9.51226900939 2.43803543401e-06
9.54256285974 2.04810403365e-06
9.57285671009 1.62293311639e-06
9.60315056044 2.08559711414e-06
9.63344441078 3.26950461737e-06
9.66373826113 2.52274365523e-06
9.69403211148 2.25054518903e-06
9.72432596183 1.56359937695e-06
9.75461981218 1.15313312563e-06
9.78491366253 1.5650594806e-06
9.81520751287 5.80304172333e-07
9.84550136322 2.62879648743e-06
9.87579521357 2.39813442503e-06
9.90608906392 2.09985014016e-06
9.93638291427 9.12091138014e-07
9.96667676462 1.80734566984e-06
9.99697061497 8.44102675783e-07
10.0272644653 2.1701814345e-06
10.0575583157 2.00692839057e-06
10.087852166 2.22302420554e-06
10.1181460164 2.37048254612e-06
10.1484398667 2.92929960644e-06
10.1787337171 5.93154620421e-07
10.2090275674 1.23426574229e-06
10.2393214178 1.81108525024e-06
10.2696152681 1.88576232253e-06
10.2999091184 2.19461182197e-06
10.3302029688 2.18052666028e-06
10.3604968191 1.68276847623e-06
10.3907906695 5.54563310195e-07
10.4210845198 2.10085054412e-06
10.4513783702 1.61555034963e-06
10.4816722205 1.54683743011e-06
10.5119660709 1.53705789995e-06
10.5422599212 6.14017822214e-07
10.5725537716 1.9574107833e-06
10.6028476219 1.47097529644e-06
10.6331414723 1.52678449709e-06
10.6634353226 1.14966320465e-06
10.693729173 1.05134038171e-06
10.7240230233 6.60331541012e-07
10.7543168737 2.56143596382e-07
10.784610724 7.98231089105e-07
10.8149045744 2.01046235822e-06
10.8451984247 2.64862874375e-06
10.8754922751 2.58340313249e-06
10.9057861254 2.40724043083e-06
10.9360799758 1.53554877246e-06
10.9663738261 1.51192041887e-06
10.9966676765 1.13807389471e-06
11.0269615268 1.3807111886e-06
11.0572553772 1.06258554075e-06
11.0875492275 5.73015480077e-07
11.1178430779 1.02264097779e-06
11.1481369282 8.27434761318e-07
11.1784307786 4.76694071768e-07
11.2087246289 8.59933702453e-07
11.2390184792 4.6331281916e-07
11.2693123296 1.65037427136e-06
11.2996061799 1.17211059099e-06
11.3299000303 6.40548618378e-07
11.3601938806 3.22975001475e-07
11.390487731 2.78631408037e-07
11.4207815813 8.88930313913e-07
11.4510754317 1.43547989735e-07
11.481369282 2.37745224117e-07
11.5116631324 1.21239307311e-06
11.5419569827 1.15075758762e-06
11.5722508331 1.13263556455e-06
11.6025446834 7.30692282602e-07
11.6328385338 3.17362914795e-07
11.6631323841 1.10855444183e-06
11.6934262345 3.89335360902e-07
11.7237200848 6.33561422457e-07
11.7540139352 3.76727445831e-07
11.7843077855 4.74837873564e-07
11.8146016359 8.27791557294e-07
11.8448954862 1.57584806482e-06
11.8751893366 1.10182167262e-06
11.9054831869 4.40493843829e-07
11.9357770373 1.36746100272e-06
11.9660708876 1.09157866787e-06
11.996364738 8.56514567095e-07
12.0266585883 3.32078043192e-07
12.0569524387 5.03932426009e-07
12.087246289 1.16336810806e-06
12.1175401394 5.59120800802e-07
12.1478339897 2.26472676503e-07
12.17812784 8.20129215853e-07
12.2084216904 1.963269701e-07
12.2387155407 6.1346503707e-07
12.2690093911 3.46825512075e-07
12.2993032414 1.08515095088e-06
12.3295970918 1.34073327862e-06
12.3598909421 9.95572339207e-07
12.3901847925 6.49568537304e-07
12.4204786428 4.50111303308e-07
12.4507724932 4.17592734455e-07
12.4810663435 4.930583839e-07
12.5113601939 9.42505589994e-07
12.5416540442 8.98092861837e-07
12.5719478946 7.12958677256e-07
12.6022417449 3.38660053813e-07
12.6325355953 1.21370519209e-07
12.6628294456 4.55090648688e-07
12.693123296 5.12448347396e-07
12.7234171463 8.80510760699e-07
12.7537109967 9.75961036158e-07
12.784004847 5.06905939752e-07
12.8142986974 7.04352288716e-07
12.8445925477 9.64250246055e-07
12.8748863981 4.05674728987e-07
12.9051802484 8.89797967903e-07
12.9354740988 1.04097908461e-06
12.9657679491 1.1719387659e-06
12.9960617995 1.44402694684e-06
13.0263556498 1.31028596069e-06
13.0566495002 7.43000440192e-07
13.0869433505 8.72221758802e-07
13.1172372008 1.43605646966e-06
13.1475310512 1.04175034473e-06
13.1778249015 1.06544292019e-06
13.2081187519 5.67265003402e-07
13.2384126022 7.11999511742e-07
13.2687064526 7.25953251018e-07
13.2990003029 6.07090179528e-07
13.3292941533 5.34964307278e-07
13.3595880036 5.96034506657e-07
13.389881854 5.20550116297e-07
13.4201757043 9.36374757108e-07
13.4504695547 4.83980296281e-07
13.480763405 6.45477662278e-07
13.5110572554 1.03353117564e-06
13.5413511057 7.60306797121e-07
13.5716449561 5.81214396273e-07
13.6019388064 5.96990509643e-07
13.6322326568 5.46385439847e-07
13.6625265071 3.16463374482e-07
13.6928203575 4.1481522587e-07
13.7231142078 1.20159928571e-06
13.7534080582 1.07406070285e-06
13.7837019085 1.51580574453e-07
13.8139957589 8.80099573508e-07
13.8442896092 7.0207140703e-07
13.8745834596 2.72553977795e-07
13.9048773099 6.20137102665e-07
13.9351711603 8.18634309764e-07
13.9654650106 9.50070302952e-07
13.995758861 1.11891422602e-06
14.0260527113 6.15981018891e-07
14.0563465616 2.95040081696e-07
14.086640412 1.53801424342e-07
14.1169342623 9.84939988014e-07
14.1472281127 9.07169941213e-07
14.177521963 5.41092159436e-07
14.2078158134 4.07912438767e-07
14.2381096637 1.0038407943e-06
14.2684035141 6.56077106832e-07
14.2986973644 1.27279689282e-06
14.3289912148 1.27441441191e-06
14.3592850651 4.84796300315e-07
14.3895789155 8.23532936982e-07
14.4198727658 8.22722388932e-07
14.4501666162 4.93794819131e-07
14.4804604665 2.12533218626e-07
14.5107543169 6.08207846987e-08
14.5410481672 5.05070445421e-07
14.5713420176 5.29163328744e-07
14.6016358679 3.28628404934e-07
14.6319297183 7.31766479806e-07
14.6622235686 3.61614875291e-07
14.692517419 8.16173566326e-07
14.7228112693 4.9989183926e-07
14.7531051197 2.89742303208e-07
14.78339897 4.94220740894e-07
14.8136928204 5.8007380934e-07
14.8439866707 1.078632068e-07
14.8742805211 5.26888256009e-07
14.9045743714 3.02260328828e-07
14.9348682218 2.29278743136e-07
14.9651620721 3.19522035597e-07
14.9954559224 4.19269997514e-07
15.0257497728 6.26540106844e-07
15.0560436231 6.40516436191e-07
15.0863374735 6.29309288081e-07
15.1166313238 3.63051752885e-07
15.1469251742 2.34734133826e-07
15.1772190245 5.9053502403e-07
15.2075128749 3.71136899266e-07
15.2378067252 1.66544395105e-07
15.2681005756 4.02848413818e-07
15.2983944259 4.83699758671e-07
15.3286882763 2.43751822313e-07
15.3589821266 6.37321106962e-08
15.389275977 4.21796584932e-07
15.4195698273 1.45759622397e-07
15.4498636777 2.97509650295e-07
15.480157528 4.9738683732e-07
15.5104513784 5.62073246437e-07
15.5407452287 3.86017289445e-07
15.5710390791 5.79420325183e-07
15.6013329294 2.13712673602e-07
15.6316267798 1.42473455468e-07
15.6619206301 4.48413897283e-07
15.6922144805 2.3632649052e-07
15.7225083308 5.55140840361e-07
15.7528021812 4.33703796021e-07
15.7830960315 5.80306100477e-07
15.8133898819 4.70159249457e-07
15.8436837322 3.45496869918e-07
15.8739775826 2.03588944692e-07
15.9042714329 4.44916278056e-07
15.9345652832 4.37980688815e-07
15.9648591336 2.27476603784e-07
15.9951529839 1.76655062976e-07
16.0254468343 3.89388372057e-07
16.0557406846 7.38444689262e-07
16.086034535 3.26683568702e-07
16.1163283853 2.74601366796e-07
16.1466222357 1.34124153606e-07
16.176916086 3.93687736727e-07
16.2072099364 4.9192796672e-07
16.2375037867 3.13048635601e-07
16.2677976371 1.366650461e-07
16.2980914874 1.57455652187e-07
16.3283853378 3.01404995527e-07
16.3586791881 4.03636639319e-07
16.3889730385 5.6821858256e-07
16.4192668888 3.89126276617e-07
16.4495607392 4.41798156007e-07
16.4798545895 3.30663350705e-07
16.5101484399 1.98867559306e-07
16.5404422902 2.72965119931e-07
16.5707361406 3.12811587755e-07
16.6010299909 5.43758975184e-07
16.6313238413 5.08082533669e-07
16.6616176916 1.10076927454e-07
16.691911542 1.22039276161e-08
16.7222053923 7.53179995345e-08
16.7524992427 2.17776232884e-07
16.782793093 3.58014543565e-07
16.8130869434 4.55706483955e-07
16.8433807937 3.56157517715e-07
16.873674644 2.09833209858e-07
16.9039684944 1.11495769434e-07
16.9342623447 3.41731451008e-07
16.9645561951 4.36785290083e-07
16.9948500454 3.10585370367e-07
17.0251438958 3.24298572339e-07
17.0554377461 2.52911735988e-07
17.0857315965 1.28640787137e-07
17.1160254468 2.90294481e-07
17.1463192972 7.4953967143e-07
17.1766131475 7.15129318292e-07
17.2069069979 6.67973229437e-07
17.2372008482 5.37386196867e-07
17.2674946986 7.17060077131e-07
17.2977885489 8.00991014382e-07
17.3280823993 6.15707349393e-07
17.3583762496 2.79305528784e-07
17.3886701 2.64337325293e-07
17.4189639503 3.19334526951e-07
17.4492578007 1.39507751125e-07
17.479551651 6.517569319e-08
17.5098455014 2.71741375657e-07
17.5401393517 2.95021711924e-07
17.5704332021 1.40174474998e-07
17.6007270524 6.76439700689e-07
17.6310209028 9.38016353142e-07
17.6613147531 5.92350506499e-07
17.6916086035 1.37632709443e-07
17.7219024538 1.15375147685e-07
17.7521963042 1.74934721507e-07
17.7824901545 3.14935384302e-07
17.8127840048 4.10504731276e-07
17.8430778552 3.39061714933e-07
17.8733717055 1.6173655863e-07
17.9036655559 2.42187966149e-07
17.9339594062 1.60734617901e-07
17.9642532566 2.65855086615e-07
17.9945471069 5.77795201729e-07
18.0248409573 3.19305038213e-07
18.0551348076 3.01313866669e-07
18.085428658 2.0533566033e-07
18.1157225083 3.15678921797e-07
18.1460163587 3.00979935372e-07
18.176310209 1.841878165e-07
18.2066040594 2.0810473547e-07
18.2368979097 1.46106456684e-07
18.2671917601 1.06403976557e-07
18.2974856104 9.93940169318e-08
18.3277794608 2.06629771463e-07
18.3580733111 4.73310500248e-07
18.3883671615 2.64192638173e-07
18.4186610118 4.40070005082e-07
18.4489548622 3.90370725461e-07
18.4792487125 1.40608436728e-07
18.5095425629 2.04168868377e-07
18.5398364132 3.76827843761e-07
18.5701302636 4.0247936641e-07
18.6004241139 1.70269099838e-07
18.6307179643 2.50910192223e-07
18.6610118146 8.85197283678e-08
18.691305665 3.37550600338e-08
18.7215995153 1.57341782625e-07
18.7518933656 3.20848956637e-07
18.782187216 1.60392883042e-07
18.8124810663 2.83606062187e-07
18.8427749167 5.55502923652e-07
18.873068767 4.24833494775e-07
18.9033626174 2.84845463596e-07
18.9336564677 2.19278395442e-07
18.9639503181 1.18950817709e-07
18.9942441684 2.3569663311e-07
19.0245380188 1.59475593395e-07
19.0548318691 4.19029157492e-07
19.0851257195 4.17954284525e-07
19.1154195698 2.8763842355e-07
19.1457134202 8.80001697254e-08
19.1760072705 3.77137069947e-07
19.2063011209 5.01249256919e-07
19.2365949712 2.01610731321e-07
19.2668888216 1.84299442842e-07
19.2971826719 2.15568772467e-07
19.3274765223 1.88970507013e-07
19.3577703726 1.96891671521e-07
19.388064223 2.53010803753e-07
19.4183580733 2.39239843545e-07
19.4486519237 1.0667239771e-07
19.478945774 9.88809594641e-08
19.5092396244 1.17484856393e-07
19.5395334747 4.02540191807e-08
19.5698273251 9.73531189069e-08
19.6001211754 6.552609245e-08
19.6304150257 1.67497797757e-07
19.6607088761 1.69520521053e-07
19.6910027264 1.57664667857e-07
19.7212965768 1.5511040872e-07
19.7515904271 1.54704687135e-07
19.7818842775 8.83054926101e-08
19.8121781278 5.67455917445e-08
19.8424719782 4.73225357127e-08
19.8727658285 9.45913964518e-08
19.9030596789 2.42654098193e-07
19.9333535292 2.12226027024e-07
19.9636473796 1.3364579292e-07
19.9939412299 2.23692475081e-07
20.0242350803 2.07135983085e-07
20.0545289306 1.69018252939e-07
20.084822781 3.11302412389e-07
20.1151166313 1.62367989801e-07
20.1454104817 1.44735843177e-07
20.175704332 2.07037652963e-07
20.2059981824 1.87120222384e-07
20.2362920327 2.16136730588e-07
20.2665858831 3.2474578571e-07
20.2968797334 2.26019078251e-07
20.3271735838 2.14636126423e-07
20.3574674341 2.48982591046e-07
20.3877612845 1.67087860275e-07
20.4180551348 2.16314792191e-07
20.4483489852 1.94008969444e-07
20.4786428355 1.31599896636e-07
20.5089366859 5.51334065442e-08
20.5392305362 1.19779523873e-07
20.5695243865 1.05279649009e-07
20.5998182369 1.2353668547e-07
20.6301120872 2.47280415316e-07
20.6604059376 1.36678165153e-07
20.6906997879 1.06196355673e-07
20.7209936383 1.37702605255e-07
20.7512874886 2.12467976687e-07
20.781581339 9.94304325916e-08
20.8118751893 6.38433714318e-08
20.8421690397 1.51927217473e-07
20.87246289 1.37284575322e-07
20.9027567404 2.84270262714e-08
20.9330505907 1.28349342993e-07
20.9633444411 1.25864082357e-07
20.9936382914 2.12570796068e-07
21.0239321418 2.47839397535e-07
21.0542259921 3.51108969612e-08
21.0845198425 5.23662203909e-08
21.1148136928 2.2468026993e-08
21.1451075432 9.73145400781e-08
21.1754013935 7.32102380549e-08
21.2056952439 4.84594305721e-08
21.2359890942 1.92671740149e-08
21.2662829446 8.56597346309e-08
21.2965767949 3.54943856483e-08
21.3268706453 1.35338597862e-07
21.3571644956 7.3919393768e-08
21.387458346 1.74637544105e-07
21.4177521963 4.58898477243e-08
21.4480460467 1.47894605561e-07
21.478339897 8.6771154297e-08
21.5086337473 3.97809649238e-08
21.5389275977 7.0445096742e-08
21.569221448 4.74454393292e-08
21.5995152984 4.55338223799e-08
21.6298091487 7.60529900004e-08
21.6601029991 5.00043351425e-08
21.6903968494 1.33863428685e-07
21.7206906998 3.6824676781e-08
21.7509845501 9.31256119365e-08
21.7812784005 6.24765459725e-08
21.8115722508 3.05270580416e-08
21.8418661012 1.53400425789e-07
21.8721599515 1.39466043113e-07
21.9024538019 5.10463238553e-08
21.9327476522 8.5788559741e-08
21.9630415026 1.34457580373e-07
21.9933353529 6.48383051475e-08
22.0236292033 9.61717358126e-08
22.0539230536 3.46950086235e-08
22.084216904 1.34147032727e-07
22.1145107543 5.50760393721e-08
22.1448046047 7.95126990964e-08
22.175098455 1.45649081617e-07
22.2053923054 5.11201598093e-08
22.2356861557 4.37225952355e-08
22.2659800061 8.06900156547e-08
22.2962738564 7.32403116318e-08
22.3265677068 6.3139031655e-08
22.3568615571 7.54860727474e-08
22.3871554075 9.28968484985e-08
22.4174492578 6.13311019286e-08
22.4477431081 5.40767635694e-08
22.4780369585 7.91631966599e-08
22.5083308088 4.44279167311e-08
22.5386246592 5.71113050898e-08
22.5689185095 1.3781119008e-07
22.5992123599 1.14430708076e-07
22.6295062102 8.48639021389e-08
22.6598000606 3.98444277896e-08
22.6900939109 6.88508243887e-08
22.7203877613 7.75112888363e-08
22.7506816116 5.96718792541e-08
22.780975462 1.02212610974e-07
22.8112693123 2.34565108593e-08
22.8415631627 7.75510706258e-08
22.871857013 5.16042926998e-08
22.9021508634 1.04154999286e-07
22.9324447137 1.13331668514e-07
22.9627385641 1.05717049619e-07
22.9930324144 1.27772303278e-07
23.0233262648 3.17964026143e-08
23.0536201151 2.67769126383e-08
23.0839139655 5.45906817971e-08
23.1142078158 8.45759875209e-08
23.1445016662 8.21250913234e-08
23.1747955165 3.81452316462e-08
23.2050893669 9.21098756677e-08
23.2353832172 9.98585825752e-08
23.2656770676 1.28672995692e-08
23.2959709179 2.80358377445e-08
23.3262647683 1.0013996861e-07
23.3565586186 8.80149421537e-08
23.3868524689 1.00467500704e-07
23.4171463193 6.58374223416e-08
23.4474401696 5.51450401748e-08
23.47773402 5.16679345792e-08
23.5080278703 8.03178324321e-08
23.5383217207 5.16763511056e-08
23.568615571 6.15863300448e-08
23.5989094214 5.50559965352e-08
23.6292032717 6.06912801458e-08
23.6594971221 5.91741569711e-08
23.6897909724 5.99254061933e-08
23.7200848228 7.91974115796e-08
23.7503786731 6.1492353112e-08
23.7806725235 2.87976362542e-08
23.8109663738 6.11616844801e-08
23.8412602242 4.51944025098e-08
23.8715540745 6.17379708119e-08
23.9018479249 7.26370386449e-08
23.9321417752 6.68598818053e-08
23.9624356256 3.62829923976e-08
23.9927294759 9.54828308755e-08
24.0230233263 2.31536261969e-08
24.0533171766 7.00422784368e-08
24.083611027 8.75451101495e-08
24.1139048773 8.9225636382e-08
24.1441987277 9.67062902543e-08
24.174492578 5.17775899844e-08
24.2047864284 8.16574723325e-09
24.2350802787 4.87123185901e-08
24.2653741291 2.5501033965e-08
24.2956679794 3.43294651315e-08
24.3259618297 2.80736405603e-08
24.3562556801 4.22729992595e-08
24.3865495304 5.21266304536e-08
24.4168433808 3.09104594088e-08
24.4471372311 2.75088392859e-08
24.4774310815 6.58447412831e-08
24.5077249318 4.10352341347e-08
24.5380187822 3.45350158238e-08
24.5683126325 4.00234627018e-08
24.5986064829 3.27302985382e-08
24.6289003332 6.15361649987e-08
24.6591941836 7.32466081264e-08
24.6894880339 3.70396754743e-08
24.7197818843 3.84741551069e-08
24.7500757346 4.32281661616e-08
24.780369585 4.22541791554e-08
24.8106634353 3.81874702405e-08
24.8409572857 5.03541355683e-08
24.871251136 6.26476161999e-08
24.9015449864 1.98616804599e-08
24.9318388367 5.43771974176e-08
24.9621326871 6.5708256657e-08
24.9924265374 7.77139303848e-08
25.0227203878 5.81113881425e-08
25.0530142381 4.22962394614e-08
25.0833080885 3.84668545779e-08
25.1136019388 3.90256877616e-08
25.1438957892 5.96933224089e-08
25.1741896395 4.34441498055e-08
25.2044834899 4.36795607582e-08
25.2347773402 4.46878338977e-08
25.2650711905 5.63338134319e-08
25.2953650409 4.50461372167e-08
25.3256588912 4.54952438547e-08
25.3559527416 5.48316554963e-08
25.3862465919 3.40263135532e-08
25.4165404423 5.60906079069e-08
25.4468342926 6.38328060551e-08
25.477128143 3.38792896206e-08
25.5074219933 3.40387114875e-08
25.5377158437 5.12020500417e-08
25.568009694 4.92931633188e-08
25.5983035444 4.31146770161e-08
25.6285973947 3.12314115355e-08
25.6588912451 4.87337207125e-08
25.6891850954 5.09246847079e-08
25.7194789458 4.4271219779e-08
25.7497727961 5.4630824297e-08
25.7800666465 4.91615613988e-08
25.8103604968 4.68106954004e-08
25.8406543472 6.0687121016e-08
25.8709481975 4.26115096189e-08
25.9012420479 4.32495414444e-08
25.9315358982 6.91173972781e-08
25.9618297486 5.51289575799e-08
25.9921235989 3.13852762422e-08
26.0224174493 5.31472914095e-08
26.0527112996 4.17504663405e-08
26.08300515 4.62141118643e-08
26.1132990003 4.42913860726e-08
26.1435928507 2.96705878547e-08
26.173886701 5.60382271e-08
26.2041805513 5.93182263395e-08
26.2344744017 5.77984518267e-08
26.264768252 2.78184286853e-08
26.2950621024 6.08605754833e-08
26.3253559527 6.16201114501e-08
26.3556498031 4.24863411595e-08
26.3859436534 4.41127592614e-08
26.4162375038 6.35661346877e-08
26.4465313541 3.69569869361e-08
26.4768252045 3.13663283189e-08
26.5071190548 4.52074737508e-08
26.5374129052 5.33046855619e-08
26.5677067555 5.04733811086e-08
26.5980006059 5.11969606424e-08
26.6282944562 3.43887293575e-08
26.6585883066 5.27989012892e-08
26.6888821569 4.44239028163e-08
26.7191760073 4.20819494295e-08
26.7494698576 3.36532652714e-08
26.779763708 4.60693542005e-08
26.8100575583 4.05551297366e-08
26.8403514087 5.37297075287e-08
26.870645259 4.63440550708e-08
26.9009391094 3.37428646649e-08
26.9312329597 3.74355327034e-08
26.9615268101 4.24228907353e-08
26.9918206604 5.68104554651e-08
27.0221145108 5.56274904343e-08
27.0524083611 4.89486074434e-08
27.0827022115 4.9956230673e-08
27.1129960618 3.81685509824e-08
27.1432899121 4.57022307398e-08
27.1735837625 3.68778645716e-08
27.2038776128 4.40384098049e-08
27.2341714632 6.17525962134e-08
27.2644653135 4.49594883089e-08
27.2947591639 3.72343136821e-08
27.3250530142 4.11102905107e-08
27.3553468646 4.26328927207e-08
27.3856407149 4.19209531936e-08
27.4159345653 3.07885883563e-08
27.4462284156 5.3060074406e-08
27.476522266 3.81686620473e-08
27.5068161163 3.76374731763e-08
27.5371099667 3.0327514872e-08
27.567403817 4.80898619834e-08
27.5976976674 4.99205406387e-08
27.6279915177 3.76591548966e-08
27.6582853681 4.45698951395e-08
27.6885792184 4.84898824543e-08
27.7188730688 4.63054354904e-08
27.7491669191 4.58145616919e-08
27.7794607695 5.01058368522e-08
27.8097546198 4.34856414166e-08
27.8400484702 3.56976085367e-08
27.8703423205 4.75592006654e-08
27.9006361709 4.51527011747e-08
27.9309300212 4.11791915918e-08
27.9612238716 4.92652016651e-08
27.9915177219 4.00180258796e-08
28.0218115723 4.07467049847e-08
28.0521054226 4.01917541634e-08
28.0823992729 3.42865036206e-08
28.1126931233 4.72451770804e-08
28.1429869736 4.7877700035e-08
28.173280824 3.58387973392e-08
28.2035746743 3.46616947896e-08
28.2338685247 4.86609573371e-08
28.264162375 5.29723240652e-08
28.2944562254 3.66512581796e-08
28.3247500757 4.59659093277e-08
28.3550439261 4.5193050299e-08
28.3853377764 4.52098004059e-08
28.4156316268 3.95522588688e-08
28.4459254771 4.30624555448e-08
28.4762193275 4.24757090395e-08
28.5065131778 4.65272899008e-08
28.5368070282 4.56095841092e-08
28.5671008785 4.29609348306e-08
28.5973947289 3.25363161079e-08
28.6276885792 4.60359150821e-08
28.6579824296 3.70001080464e-08
28.6882762799 4.60910317365e-08
28.7185701303 3.83283427786e-08
28.7488639806 3.80500522663e-08
28.779157831 4.3066948252e-08
28.8094516813 4.30535745506e-08
28.8397455317 4.15957014375e-08
28.870039382 4.05864313548e-08
28.9003332324 4.16056971056e-08
28.9306270827 4.08773348617e-08
28.9609209331 4.7247949084e-08
28.9912147834 3.63992588287e-08
29.0215086337 3.59032594627e-08
29.0518024841 4.49069652889e-08
29.0820963344 4.30886686558e-08
29.1123901848 3.79098381147e-08
29.1426840351 3.92223719288e-08
29.1729778855 4.2031340181e-08
29.2032717358 4.47995357492e-08
29.2335655862 4.02213734632e-08
29.2638594365 3.87613664894e-08
29.2941532869 4.07120178351e-08
29.3244471372 4.36185357442e-08
29.3547409876 3.43351237728e-08
29.3850348379 4.22492129827e-08
29.4153286883 3.85928529078e-08
29.4456225386 3.82976013474e-08
29.475916389 4.13176199148e-08
29.5062102393 4.25891926683e-08
29.5365040897 4.09433016187e-08
29.56679794 4.20029605921e-08
29.5970917904 3.63922863244e-08
29.6273856407 4.00572637604e-08
29.6576794911 3.90396276885e-08
29.6879733414 4.13850481924e-08
29.7182671918 4.25281697337e-08
29.7485610421 4.08311950551e-08
29.7788548925 4.02698488447e-08
29.8091487428 4.04557943925e-08
29.8394425932 4.30560244787e-08
29.8697364435 4.07884745877e-08
29.9000302939 3.80181355314e-08
29.9303241442 4.27482526986e-08
29.9606179945 4.1634546882e-08
29.9909118449 4.28463649871e-08
30.0212056952 3.93167683231e-08
30.0514995456 3.73711632849e-08
30.0817933959 4.08236225791e-08
30.1120872463 4.23580070372e-08
30.1423810966 3.98417652485e-08
30.172674947 3.94023549255e-08
30.2029687973 4.19967013009e-08
30.2332626477 4.01650401128e-08
30.263556498 3.87189595985e-08
30.2938503484 3.97648112585e-08
30.3241441987 4.20061494754e-08
30.3544380491 4.10490291591e-08
30.3847318994 4.08737639874e-08
30.4150257498 4.13969616346e-08
30.4453196001 4.02259367207e-08
30.4756134505 3.99526736041e-08
30.5059073008 3.94241620283e-08
30.5362011512 3.86143541373e-08
30.5664950015 4.38239405835e-08
30.5967888519 4.04069585375e-08
30.6270827022 4.15072867157e-08
30.6573765526 3.87073431456e-08
30.6876704029 4.12027554509e-08
30.7179642533 3.83440305389e-08
30.7482581036 4.05485376889e-08
30.778551954 3.9460666991e-08
30.8088458043 3.81363034997e-08
30.8391396547 3.89023457916e-08
30.869433505 3.93875081818e-08
30.8997273553 4.05500030616e-08
30.9300212057 4.07046964817e-08
30.960315056 3.88793696226e-08
30.9906089064 4.02327700551e-08
31.0209027567 4.11403006939e-08
31.0511966071 4.04491760924e-08
31.0814904574 3.9703881436e-08
31.1117843078 4.0210468952e-08
31.1420781581 3.95143655544e-08
31.1723720085 3.95969807241e-08
31.2026658588 4.07846736169e-08
31.2329597092 4.02472631556e-08
31.2632535595 4.02853938792e-08
31.2935474099 3.86712134437e-08
31.3238412602 3.78309372253e-08
31.3541351106 3.91617933503e-08
31.3844289609 3.8604638576e-08
31.4147228113 4.0717870466e-08
31.4450166616 3.83336196425e-08
31.475310512 3.99253245899e-08
31.5056043623 3.91009759016e-08
31.5358982127 3.83710120604e-08
31.566192063 3.92600710302e-08
31.5964859134 3.95911425519e-08
31.6267797637 4.016592266e-08
31.6570736141 3.78034597051e-08
31.6873674644 3.87136985223e-08
31.7176613148 4.01262734917e-08
31.7479551651 3.94076627917e-08
31.7782490154 3.89974817864e-08
31.8085428658 3.88448149926e-08
31.8388367161 3.8985770031e-08
31.8691305665 3.81411175199e-08
31.8994244168 3.71492459211e-08
31.9297182672 3.79338653317e-08
31.9600121175 3.91635537656e-08
31.9903059679 3.79870558808e-08
32.0205998182 3.87396047054e-08
32.0508936686 3.98999008886e-08
32.0811875189 3.87678133049e-08
32.1114813693 3.9637999967e-08
32.1417752196 4.05442070436e-08
32.17206907 3.84119177016e-08
32.2023629203 3.78660188508e-08
32.2326567707 3.913368305e-08
32.262950621 3.89484587301e-08
32.2932444714 3.87608620805e-08
32.3235383217 3.72396054262e-08
32.3538321721 3.93552320575e-08
32.3841260224 3.87024957409e-08
32.4144198728 3.8854769761e-08
32.4447137231 3.93185224906e-08
32.4750075735 3.8194220025e-08
32.5053014238 3.82693411487e-08
32.5355952742 3.8076458685e-08
32.5658891245 3.80917159243e-08
32.5961829749 3.75987762635e-08
32.6264768252 3.93366273775e-08
32.6567706756 3.96063725899e-08
32.6870645259 3.85683687383e-08
32.7173583762 3.78539732063e-08
32.7476522266 3.81895789865e-08
32.7779460769 3.80553467959e-08
32.8082399273 3.88905054412e-08
32.8385337776 3.7754954913e-08
32.868827628 3.84563688443e-08
32.8991214783 3.80342976467e-08
32.9294153287 3.75979869161e-08
32.959709179 3.90387478403e-08
32.9900030294 3.90988256734e-08
33.0202968797 3.87275152926e-08
33.0505907301 3.78346616847e-08
33.0808845804 3.73254448505e-08
33.1111784308 3.78296768028e-08
33.1414722811 3.82361540709e-08
33.1717661315 3.86402383067e-08
33.2020599818 3.77267269164e-08
33.2323538322 3.67040346347e-08
33.2626476825 3.87279380121e-08
33.2929415329 3.82486828139e-08
33.3232353832 3.7699641892e-08
33.3535292336 3.78996846516e-08
33.3838230839 3.72575184375e-08
33.4141169343 3.7936534896e-08
33.4444107846 3.78903516168e-08
33.474704635 3.77181856416e-08
33.5049984853 3.76433910716e-08
33.5352923357 3.75072181272e-08
33.565586186 3.79632294871e-08
33.5958800364 3.75562373535e-08
33.6261738867 3.87723933638e-08
33.656467737 3.82220477589e-08
33.6867615874 3.77328093808e-08
33.7170554377 3.76558785844e-08
33.7473492881 3.78014142992e-08
33.7776431384 3.82641555397e-08
33.8079369888 3.75470545396e-08
33.8382308391 3.76042998646e-08
33.8685246895 3.73771821657e-08
33.8988185398 3.76955393069e-08
33.9291123902 3.69649337669e-08
33.9594062405 3.71916705e-08
33.9897000909 3.79566373634e-08
34.0199939412 3.74294277554e-08
34.0502877916 3.76847811582e-08
34.0805816419 3.71483791518e-08
34.1108754923 3.79614887122e-08
34.1411693426 3.69630596124e-08
34.171463193 3.74482984891e-08
34.2017570433 3.75936886025e-08
34.2320508937 3.76189531694e-08
34.262344744 3.73595207148e-08
34.2926385944 3.73547463865e-08
34.3229324447 3.74406820179e-08
34.3532262951 3.70589262808e-08
34.3835201454 3.73870234511e-08
34.4138139958 3.76070453502e-08
34.4441078461 3.73393919836e-08
34.4744016965 3.66499813586e-08
34.5046955468 3.71087418927e-08
34.5349893972 3.76133744692e-08
34.5652832475 3.69857519155e-08
34.5955770978 3.71387662982e-08
34.6258709482 3.72083220812e-08
34.6561647985 3.73523865695e-08
34.6864586489 3.71281434375e-08
34.7167524992 3.73491326876e-08
34.7470463496 3.71168763888e-08
34.7773401999 3.73019681319e-08
34.8076340503 3.70655772723e-08
34.8379279006 3.67415451108e-08
34.868221751 3.72913482743e-08
34.8985156013 3.70694665806e-08
34.9288094517 3.71223357223e-08
34.959103302 3.68671892926e-08
34.9893971524 3.69341900337e-08
35.0196910027 3.68944999357e-08
35.0499848531 3.6800591537e-08
35.0802787034 3.68640372399e-08
35.1105725538 3.69747991195e-08
35.1408664041 3.67588097765e-08
35.1711602545 3.68861467514e-08
35.2014541048 3.6670006899e-08
35.2317479552 3.6876167242e-08
35.2620418055 3.68132099372e-08
35.2923356559 3.68738574863e-08
35.3226295062 3.67768292037e-08
35.3529233566 3.69416503885e-08
35.3832172069 3.68769945487e-08
35.4135110573 3.65052018729e-08
35.4438049076 3.66648883479e-08
35.474098758 3.65926358423e-08
35.5043926083 3.67308631766e-08
35.5346864586 3.67886688728e-08
35.564980309 3.67189146983e-08
35.5952741593 3.67521351974e-08
35.6255680097 3.66574916835e-08
35.65586186 3.64941283755e-08
35.6861557104 3.69499821054e-08
35.7164495607 3.67098080505e-08
35.7467434111 3.64804603163e-08
35.7770372614 3.64260828319e-08
35.8073311118 3.63786534336e-08
35.8376249621 3.62405723061e-08
35.8679188125 3.63113839853e-08
35.8982126628 3.64229826637e-08
35.9285065132 3.63580908534e-08
35.9588003635 3.63105646456e-08
35.9890942139 3.63000352186e-08
36.0193880642 3.64311832127e-08
36.0496819146 3.64813501942e-08
36.0799757649 3.64088425392e-08
36.1102696153 3.62307412411e-08
36.1405634656 3.6306972283e-08
36.170857316 3.6525366747e-08
36.2011511663 3.64027296355e-08
36.2314450167 3.6163294337e-08
36.261738867 3.61501550934e-08
36.2920327174 3.6169735081e-08
36.3223265677 3.62871929431e-08
36.3526204181 3.6292516557e-08
36.3829142684 3.63502451362e-08
36.4132081188 3.6248151446e-08
36.4435019691 3.62803758071e-08
36.4737958194 3.61766021536e-08
36.5040896698 3.61028504454e-08
36.5343835201 3.60943811491e-08
36.5646773705 3.6093160119e-08
36.5949712208 3.59436583054e-08
36.6252650712 3.61162952107e-08
36.6555589215 3.59481933129e-08
36.6858527719 3.5962667478e-08
36.7161466222 3.60730236381e-08
36.7464404726 3.60390508635e-08
36.7767343229 3.59455260424e-08
36.8070281733 3.593662128e-08
36.8373220236 3.60768122152e-08
36.867615874 3.59001042454e-08
36.8979097243 3.58888564863e-08
36.9282035747 3.59318281067e-08
36.958497425 3.58735562416e-08
36.9887912754 3.58367033951e-08
37.0190851257 3.59472476435e-08
37.0493789761 3.58187148761e-08
37.0796728264 3.57865046299e-08
37.1099666768 3.58379866724e-08
37.1402605271 3.57980255315e-08
37.1705543775 3.5761011398e-08
37.2008482278 3.58374834635e-08
37.2311420782 3.58308093466e-08
37.2614359285 3.5839054319e-08
37.2917297789 3.57854429629e-08
37.3220236292 3.57514004244e-08
37.3523174796 3.56926131642e-08
37.3826113299 3.57227681576e-08
37.4129051802 3.56459905741e-08
37.4431990306 3.57007094527e-08
37.4734928809 3.56965480669e-08
37.5037867313 3.5635735837e-08
37.5340805816 3.56640817316e-08
37.564374432 3.56226799305e-08
37.5946682823 3.5548106706e-08
37.6249621327 3.55782720855e-08
37.655255983 3.56630389246e-08
37.6855498334 3.55020080533e-08
37.7158436837 3.55019164246e-08
37.7461375341 3.56043509257e-08
37.7764313844 3.5580762092e-08
37.8067252348 3.56045397046e-08
37.8370190851 3.54063693047e-08
37.8673129355 3.5516519032e-08
37.8976067858 3.54423384784e-08
37.9279006362 3.53955903038e-08
37.9581944865 3.54637705805e-08
37.9884883369 3.54016549663e-08
38.0187821872 3.5448574734e-08
38.0490760376 3.53569474164e-08
38.0793698879 3.53674669476e-08
38.1096637383 3.5331090169e-08
38.1399575886 3.54124688785e-08
38.170251439 3.53347586633e-08
38.2005452893 3.52312560849e-08
38.2308391397 3.53531061137e-08
38.26113299 3.5422954691e-08
38.2914268404 3.54040256476e-08
38.3217206907 3.52440653774e-08
38.352014541 3.5287647014e-08
38.3823083914 3.52686258635e-08
38.4126022417 3.5254471232e-08
38.4428960921 3.5274635799e-08
38.4731899424 3.53122869767e-08
38.5034837928 3.5204757217e-08
38.5337776431 3.51963701072e-08
38.5640714935 3.52596361881e-08
38.5943653438 3.52589445773e-08
38.6246591942 3.51452043088e-08
38.6549530445 3.51181525847e-08
38.6852468949 3.5168691452e-08
38.7155407452 3.52244924583e-08
38.7458345956 3.51146868115e-08
38.7761284459 3.51263376036e-08
38.8064222963 3.50682465073e-08
38.8367161466 3.51443876181e-08
38.867009997 3.51360569414e-08
38.8973038473 3.50816062856e-08
38.9275976977 3.50795156797e-08
38.957891548 3.51042222745e-08
38.9881853984 3.50659259947e-08
39.0184792487 3.50302663217e-08
39.0487730991 3.49880145843e-08
39.0790669494 3.50220071039e-08
39.1093607998 3.50079032558e-08
39.1396546501 3.49844717222e-08
39.1699485005 3.4995249575e-08
39.2002423508 3.49399583309e-08
39.2305362012 3.49132039071e-08
39.2608300515 3.48891381562e-08
39.2911239018 3.49203345339e-08
39.3214177522 3.49536913877e-08
39.3517116025 3.49015642678e-08
39.3820054529 3.48988573874e-08
39.4122993032 3.48724471531e-08
39.4425931536 3.48916662747e-08
39.4728870039 3.4870651022e-08
39.5031808543 3.48710714066e-08
39.5334747046 3.48232858825e-08
39.563768555 3.48280910867e-08
39.5940624053 3.48466286187e-08
39.6243562557 3.48231532133e-08
39.654650106 3.47796555236e-08
39.6849439564 3.47920321458e-08
39.7152378067 3.47652999526e-08
39.7455316571 3.47361895558e-08
39.7758255074 3.47440163777e-08
39.8061193578 3.47230657819e-08
39.8364132081 3.47335220632e-08
39.8667070585 3.47183589051e-08
39.8970009088 3.47223649371e-08
39.9272947592 3.47056056335e-08
39.9575886095 3.4698674929e-08
39.9878824599 3.46832005359e-08
40.0181763102 3.46782474591e-08
40.0484701606 3.46781583814e-08
40.0787640109 3.46252470589e-08
40.1090578613 3.46561031389e-08
40.1393517116 3.46270092105e-08
40.169645562 3.46312972842e-08
40.1999394123 3.45895696449e-08
40.2302332626 3.45835416203e-08
40.260527113 3.45973914068e-08
40.2908209633 3.45734012668e-08
40.3211148137 3.45659905804e-08
40.351408664 3.45637394971e-08
40.3817025144 3.45351235196e-08
40.4119963647 3.4542718511e-08
40.4422902151 3.4524861267e-08
40.4725840654 3.4525035442e-08
40.5028779158 3.45204581024e-08
40.5331717661 3.4509515092e-08
40.5634656165 3.44927977564e-08
40.5937594668 3.44877343258e-08
40.6240533172 3.44658418778e-08
40.6543471675 3.44635238164e-08
40.6846410179 3.44514418565e-08
40.7149348682 3.4439649843e-08
40.7452287186 3.44245493765e-08
40.7755225689 3.44121271133e-08
40.8058164193 3.44184489051e-08
40.8361102696 3.44056177882e-08
40.86640412 3.43918233803e-08
40.8966979703 3.43842860128e-08
40.9269918207 3.43686177404e-08
40.957285671 3.43647405971e-08
40.9875795214 3.43482229249e-08
41.0178733717 3.43553386644e-08
41.0481672221 3.43399364079e-08
41.0784610724 3.43356640968e-08
41.1087549228 3.43238971073e-08
41.1390487731 3.43057005558e-08
41.1693426234 3.43095088242e-08
41.1996364738 3.430644045e-08
41.2299303241 3.42826423896e-08
41.2602241745 3.42708031825e-08
41.2905180248 3.42722607168e-08
41.3208118752 3.42695973751e-08
41.3511057255 3.42554340843e-08
41.3813995759 3.42496463571e-08
41.4116934262 3.42316043393e-08
41.4419872766 3.42295337682e-08
41.4722811269 3.42089965877e-08
41.5025749773 3.41955051125e-08
41.5328688276 3.42058588203e-08
41.563162678 3.41971539871e-08
41.5934565283 3.41877643572e-08
41.6237503787 3.41644293242e-08
41.654044229 3.41583604471e-08
41.6843380794 3.41564151835e-08
41.7146319297 3.41437983088e-08
41.7449257801 3.41362670684e-08
41.7752196304 3.41311996851e-08
41.8055134808 3.4119988548e-08
41.8358073311 3.41080564772e-08
41.8661011815 3.41037742219e-08
41.8963950318 3.41046410015e-08
41.9266888822 3.40962113595e-08
41.9569827325 3.4086736977e-08
41.9872765829 3.40736086817e-08
42.0175704332 3.40678407715e-08
42.0478642836 3.40563207407e-08
42.0781581339 3.40475410755e-08
42.1084519842 3.40394959006e-08
42.1387458346 3.40315056348e-08
42.1690396849 3.40221026035e-08
42.1993335353 3.40180839549e-08
42.2296273856 3.40090784825e-08
42.259921236 3.40021319619e-08
42.2902150863 3.39952704208e-08
42.3205089367 3.39860292356e-08
42.350802787 3.3978765879e-08
42.3810966374 3.39711565977e-08
42.4113904877 3.39599115127e-08
42.4416843381 3.39528434526e-08
42.4719781884 3.39506056086e-08
42.5022720388 3.39401482016e-08
42.5325658891 3.39297331186e-08
42.5628597395 3.39259980063e-08
42.5931535898 3.39172522407e-08
42.6234474402 3.39112329827e-08
42.6537412905 3.39003556184e-08
42.6840351409 3.38972024077e-08
42.7143289912 3.38904667727e-08
42.7446228416 3.38838131441e-08
42.7749166919 3.38750435139e-08
42.8052105423 3.38676155362e-08
42.8355043926 3.38564395923e-08
42.865798243 3.38529699693e-08
42.8960920933 3.38445433447e-08
42.9263859437 3.38375690302e-08
42.956679794 3.38295498889e-08
42.9869736444 3.38235706792e-08
43.0172674947 3.38179040644e-08
43.047561345 3.38102731124e-08
43.0778551954 3.38020992579e-08
43.1081490457 3.37942276258e-08
43.1384428961 3.37892831189e-08
43.1687367464 3.37829055518e-08
43.1990305968 3.37752401406e-08
43.2293244471 3.3768879458e-08
43.2596182975 3.37600226752e-08
43.2899121478 3.37559701125e-08
43.3202059982 3.37467487552e-08
43.3504998485 3.37404192438e-08
43.3807936989 3.37366448069e-08
43.4110875492 3.37285974958e-08
43.4413813996 3.37232054748e-08
43.4716752499 3.37177958013e-08
43.5019691003 3.3708454852e-08
43.5322629506 3.3702848302e-08
43.562556801 3.36961745769e-08
43.5928506513 3.36898015697e-08
43.6231445017 3.36837614237e-08
43.653438352 3.36781426728e-08
43.6837322024 3.36730525149e-08
43.7140260527 3.36648850944e-08
43.7443199031 3.3658550646e-08
43.7746137534 3.36529578214e-08
43.8049076038 3.36465127997e-08
43.8352014541 3.3639936025e-08
43.8654953045 3.36330763233e-08
43.8957891548 3.36280725018e-08
43.9260830051 3.362226777e-08
43.9563768555 3.3615441319e-08
43.9866707058 3.36109892551e-08
44.0169645562 3.36041028392e-08
44.0472584065 3.35979485333e-08
44.0775522569 3.35926532933e-08
44.1078461072 3.35865120839e-08
44.1381399576 3.35806802759e-08
44.1684338079 3.3574620058e-08
44.1987276583 3.3569446664e-08
44.2290215086 3.35636738596e-08
44.259315359 3.35579818511e-08
44.2896092093 3.3551988763e-08
44.3199030597 3.35463397957e-08
44.35019691 3.35407502849e-08
44.3804907604 3.35353066802e-08
44.4107846107 3.35303014606e-08
44.4410784611 3.35242872297e-08
44.4713723114 3.35190877298e-08
44.5016661618 3.35136470833e-08
44.5319600121 3.35078312391e-08
44.5622538625 3.35027535054e-08
44.5925477128 3.34972696009e-08
44.6228415632 3.3492316629e-08
44.6531354135 3.34869428383e-08
44.6834292639 3.34817058547e-08
44.7137231142 3.34762726225e-08
44.7440169646 3.34713836506e-08
44.7743108149 3.34662940769e-08
44.8046046653 3.34608204975e-08
44.8348985156 3.34557847508e-08
44.8651923659 3.34508961042e-08
44.8954862163 3.34457894614e-08
44.9257800666 3.34408518206e-08
44.956073917 3.34358445625e-08
44.9863677673 3.34309220091e-08
45.0166616177 3.34260273063e-08
45.046955468 3.34212027157e-08
45.0772493184 3.34162769171e-08
45.1075431687 3.34113847804e-08
45.1378370191 3.34066594783e-08
45.1681308694 3.34019727587e-08
45.1984247198 3.33971890115e-08
45.2287185701 3.33926258801e-08
45.2590124205 3.33880553341e-08
45.2893062708 3.33832194647e-08
45.3196001212 3.33787257113e-08
45.3498939715 3.33741446458e-08
45.3801878219 3.33695684241e-08
45.4104816722 3.33650687741e-08
45.4407755226 3.33606599991e-08
45.4710693729 3.33561550889e-08
45.5013632233 3.33517430043e-08
45.5316570736 3.33474085389e-08
45.561950924 3.33430891954e-08
45.5922447743 3.33386927481e-08
45.6225386247 3.33343906268e-08
45.652832475 3.3330156745e-08
45.6831263254 3.33259529942e-08
45.7134201757 3.33217355144e-08
45.7437140261 3.33175656195e-08
45.7740078764 3.33134493881e-08
45.8043017267 3.33092993341e-08
45.8345955771 3.33052135238e-08
45.8648894274 3.33012603667e-08
45.8951832778 3.32971867821e-08
45.9254771281 3.32931983393e-08
45.9557709785 3.32892436497e-08
45.9860648288 3.32853257707e-08
46.0163586792 3.32814220429e-08
46.0466525295 3.32775560193e-08
46.0769463799 3.32737241696e-08
46.1072402302 3.32699305793e-08
46.1375340806 3.3266145834e-08
46.1678279309 3.32624024119e-08
46.1981217813 3.32586816152e-08
46.2284156316 3.32549966713e-08
46.258709482 3.32513706413e-08
46.2890033323 3.32477394237e-08
46.3192971827 3.32441315196e-08
46.349591033 3.32405771088e-08
46.3798848834 3.32370387664e-08
46.4101787337 3.32335410645e-08
46.4404725841 3.32300666166e-08
46.4707664344 3.32266255103e-08
46.5010602848 3.32232122528e-08
46.5313541351 3.32198284941e-08
46.5616479855 3.32164708122e-08
46.5919418358 3.32131526783e-08
46.6222356862 3.32098579815e-08
46.6525295365 3.32065920355e-08
46.6828233869 3.32033591226e-08
46.7131172372 3.32001541883e-08
46.7434110875 3.31969837954e-08
46.7737049379 3.31938366977e-08
46.8039987882 3.31907233083e-08
46.8342926386 3.31876375785e-08
46.8645864889 3.31845834915e-08
46.8948803393 3.31815588145e-08
46.9251741896 3.31785653818e-08
46.95546804 3.31756005096e-08
46.9857618903 3.31726622219e-08
47.0160557407 3.31697584693e-08
47.046349591 3.31668824669e-08
47.0766434414 3.31640346753e-08
47.1069372917 3.31612182078e-08
47.1372311421 3.31584332552e-08
47.1675249924 3.31556742311e-08
47.1978188428 3.31529466511e-08
47.2281126931 3.3150249654e-08
47.2584065435 3.31475812064e-08
47.2887003938 3.31449426865e-08
47.3189942442 3.31423337931e-08
47.3492880945 3.31397545823e-08
47.3795819449 3.31372048023e-08
47.4098757952 3.31346848485e-08
47.4401696456 3.31321943659e-08
47.4704634959 3.31297334884e-08
47.5007573463 3.31273022158e-08
47.5310511966 3.31249005937e-08
47.561345047 3.31225283698e-08
47.5916388973 3.31201854557e-08
47.6219327477 3.31178725286e-08
47.652226598 3.31155891085e-08
47.6825204483 3.31133351719e-08
47.7128142987 3.31111106206e-08
47.743108149 3.31089154949e-08
47.7734019994 3.31067500957e-08
47.8036958497 3.31046141034e-08
47.8339897001 3.3102507381e-08
47.8642835504 3.31004302978e-08
47.8945774008 3.30983826409e-08
47.9248712511 3.30963644986e-08
47.9551651015 3.30943756267e-08
47.9854589518 3.30924162208e-08
48.0157528022 3.30904863014e-08
48.0460466525 3.30885857905e-08
48.0763405029 3.3086714695e-08
48.1066343532 3.30848729416e-08
48.1369282036 3.30830606314e-08
48.1672220539 3.30812776938e-08
48.1975159043 3.307952412e-08
48.2278097546 3.30777999193e-08
48.258103605 3.30761050698e-08
48.2883974553 3.30744395798e-08
48.3186913057 3.30728034351e-08
48.348985156 3.30711966353e-08
48.3792790064 3.30696191693e-08
48.4095728567 3.30680710248e-08
48.4398667071 3.30665521998e-08
48.4701605574 3.30650626839e-08
48.5004544078 3.30636024836e-08
48.5307482581 3.30621715854e-08
48.5610421085 3.30607699791e-08
48.5913359588 3.30593976641e-08
48.6216298091 3.30580546346e-08
48.6519236595 3.30567408821e-08
48.6822175098 3.30554564016e-08
48.7125113602 3.30542011917e-08
48.7428052105 3.30529752428e-08
48.7730990609 3.30517785527e-08
48.8033929112 3.30506111143e-08
48.8336867616 3.30494729241e-08
48.8639806119 3.30483639769e-08
48.8942744623 3.30472842681e-08
48.9245683126 3.30462337937e-08
48.954862163 3.30452125493e-08
48.9851560133 3.304422053e-08
49.0154498637 3.30432577325e-08
49.045743714 3.30423241524e-08
49.0760375644 3.30414197858e-08
49.1063314147 3.30405446291e-08
49.1366252651 3.30396986787e-08
49.1669191154 3.30388819311e-08
49.1972129658 3.30380943829e-08
49.2275068161 3.30373360308e-08
49.2578006665 3.30366068717e-08
49.2880945168 3.30359069026e-08
49.3183883672 3.30352361206e-08
49.3486822175 3.30345945228e-08
49.3789760679 3.30339821068e-08
49.4092699182 3.30333988699e-08
49.4395637686 3.30328448097e-08
49.4698576189 3.3032319924e-08
49.5001514693 3.30318242105e-08
49.5304453196 3.30313576672e-08
49.5607391699 3.30309202923e-08
49.5910330203 3.30305120838e-08
49.6213268706 3.30301330401e-08
49.651620721 3.30297831596e-08
49.6819145713 3.30294624409e-08
49.7122084217 3.30291708827e-08
49.742502272 3.30289084838e-08
49.7727961224 3.3028675243e-08
49.8030899727 3.30284711594e-08
49.8333838231 3.30282962322e-08
49.8636776734 3.30281504606e-08
49.8939715238 3.30280338441e-08
49.9242653741 3.30279463821e-08
49.9545592245 3.30278880743e-08
49.9848530748 3.30278589204e-08
