0.0 1.91487405791e-05
0.0302938503484 0.000149989560322
0.0605877006968 6.50763718981e-05
0.0908815510451 6.79539090936e-05
0.121175401394 9.41125557418e-05
0.151469251742 9.47409941291e-05
0.18176310209 8.76050600482e-05
0.212056952439 9.73114649855e-05
0.242350802787 8.37489460807e-05
0.272644653135 0.000134716596681
0.302938503484 0.000224558416436
0.333232353832 0.00025079737167
0.363526204181 0.00020698649332
0.393820054529 0.000179906887136
0.424113904877 0.000249652175599
0.454407755226 0.000186432113552
0.484701605574 0.000127459709972
0.514995455922 0.000137810900903
0.545289306271 9.83032917577e-05
0.575583156619 1.11857766132e-05
0.605877006968 9.19629326504e-05
0.636170857316 9.86926671815e-05
0.666464707664 5.58573231621e-05
0.696758558013 8.03003408949e-05
0.727052408361 2.27717644127e-05
0.757346258709 8.72387195311e-05
0.787640109058 6.12275039508e-05
0.817933959406 2.364262232e-05
0.848227809755 1.940430478e-05
0.878521660103 9.56286975814e-05
0.908815510451 5.85295166619e-05
0.9391093608 4.82548626835e-05
0.969403211148 0.000130472019973
0.999697061497 5.73887881812e-05
1.02999091184 1.31643181144e-05
1.06028476219 2.79411465291e-05
1.09057861254 7.71538563506e-05
1.12087246289 4.18006858304e-05
1.15116631324 4.30037465606e-05
1.18146016359 1.14150697111e-05
1.21175401394 5.68132813125e-05
1.24204786428 2.14759926964e-05
1.27234171463 4.80872548808e-06
1.30263556498 5.78769250143e-05
1.33292941533 3.36321443493e-05
1.36322326568 2.47321815582e-05
1.39351711603 3.93285652693e-06
1.42381096637 1.52521807035e-05
1.45410481672 3.28207260506e-05
1.48439866707 1.71269879159e-05
1.51469251742 2.33767661594e-05
1.54498636777 1.48803846282e-05
1.57528021812 1.97730264139e-05
1.60557406846 1.60893416578e-05
1.63586791881 3.05943966672e-05
1.66616176916 9.81839610708e-06
1.69645561951 1.58200938915e-05
1.72674946986 2.75726921319e-05
1.75704332021 1.89341359439e-05
1.78733717055 8.66650603937e-06
1.8176310209 2.6866335931e-05
1.84792487125 9.23178415915e-06
1.8782187216 4.23531284279e-05
1.90851257195 1.71776127481e-05
1.9388064223 3.93447517332e-05
1.96910027264 3.05453718112e-05
1.99939412299 1.54074730339e-05
2.02968797334 2.47929856657e-05
2.05998182369 2.62292882844e-05
2.09027567404 3.85816355416e-05
2.12056952439 2.82598013863e-05
2.15086337473 3.22025595177e-05
2.18115722508 3.93421234229e-05
2.21145107543 5.07270304202e-05
2.24174492578 4.00180359908e-05
2.27203877613 2.43944535961e-05
2.30233262648 3.18140115209e-05
2.33262647683 3.55819036465e-05
2.36292032717 1.80910769434e-05
2.39321417752 2.34301142536e-05
2.42350802787 2.06803899073e-05
2.45380187822 2.54943281706e-05
2.48409572857 2.72150314334e-05
2.51438957892 2.44094954283e-05
2.54468342926 2.17433762817e-05
2.57497727961 1.97371580964e-05
2.60527112996 3.18763527755e-05
2.63556498031 3.4112054349e-05
2.66585883066 6.07922429551e-05
2.69615268101 5.68270756625e-05
2.72644653135 6.69464947436e-05
2.7567403817 7.66623934296e-05
2.78703423205 4.57255270245e-05
2.8173280824 2.48966401065e-05
2.84762193275 1.44259775522e-05
2.8779157831 2.07523481395e-05
2.90820963344 4.02586088344e-05
2.93850348379 4.99357836338e-05
2.96879733414 3.88987124278e-05
2.99909118449 1.60705633285e-05
3.02938503484 2.505754966e-05
3.05967888519 3.23942066352e-05
3.08997273553 3.03902240471e-05
3.12026658588 2.65136169302e-05
3.15056043623 2.4898163874e-05
3.18085428658 1.88733098519e-05
3.21114813693 2.67821200539e-05
3.24144198728 2.23371489812e-05
3.27173583762 2.48361749758e-05
3.30202968797 1.44894007455e-05
3.33232353832 1.6446968152e-05
3.36261738867 1.71365611865e-05
3.39291123902 3.70829366703e-05
3.42320508937 4.36317944555e-05
3.45349893972 2.92435794925e-05
3.48379279006 2.26846374885e-05
3.51408664041 2.38437123832e-05
3.54438049076 2.1455111912e-05
3.57467434111 7.8625884024e-06
3.60496819146 9.98433693863e-06
3.63526204181 2.53782401555e-05
3.66555589215 1.67526078943e-05
3.6958497425 6.99094869876e-06
3.72614359285 7.23975123439e-06
3.7564374432 1.68062102454e-05
3.78673129355 2.22893292165e-05
3.8170251439 9.81037946628e-06
3.84731899424 2.5339302726e-05
3.87761284459 1.05605999013e-05
3.90790669494 1.01257498422e-05
3.93820054529 5.66109892947e-06
3.96849439564 8.71033724538e-06
3.99878824599 2.82769659251e-05
4.02908209633 2.54955493369e-05
4.05937594668 2.1035832348e-05
4.08966979703 7.36922990951e-06
4.11996364738 1.27999474998e-05
4.15025749773 1.42872892726e-05
4.18055134808 1.91652880271e-05
4.21084519842 9.44776725217e-06
4.24113904877 1.57247740335e-05
4.27143289912 2.12685557154e-05
4.30172674947 1.29876546683e-05
4.33202059982 1.37039450074e-05
4.36231445017 6.52801725389e-06
4.39260830051 1.04152908891e-05
4.42290215086 1.22675849874e-05
4.45319600121 6.96025005215e-06
4.48348985156 1.92225248448e-05
4.51378370191 1.85721134019e-05
4.54407755226 2.05336665354e-05
4.57437140261 2.01138980397e-05
4.60466525295 1.75087576623e-05
4.6349591033 1.46454296969e-05
4.66525295365 5.68307897796e-06
4.695546804 8.95373568647e-06
4.72584065435 2.78164175319e-06
4.7561345047 2.28029806341e-06
4.78642835504 5.88747201811e-06
4.81672220539 1.39940810588e-05
4.84701605574 1.19214757376e-05
4.87730990609 1.07229129479e-05
4.90760375644 1.91272734596e-05
4.93789760679 2.33956705408e-05
4.96819145713 1.12822964993e-05
4.99848530748 1.66828661758e-05
5.02877915783 1.27412257543e-05
5.05907300818 6.05561660573e-06
5.08936685853 5.59900185507e-06
5.11966070888 6.13107632866e-06
5.14995455922 5.57475447664e-06
5.18024840957 9.12821502488e-06
5.21054225992 6.26731297777e-06
5.24083611027 7.00074966371e-06
5.27112996062 3.41204518448e-06
5.30142381097 2.78139076524e-06
5.33171766131 3.90391154624e-06
5.36201151166 4.63894787537e-06
5.39230536201 1.48057991962e-06
5.42259921236 7.76187428963e-06
5.45289306271 9.05857705957e-06
5.48318691306 7.44035943844e-06
5.51348076341 7.04714678367e-06
5.54377461375 4.05410467745e-06
5.5740684641 3.29049700748e-06
5.60436231445 4.73857013523e-06
5.6346561648 6.10558521006e-06
5.66495001515 3.28882587727e-06
5.6952438655 1.89018843572e-06
5.72553771584 1.59002596187e-06
5.75583156619 2.18184207596e-06
5.78612541654 3.34048766075e-06
5.81641926689 2.40625648899e-06
5.84671311724 2.84515718695e-06
5.87700696759 5.23534890121e-06
5.90730081793 7.77050775193e-06
5.93759466828 7.37928144345e-06
5.96788851863 1.06683347161e-05
5.99818236898 7.12360614738e-06
6.02847621933 1.35742916232e-05
6.05877006968 1.02855394722e-05
6.08906392002 7.05981573845e-06
6.11935777037 5.12926200898e-06
6.14965162072 7.37495584831e-06
6.17994547107 7.34722445869e-06
6.21023932142 5.80304297785e-06
6.24053317177 3.28232710636e-06
6.27082702211 3.05795137144e-06
6.30112087246 1.83382109123e-06
6.33141472281 5.95642226617e-06
6.36170857316 6.89897344222e-06
6.39200242351 9.20837019011e-06
6.42229627386 3.97045866451e-06
6.4525901242 5.05678746385e-06
6.48288397455 6.09166463031e-06
6.5131778249 9.37808217743e-06
6.54347167525 2.08024640604e-06
6.5737655256 2.43381499993e-07
6.60405937595 9.83460030901e-07
6.6343532263 2.61568944341e-06
6.66464707664 4.94595192184e-06
6.69494092699 4.36620348794e-06
6.72523477734 3.40023220241e-06
6.75552862769 2.90544301196e-06
6.78582247804 5.28354891717e-06
6.81611632839 9.29427704359e-06
6.84641017873 1.00783811514e-05
6.87670402908 6.95377108357e-06
6.90699787943 3.55995518181e-06
6.93729172978 5.02658604692e-07
6.96758558013 2.35138313809e-06
6.99787943048 1.90099264388e-06
7.02817328082 2.45748445525e-06
7.05846713117 1.84900435728e-06
7.08876098152 6.22238618512e-06
7.11905483187 2.64188985921e-06
7.14934868222 1.71395077257e-06
7.17964253257 1.21686357883e-06
7.20993638291 1.00467568797e-06
7.24023023326 3.26570153916e-06
7.27052408361 1.28461884868e-06
7.30081793396 2.65378828834e-06
7.33111178431 5.22809925492e-06
7.36140563466 3.47617805545e-06
7.391699485 7.54786185504e-06
7.42199333535 9.45931691751e-06
7.4522871857 7.09332483065e-06
7.48258103605 6.37680506207e-06
7.5128748864 4.85311576151e-06
7.54316873675 6.0443892761e-06
7.57346258709 5.38126444456e-06
7.60375643744 5.9436987411e-06
7.63405028779 5.12232211524e-06
7.66434413814 4.98352737131e-06
7.69463798849 3.95202853323e-06
7.72493183884 5.11404804994e-06
7.75522568919 7.78888592196e-06
7.78551953953 8.3277971308e-06
7.81581338988 2.01794806839e-06
7.84610724023 4.96967555891e-07
7.87640109058 3.50685057639e-06
7.90669494093 6.76532713891e-06
7.93698879128 4.22575981809e-06
7.96728264162 2.90736032801e-06
7.99757649197 3.50978170909e-06
8.02787034232 4.60721511707e-06
8.05816419267 2.03649390257e-06
8.08845804302 2.58063390443e-06
8.11875189337 1.80583316861e-06
8.14904574371 2.1989658304e-06
8.17933959406 4.01687474974e-06
8.20963344441 5.41035074456e-06
8.23992729476 5.20496091907e-06
8.27022114511 5.51458509467e-06
8.30051499546 4.73967436408e-06
8.3308088458 3.54284146506e-06
8.36110269615 1.9828779372e-06
8.3913965465 1.82004404056e-06
8.42169039685 1.51174541881e-06
8.4519842472 2.10861944687e-06
8.48227809755 1.71951055197e-06
8.51257194789 1.91533962499e-06
8.54286579824 3.85203800119e-06
8.57315964859 4.45791827165e-06
8.60345349894 2.06778625851e-06
8.63374734929 1.09180823075e-06
8.66404119964 4.99268933168e-06
8.69433504998 6.40326464327e-06
8.72462890033 6.49141180441e-06
8.75492275068 4.40018466409e-06
8.78521660103 5.69608888628e-06
8.81551045138 5.01701863258e-06
8.84580430173 3.2180221015e-06
8.87609815208 1.07711191373e-06
8.90639200242 1.49566104023e-06
8.93668585277 3.61759710177e-06
8.96697970312 1.06410772444e-06
8.99727355347 2.1313239974e-06
9.02756740382 1.68226120746e-06
9.05786125417 8.08603271539e-07
9.08815510451 3.55139445399e-06
9.11844895486 5.49119260888e-06
9.14874280521 4.62950730928e-06
9.17903665556 4.91808848104e-06
9.20933050591 2.80970651e-06
9.23962435626 2.47088120111e-06
9.2699182066 2.29348083506e-06
9.30021205695 1.59572410172e-06
9.3305059073 1.22724036194e-06
9.36079975765 2.09681012055e-06
9.391093608 2.48202759114e-06
9.42138745835 1.73400769498e-06
9.45168130869 1.26613369669e-06
9.48197515904 1.96346996502e-06
9.51226900939 4.48736508912e-07
9.54256285974 2.25476487729e-06
9.57285671009 2.79772353187e-06
9.60315056044 1.65067840755e-06
9.63344441078 1.42384255769e-06
9.66373826113 2.53779162831e-06
9.69403211148 1.72467707133e-06
9.72432596183 5.45669478316e-07
9.75461981218 1.05873643927e-06
9.78491366253 2.14421310517e-06
9.81520751287 9.14851873077e-07
9.84550136322 1.37472482134e-06
9.87579521357 2.90283575972e-07
9.90608906392 2.02407546859e-06
9.93638291427 1.26750423887e-06
9.96667676462 1.38798424974e-06
9.99697061497 1.2032400646e-06
10.0272644653 2.03113527654e-06
10.0575583157 2.8989524076e-06
10.087852166 3.15339949655e-06
10.1181460164 2.76906792576e-06
10.1484398667 2.42297825114e-06
10.1787337171 1.66869097633e-07
10.2090275674 6.1624992544e-07
10.2393214178 1.03551965537e-06
10.2696152681 6.2968107701e-07
10.2999091184 2.90360783969e-06
10.3302029688 2.22011267081e-06
10.3604968191 2.60275516711e-06
10.3907906695 9.52710568362e-07
10.4210845198 7.7675143802e-07
10.4513783702 1.98628679953e-06
10.4816722205 1.02899688119e-06
10.5119660709 1.4331950535e-06
10.5422599212 1.58940574059e-06
10.5725537716 2.82824049127e-06
10.6028476219 1.46044514392e-06
10.6331414723 1.0034714736e-06
10.6634353226 1.63675659534e-06
10.693729173 5.63725194317e-07
10.7240230233 2.6578665675e-06
10.7543168737 1.87111920848e-06
10.784610724 2.31597397502e-06
10.8149045744 9.17721132203e-07
10.8451984247 3.25699738686e-06
10.8754922751 1.94981328007e-06
10.9057861254 1.087886659e-06
10.9360799758 1.20870055744e-06
10.9663738261 4.48159302407e-07
10.9966676765 1.74601236652e-06
11.0269615268 1.4396614797e-06
11.0572553772 7.95098928695e-07
11.0875492275 2.84396180552e-06
11.1178430779 1.99661480123e-06
11.1481369282 2.49159330535e-06
11.1784307786 2.21064958194e-06
11.2087246289 2.89416919386e-06
11.2390184792 2.41299557047e-06
11.2693123296 2.4181113468e-06
11.2996061799 2.53946453187e-06
11.3299000303 4.63581685898e-07
11.3601938806 1.92206904623e-06
11.390487731 2.5167816043e-06
11.4207815813 2.50498248319e-06
11.4510754317 2.18716571121e-06
11.481369282 2.95382695207e-06
11.5116631324 2.814648748e-06
11.5419569827 1.65106134278e-06
11.5722508331 1.99217709246e-06
11.6025446834 2.06970090892e-06
11.6328385338 3.04148322037e-07
11.6631323841 1.18435670935e-06
11.6934262345 1.545136721e-06
11.7237200848 2.97946324613e-06
11.7540139352 2.0375874646e-06
11.7843077855 1.84297391395e-06
11.8146016359 1.7838230667e-06
11.8448954862 1.88387342864e-06
11.8751893366 2.2632823367e-06
11.9054831869 1.12184683153e-06
11.9357770373 1.13220981511e-06
11.9660708876 1.11191464993e-06
11.996364738 6.46215691813e-07
12.0266585883 1.37304088741e-06
12.0569524387 1.90381440794e-06
12.087246289 2.50259734072e-06
12.1175401394 3.00733444822e-06
12.1478339897 1.56950008729e-06
12.17812784 1.46515709093e-06
12.2084216904 1.03307002175e-06
12.2387155407 1.7817390892e-06
12.2690093911 1.65616759122e-06
12.2993032414 1.83364422908e-06
12.3295970918 1.89453794366e-06
12.3598909421 1.34175292308e-06
12.3901847925 1.08086301121e-06
12.4204786428 1.06961808501e-06
12.4507724932 9.80434431434e-07
12.4810663435 1.37826880702e-06
12.5113601939 6.52116100712e-07
12.5416540442 5.87272697469e-07
12.5719478946 2.88294857699e-07
12.6022417449 9.59761933715e-07
12.6325355953 6.04515909682e-07
12.6628294456 7.83905604133e-07
12.693123296 9.42562724904e-07
12.7234171463 1.44579209591e-06
12.7537109967 1.07638066215e-06
12.784004847 1.32132434069e-06
12.8142986974 1.53512455058e-06
12.8445925477 1.09612415607e-06
12.8748863981 1.11917638953e-06
12.9051802484 1.2593365853e-06
12.9354740988 8.40739594327e-07
12.9657679491 8.29610507147e-07
12.9960617995 4.60890726463e-07
13.0263556498 6.34746291859e-07
13.0566495002 4.95641586832e-07
13.0869433505 8.75251345916e-07
13.1172372008 4.0683355089e-07
13.1475310512 9.39030794141e-07
13.1778249015 5.1218511125e-07
13.2081187519 1.25503722211e-06
13.2384126022 7.63184068742e-07
13.2687064526 4.77864859098e-07
13.2990003029 1.12303490844e-06
13.3292941533 2.20003230656e-07
13.3595880036 8.15321081639e-07
13.389881854 1.00759767513e-06
13.4201757043 1.12131996352e-06
13.4504695547 2.84180256977e-07
13.480763405 6.4453160753e-07
13.5110572554 2.39414554323e-07
13.5413511057 2.56717248266e-07
13.5716449561 6.49530899635e-07
13.6019388064 9.24288765182e-07
13.6322326568 2.65751905188e-07
13.6625265071 3.30941892625e-07
13.6928203575 5.01854942821e-07
13.7231142078 4.51800753995e-07
13.7534080582 5.29999879458e-07
13.7837019085 4.23220494361e-07
13.8139957589 3.94865455168e-07
13.8442896092 8.08866779305e-07
13.8745834596 4.4809415702e-07
13.9048773099 1.22407531381e-06
13.9351711603 1.09722892327e-06
13.9654650106 3.65750678842e-07
13.995758861 9.79448937825e-07
14.0260527113 1.07223098044e-06
14.0563465616 7.80329099286e-07
14.086640412 8.84532282784e-07
14.1169342623 2.90852308222e-07
14.1472281127 1.07722956162e-06
14.177521963 6.01801023252e-07
14.2078158134 1.06590326958e-06
14.2381096637 7.93629145413e-07
14.2684035141 1.17090841547e-07
14.2986973644 5.52516773193e-07
14.3289912148 3.8318933466e-07
14.3592850651 4.64607338085e-07
14.3895789155 3.46216712529e-07
14.4198727658 2.47944622057e-07
14.4501666162 8.06373210113e-07
14.4804604665 8.16470470352e-07
14.5107543169 4.89742429625e-07
14.5410481672 6.31063876373e-07
14.5713420176 3.96073991378e-07
14.6016358679 7.30575352867e-07
14.6319297183 2.52042493746e-07
14.6622235686 3.8656335921e-07
14.692517419 4.57837107218e-07
14.7228112693 5.59364398447e-08
14.7531051197 4.02121668279e-07
14.78339897 6.47551492074e-07
14.8136928204 1.77806748693e-07
14.8439866707 3.22996387703e-07
14.8742805211 2.97177377113e-07
14.9045743714 2.46141336397e-07
14.9348682218 4.50601888106e-07
14.9651620721 8.37548837642e-07
14.9954559224 3.23387329217e-07
15.0257497728 2.45470121109e-07
15.0560436231 4.69908177814e-07
15.0863374735 4.4459873533e-07
15.1166313238 2.9098191402e-07
15.1469251742 5.72978950442e-07
15.1772190245 7.95416432917e-07
15.2075128749 5.29134956616e-07
15.2378067252 1.06395118004e-06
15.2681005756 8.33949805575e-07
15.2983944259 8.80552727976e-07
15.3286882763 6.13314976108e-07
15.3589821266 7.20355988183e-07
15.389275977 9.67068766525e-08
15.4195698273 5.62745113566e-07
15.4498636777 3.46938868087e-07
15.480157528 3.31682691685e-07
15.5104513784 5.38323455129e-07
15.5407452287 7.69762176994e-08
15.5710390791 3.38467804147e-07
15.6013329294 2.54245566476e-07
15.6316267798 8.5582189819e-08
15.6619206301 3.09011328223e-07
15.6922144805 1.97498874863e-07
15.7225083308 2.27962238259e-07
15.7528021812 5.79067950925e-07
15.7830960315 4.65738831723e-08
15.8133898819 1.04178980572e-06
15.8436837322 8.1135902546e-07
15.8739775826 5.00500569575e-07
15.9042714329 1.03729653221e-06
15.9345652832 8.53191284284e-07
15.9648591336 3.23071765643e-07
15.9951529839 9.29005616782e-08
16.0254468343 4.22180449423e-07
16.0557406846 5.42630183687e-07
16.086034535 1.66892985999e-07
16.1163283853 4.52920244727e-07
16.1466222357 1.73992751555e-07
16.176916086 3.67813806731e-07
16.2072099364 5.66760312321e-07
16.2375037867 7.41924301079e-07
16.2677976371 9.13969782777e-07
16.2980914874 5.58902729996e-07
16.3283853378 2.29931154312e-07
16.3586791881 3.68086864031e-07
16.3889730385 5.00460761082e-07
16.4192668888 1.03044167173e-07
16.4495607392 4.87526589855e-07
16.4798545895 4.16804259954e-07
16.5101484399 5.45528276745e-07
16.5404422902 1.04230498483e-08
16.5707361406 4.01436609135e-07
16.6010299909 4.38624228326e-07
16.6313238413 4.23441837886e-07
16.6616176916 5.37099129603e-07
16.691911542 6.77573031953e-07
16.7222053923 5.59789106274e-07
16.7524992427 3.72380708785e-07
16.782793093 9.97730963038e-08
16.8130869434 3.13827104465e-07
16.8433807937 4.69760759368e-07
16.873674644 4.92011532769e-07
16.9039684944 1.45199069026e-07
16.9342623447 3.08995909742e-07
16.9645561951 3.30480739127e-07
16.9948500454 3.43542006142e-07
17.0251438958 2.40631066187e-07
17.0554377461 3.44429723399e-07
17.0857315965 4.44891966167e-08
17.1160254468 2.60612883313e-07
17.1463192972 1.63826158787e-07
17.1766131475 2.48854884742e-07
17.2069069979 1.29101948658e-07
17.2372008482 5.29547682886e-07
17.2674946986 1.56377106711e-07
17.2977885489 1.78581304829e-07
17.3280823993 1.49465900584e-07
17.3583762496 2.39027345832e-07
17.3886701 1.23989379604e-07
17.4189639503 1.41446081621e-08
17.4492578007 1.19905754314e-07
17.479551651 2.68586321278e-07
17.5098455014 4.00255266503e-07
17.5401393517 4.00335647316e-07
17.5704332021 4.90738123414e-07
17.6007270524 1.55563382297e-07
17.6310209028 3.37574479443e-07
17.6613147531 4.28886370343e-07
17.6916086035 2.1164618915e-07
17.7219024538 1.53141609e-07
17.7521963042 3.55786677903e-07
17.7824901545 3.64246230962e-07
17.8127840048 3.88217046559e-07
17.8430778552 2.90480582632e-07
17.8733717055 3.99207708369e-07
17.9036655559 2.94534679178e-07
17.9339594062 2.76573680631e-07
17.9642532566 3.5683275819e-07
17.9945471069 1.79250060992e-07
18.0248409573 1.58179302878e-07
18.0551348076 1.68313126187e-07
18.085428658 1.94460498376e-07
18.1157225083 4.74231961148e-07
18.1460163587 3.76293311401e-07
18.176310209 2.01695686086e-07
18.2066040594 1.85805231263e-07
18.2368979097 1.50855867937e-07
18.2671917601 2.49625789419e-07
18.2974856104 2.34306859146e-07
18.3277794608 3.27577492009e-07
18.3580733111 1.74343682037e-07
18.3883671615 2.11038631993e-07
18.4186610118 1.09629448589e-07
18.4489548622 7.15385196824e-08
18.4792487125 1.44484189104e-07
18.5095425629 2.13577041269e-07
18.5398364132 2.67970383315e-07
18.5701302636 2.09976257934e-07
18.6004241139 3.18286906636e-07
18.6307179643 2.20261271395e-07
18.6610118146 1.73367980904e-07
18.691305665 1.35343985062e-07
18.7215995153 1.96563790348e-08
18.7518933656 1.04345744916e-07
18.782187216 2.6724289384e-07
18.8124810663 1.99772284732e-07
18.8427749167 2.97637401261e-07
18.873068767 1.26785831717e-07
18.9033626174 1.66745168806e-07
18.9336564677 1.46759887455e-07
18.9639503181 2.7009696168e-07
18.9942441684 2.15577647781e-07
19.0245380188 3.19588894735e-07
19.0548318691 1.70674817844e-07
19.0851257195 3.40877086296e-08
19.1154195698 2.25771610888e-08
19.1457134202 5.98262405072e-08
19.1760072705 7.50844457396e-08
19.2063011209 1.98520297367e-07
19.2365949712 1.0809326769e-07
19.2668888216 3.96615407014e-07
19.2971826719 3.57064337886e-07
19.3274765223 3.37220706966e-07
19.3577703726 9.76960897626e-08
19.388064223 6.68487745275e-08
19.4183580733 1.57254092924e-07
19.4486519237 1.59482653126e-07
19.478945774 1.45309740024e-07
19.5092396244 5.0836084272e-08
19.5395334747 1.74860998897e-07
19.5698273251 1.73846838651e-08
19.6001211754 1.16072213319e-07
19.6304150257 1.75221228029e-07
19.6607088761 6.71168277853e-08
19.6910027264 1.2817871454e-07
19.7212965768 1.20559637204e-07
19.7515904271 9.8759039635e-08
19.7818842775 1.51197448654e-07
19.8121781278 1.83473141239e-07
19.8424719782 1.95195998418e-07
19.8727658285 8.58942680959e-08
19.9030596789 6.11848157612e-08
19.9333535292 3.08071005544e-08
19.9636473796 2.87418499018e-07
19.9939412299 1.90408280726e-07
20.0242350803 8.40185737706e-08
20.0545289306 1.41029824049e-07
20.084822781 1.09881766802e-07
20.1151166313 1.35007867189e-07
20.1454104817 1.38016263276e-07
20.175704332 1.86151831108e-07
20.2059981824 1.94374088541e-07
20.2362920327 2.48429528299e-07
20.2665858831 6.77669476177e-08
20.2968797334 2.05734912634e-07
20.3271735838 1.14104845291e-07
20.3574674341 3.68553107955e-08
20.3877612845 6.65720217465e-08
20.4180551348 3.58978144516e-08
20.4483489852 7.00506070464e-08
20.4786428355 1.33646034339e-07
20.5089366859 3.97416595889e-08
20.5392305362 1.2456059798e-07
20.5695243865 2.18373054451e-07
20.5998182369 9.04425550016e-08
20.6301120872 9.43243823888e-08
20.6604059376 2.33287963897e-08
20.6906997879 2.95252202295e-08
20.7209936383 1.23110199725e-07
20.7512874886 1.64103478291e-07
20.781581339 6.35497079835e-08
20.8118751893 1.16331903589e-07
20.8421690397 8.42601344765e-08
20.87246289 1.93944424676e-08
20.9027567404 1.14875239562e-07
20.9330505907 2.43559109514e-08
20.9633444411 1.1274078915e-07
20.9936382914 1.20857364752e-07
21.0239321418 1.65038487936e-07
21.0542259921 1.05404816158e-07
21.0845198425 1.32449820048e-07
21.1148136928 2.14812318834e-07
21.1451075432 1.30579819792e-07
21.1754013935 1.43894081198e-07
21.2056952439 1.14341315016e-07
21.2359890942 2.21601048094e-07
21.2662829446 9.5258644064e-08
21.2965767949 1.37703149197e-07
21.3268706453 7.93903795066e-08
21.3571644956 4.8056449336e-08
21.387458346 3.83914436796e-08
21.4177521963 9.48351945481e-08
21.4480460467 1.04460065963e-07
21.478339897 1.1006489388e-07
21.5086337473 5.09756726568e-08
21.5389275977 8.36014289991e-08
21.569221448 1.19803561665e-07
21.5995152984 1.35696491049e-07
21.6298091487 1.66144402262e-07
21.6601029991 3.31132364121e-08
21.6903968494 6.63118288149e-08
21.7206906998 9.50541488422e-08
21.7509845501 4.93985661281e-08
21.7812784005 7.47537155822e-08
21.8115722508 5.61203751835e-08
21.8418661012 4.3507485109e-08
21.8721599515 1.68192315601e-07
21.9024538019 1.01248043023e-07
21.9327476522 3.81455998026e-08
21.9630415026 5.21925963688e-08
21.9933353529 3.89908289967e-08
22.0236292033 3.15860713902e-08
22.0539230536 6.19527753535e-08
22.084216904 2.33372093187e-08
22.1145107543 7.94597405068e-08
22.1448046047 1.36266853539e-07
22.175098455 1.04500162147e-07
22.2053923054 6.45827384614e-08
22.2356861557 6.78239081418e-08
22.2659800061 5.06433426497e-08
22.2962738564 1.65196327965e-08
22.3265677068 6.24795943616e-08
22.3568615571 6.86145017491e-08
22.3871554075 2.14493983096e-08
22.4174492578 5.08426431972e-08
22.4477431081 8.32475219895e-08
22.4780369585 5.67533156649e-08
22.5083308088 6.8377251629e-08
22.5386246592 9.05938306104e-08
22.5689185095 8.64171468487e-08
22.5992123599 8.43805145071e-08
22.6295062102 8.37223762943e-08
22.6598000606 9.41263578315e-08
22.6900939109 7.03324021818e-08
22.7203877613 1.51590222026e-07
22.7506816116 1.20510145036e-07
22.780975462 3.78196608531e-08
22.8112693123 6.2202389142e-08
22.8415631627 5.64864292218e-08
22.871857013 5.05035565947e-08
22.9021508634 1.14339504817e-07
22.9324447137 2.89690473168e-08
22.9627385641 3.02919876361e-08
22.9930324144 7.20810326832e-08
23.0233262648 6.84444735581e-08
23.0536201151 1.06299511632e-07
23.0839139655 3.97412047849e-09
23.1142078158 1.40163820975e-08
23.1445016662 8.12211521502e-08
23.1747955165 6.10508002278e-08
23.2050893669 6.34389393749e-08
23.2353832172 6.74077271831e-08
23.2656770676 3.23521509197e-08
23.2959709179 8.88790444999e-08
23.3262647683 1.05615326043e-07
23.3565586186 8.5865756508e-08
23.3868524689 1.22244990645e-08
23.4171463193 5.87945008584e-08
23.4474401696 1.92227345456e-08
23.47773402 2.4036865579e-08
23.5080278703 7.02142344404e-08
23.5383217207 7.82525665642e-08
23.568615571 5.12834129134e-08
23.5989094214 5.41397974283e-08
23.6292032717 3.15344821955e-08
23.6594971221 4.64687918084e-08
23.6897909724 5.28459686609e-08
23.7200848228 1.34276467919e-07
23.7503786731 5.81420737032e-08
23.7806725235 5.82660086804e-08
23.8109663738 3.03500557274e-08
23.8412602242 7.80891675705e-08
23.8715540745 9.47144522899e-08
23.9018479249 6.31486655888e-08
23.9321417752 3.92604876477e-08
23.9624356256 5.27383628754e-08
23.9927294759 4.70632491262e-08
24.0230233263 4.83726814571e-08
24.0533171766 4.40168296661e-08
24.083611027 5.26592814799e-08
24.1139048773 6.42256428302e-08
24.1441987277 3.72355371376e-08
24.174492578 3.41968220666e-08
24.2047864284 5.011174661e-08
24.2350802787 1.88519797992e-08
24.2653741291 6.08150814439e-08
24.2956679794 1.3280704874e-08
24.3259618297 8.44789547217e-08
24.3562556801 6.67342577578e-08
24.3865495304 2.13907989448e-08
24.4168433808 5.19510213748e-08
24.4471372311 7.08396682703e-08
24.4774310815 6.58456061731e-08
24.5077249318 3.26034482983e-08
24.5380187822 6.96021750903e-08
24.5683126325 4.72953993973e-08
24.5986064829 6.51483238163e-08
24.6289003332 2.15182189163e-08
24.6591941836 7.74003068867e-08
24.6894880339 8.74158192491e-08
24.7197818843 3.94470887625e-08
24.7500757346 2.74207846616e-08
24.780369585 3.20755975827e-08
24.8106634353 5.17344350232e-08
24.8409572857 3.52997520862e-08
24.871251136 6.10782211481e-08
24.9015449864 7.0467798959e-08
24.9318388367 4.29208474122e-08
24.9621326871 4.0854114954e-08
24.9924265374 9.56604838811e-08
25.0227203878 4.41291715298e-08
25.0530142381 4.46491390223e-08
25.0833080885 3.95697495015e-08
25.1136019388 4.37593080025e-08
25.1438957892 4.64740422319e-08
25.1741896395 5.23091199258e-08
25.2044834899 2.05627579198e-08
25.2347773402 5.67010269515e-08
25.2650711905 5.54128446888e-08
25.2953650409 4.52858508426e-08
25.3256588912 4.28834969576e-08
25.3559527416 4.47864244418e-08
25.3862465919 6.17654721936e-08
25.4165404423 3.82843486342e-08
25.4468342926 6.10740494471e-08
25.477128143 3.46659426708e-08
25.5074219933 5.44037739678e-08
25.5377158437 4.44460094355e-08
25.568009694 6.78186203537e-08
25.5983035444 6.24234667325e-08
25.6285973947 4.52713357528e-08
25.6588912451 5.74339998543e-08
25.6891850954 3.05282450792e-08
25.7194789458 6.39984011905e-08
25.7497727961 4.76700475989e-08
25.7800666465 5.99985219055e-08
25.8103604968 6.94554847768e-08
25.8406543472 3.31855067828e-08
25.8709481975 4.1838288443e-08
25.9012420479 5.89868503169e-08
25.9315358982 6.05738635334e-08
25.9618297486 5.76499783441e-08
25.9921235989 5.25445958607e-08
26.0224174493 3.18841789937e-08
26.0527112996 3.88204845937e-08
26.08300515 5.3449721442e-08
26.1132990003 5.69420120223e-08
26.1435928507 2.4316662615e-08
26.173886701 4.0013890955e-08
26.2041805513 6.25624526722e-08
26.2344744017 5.01875286131e-08
26.264768252 3.63382467158e-08
26.2950621024 6.14878395343e-08
26.3253559527 4.75201656019e-08
26.3556498031 3.77811727659e-08
26.3859436534 4.23287983254e-08
26.4162375038 5.52162363601e-08
26.4465313541 4.87309397479e-08
26.4768252045 5.42759098881e-08
26.5071190548 3.90244010758e-08
26.5374129052 5.9102823802e-08
26.5677067555 5.06154105921e-08
26.5980006059 4.6971745188e-08
26.6282944562 3.30106687313e-08
26.6585883066 4.70220699305e-08
26.6888821569 4.74688125397e-08
26.7191760073 4.00162537374e-08
26.7494698576 5.40989040021e-08
26.779763708 4.06445016223e-08
26.8100575583 3.21832383171e-08
26.8403514087 4.26895538301e-08
26.870645259 4.25286152309e-08
26.9009391094 5.20798649716e-08
26.9312329597 3.93980871168e-08
26.9615268101 5.02584816347e-08
26.9918206604 4.29594338592e-08
27.0221145108 3.96246291563e-08
27.0524083611 4.61045670885e-08
27.0827022115 4.33285024713e-08
27.1129960618 3.91962577606e-08
27.1432899121 5.00836415731e-08
27.1735837625 5.05518389436e-08
27.2038776128 4.2734677319e-08
27.2341714632 5.06305014889e-08
27.2644653135 3.76534580096e-08
27.2947591639 5.13276836023e-08
27.3250530142 4.20625963718e-08
27.3553468646 4.2405154458e-08
27.3856407149 3.81648516113e-08
27.4159345653 3.90008049962e-08
27.4462284156 4.5212255712e-08
27.476522266 4.16049185095e-08
27.5068161163 4.49528945746e-08
27.5371099667 4.52331405871e-08
27.567403817 4.71798266674e-08
27.5976976674 4.71135957526e-08
27.6279915177 4.10495131971e-08
27.6582853681 4.66420257985e-08
27.6885792184 4.88574646901e-08
27.7188730688 4.41384511782e-08
27.7491669191 4.31521894981e-08
27.7794607695 4.99355781424e-08
27.8097546198 3.95414332861e-08
27.8400484702 4.99394492467e-08
27.8703423205 3.90899327075e-08
27.9006361709 4.55582885597e-08
27.9309300212 5.19006153174e-08
27.9612238716 4.17352000803e-08
27.9915177219 4.15007962557e-08
28.0218115723 4.31977396996e-08
28.0521054226 4.43492636401e-08
28.0823992729 3.9064430628e-08
28.1126931233 4.07956828753e-08
28.1429869736 4.16862286798e-08
28.173280824 4.45923088693e-08
28.2035746743 4.20534164865e-08
28.2338685247 4.66731182725e-08
28.264162375 4.21189561115e-08
28.2944562254 4.44694472614e-08
28.3247500757 4.4329288246e-08
28.3550439261 4.25009439897e-08
28.3853377764 4.36020116819e-08
28.4156316268 4.69599508181e-08
28.4459254771 3.92200864161e-08
28.4762193275 4.2438819595e-08
28.5065131778 4.20156901301e-08
28.5368070282 4.5323608228e-08
28.5671008785 3.97387683769e-08
28.5973947289 4.61025299489e-08
28.6276885792 4.36054746658e-08
28.6579824296 4.90828756462e-08
28.6882762799 4.72185212287e-08
28.7185701303 3.73226574143e-08
28.7488639806 4.22300135759e-08
28.779157831 4.22282958198e-08
28.8094516813 4.55496766046e-08
28.8397455317 4.30780192057e-08
28.870039382 4.13961735039e-08
28.9003332324 4.17443524807e-08
28.9306270827 4.857193989e-08
28.9609209331 4.46510283932e-08
28.9912147834 3.87754440443e-08
29.0215086337 4.27069533868e-08
29.0518024841 4.13240513142e-08
29.0820963344 4.49935905982e-08
29.1123901848 4.06672011628e-08
29.1426840351 4.37389434159e-08
29.1729778855 4.29130470545e-08
29.2032717358 4.26692529929e-08
29.2335655862 4.17320354289e-08
29.2638594365 4.21184053745e-08
29.2941532869 4.2137972287e-08
29.3244471372 4.29782850398e-08
29.3547409876 4.57124270027e-08
29.3850348379 4.21931918488e-08
29.4153286883 3.53018380197e-08
29.4456225386 4.33566857304e-08
29.475916389 4.33011245407e-08
29.5062102393 3.90492663646e-08
29.5365040897 4.23861963106e-08
29.56679794 4.18439321176e-08
29.5970917904 4.10465062269e-08
29.6273856407 4.43460345971e-08
29.6576794911 4.26223069506e-08
29.6879733414 3.99213178066e-08
29.7182671918 4.12681429362e-08
29.7485610421 4.09993573163e-08
29.7788548925 3.95176556786e-08
29.8091487428 4.24638624921e-08
29.8394425932 3.95381796716e-08
29.8697364435 4.19435335554e-08
29.9000302939 3.99671527213e-08
29.9303241442 4.02850121228e-08
29.9606179945 4.28699451636e-08
29.9909118449 4.23442174258e-08
30.0212056952 3.71842368378e-08
30.0514995456 4.02281215927e-08
30.0817933959 4.31237743801e-08
30.1120872463 4.08510499286e-08
30.1423810966 4.16248289824e-08
30.172674947 4.13057183179e-08
30.2029687973 4.26324981683e-08
30.2332626477 4.08909112332e-08
30.263556498 4.41972178384e-08
30.2938503484 4.04775888444e-08
30.3241441987 3.96650643068e-08
30.3544380491 3.8715171061e-08
30.3847318994 4.09515341094e-08
30.4150257498 4.15035687484e-08
30.4453196001 4.28848379897e-08
30.4756134505 4.0065366596e-08
30.5059073008 4.1594684439e-08
30.5362011512 4.10094358349e-08
30.5664950015 4.28193863551e-08
30.5967888519 4.15107702805e-08
30.6270827022 4.03773359889e-08
30.6573765526 4.02016323047e-08
30.6876704029 4.14697201965e-08
30.7179642533 3.95908795181e-08
30.7482581036 4.14937674271e-08
30.778551954 3.92521930492e-08
30.8088458043 3.94554424966e-08
30.8391396547 4.07672704824e-08
30.869433505 3.98874863948e-08
30.8997273553 4.18648181146e-08
30.9300212057 4.13475266646e-08
30.960315056 4.00760620833e-08
30.9906089064 4.14357582951e-08
31.0209027567 4.01220755314e-08
31.0511966071 4.0082953979e-08
31.0814904574 4.13464542966e-08
31.1117843078 3.99892690814e-08
31.1420781581 4.07769045969e-08
31.1723720085 3.89657234012e-08
31.2026658588 3.97248533092e-08
31.2329597092 4.11020901466e-08
31.2632535595 4.01446221767e-08
31.2935474099 4.05364048116e-08
31.3238412602 4.03377855708e-08
31.3541351106 3.99812137107e-08
31.3844289609 4.08123970226e-08
31.4147228113 3.993801822e-08
31.4450166616 4.07051000504e-08
31.475310512 3.94451338503e-08
31.5056043623 3.95955019133e-08
31.5358982127 4.05142924869e-08
31.566192063 4.03866496311e-08
31.5964859134 3.88426079372e-08
31.6267797637 4.19830066214e-08
31.6570736141 3.89940004353e-08
31.6873674644 3.81068591465e-08
31.7176613148 3.95754409309e-08
31.7479551651 3.94695977098e-08
31.7782490154 3.96284825936e-08
31.8085428658 4.0304283885e-08
31.8388367161 3.9417518671e-08
31.8691305665 4.02725238156e-08
31.8994244168 4.02538359282e-08
31.9297182672 3.95337345344e-08
31.9600121175 4.05766420772e-08
31.9903059679 3.92738642441e-08
32.0205998182 3.99436366848e-08
32.0508936686 3.99356532622e-08
32.0811875189 3.9618125626e-08
32.1114813693 3.9303691466e-08
32.1417752196 3.86659627202e-08
32.17206907 3.92906395509e-08
32.2023629203 3.97177957829e-08
32.2326567707 3.92331643092e-08
32.262950621 3.95840205897e-08
32.2932444714 4.025366792e-08
32.3235383217 3.89124029001e-08
32.3538321721 3.95438555291e-08
32.3841260224 3.88901319879e-08
32.4144198728 3.94591787643e-08
32.4447137231 3.92698905756e-08
32.4750075735 3.86263851496e-08
32.5053014238 3.92641395462e-08
32.5355952742 3.89608385646e-08
32.5658891245 3.94682759011e-08
32.5961829749 3.9043375597e-08
32.6264768252 3.92694620014e-08
32.6567706756 3.91856001631e-08
32.6870645259 3.88571104347e-08
32.7173583762 3.89015120347e-08
32.7476522266 3.9568405642e-08
32.7779460769 3.93032880548e-08
32.8082399273 3.88088665611e-08
32.8385337776 3.94316717129e-08
32.868827628 3.86596909399e-08
32.8991214783 3.85889179809e-08
32.9294153287 3.9447196187e-08
32.959709179 3.92922510149e-08
32.9900030294 3.91427005939e-08
33.0202968797 3.97260837839e-08
33.0505907301 3.88246670082e-08
33.0808845804 3.87697026227e-08
33.1111784308 3.90729613881e-08
33.1414722811 3.82496000987e-08
33.1717661315 3.90236530472e-08
33.2020599818 3.89433567597e-08
33.2323538322 3.84535238984e-08
33.2626476825 3.8489561908e-08
33.2929415329 3.90204068219e-08
33.3232353832 3.8774042708e-08
33.3535292336 3.88950459979e-08
33.3838230839 3.8953294705e-08
33.4141169343 3.86536954047e-08
33.4444107846 3.86644637515e-08
33.474704635 3.92637593183e-08
33.5049984853 3.83940539896e-08
33.5352923357 3.86271084802e-08
33.565586186 3.83568906133e-08
33.5958800364 3.84941972306e-08
33.6261738867 3.85960874151e-08
33.656467737 3.86290501963e-08
33.6867615874 3.85143257985e-08
33.7170554377 3.82852476415e-08
33.7473492881 3.83786461323e-08
33.7776431384 3.84893673444e-08
33.8079369888 3.85822597747e-08
33.8382308391 3.80612967678e-08
33.8685246895 3.78761358512e-08
33.8988185398 3.88068726756e-08
33.9291123902 3.80428841693e-08
33.9594062405 3.82440106629e-08
33.9897000909 3.83630760512e-08
34.0199939412 3.80059221395e-08
34.0502877916 3.79377119125e-08
34.0805816419 3.84921060275e-08
34.1108754923 3.83409185232e-08
34.1411693426 3.80868505828e-08
34.171463193 3.87554949352e-08
34.2017570433 3.80721198417e-08
34.2320508937 3.79867995656e-08
34.262344744 3.80615069011e-08
34.2926385944 3.82707055117e-08
34.3229324447 3.80482894923e-08
34.3532262951 3.81872785521e-08
34.3835201454 3.7944080813e-08
34.4138139958 3.812147457e-08
34.4441078461 3.80914880488e-08
34.4744016965 3.81830299583e-08
34.5046955468 3.76771587449e-08
34.5349893972 3.80572779745e-08
34.5652832475 3.78626792612e-08
34.5955770978 3.78830279247e-08
34.6258709482 3.7820784036e-08
34.6561647985 3.79890808442e-08
34.6864586489 3.77973680102e-08
34.7167524992 3.78343441368e-08
34.7470463496 3.77545880147e-08
34.7773401999 3.79577477173e-08
34.8076340503 3.75925120581e-08
34.8379279006 3.78876669699e-08
34.868221751 3.77858409054e-08
34.8985156013 3.75546750266e-08
34.9288094517 3.79194947776e-08
34.959103302 3.80064216249e-08
34.9893971524 3.73649941637e-08
35.0196910027 3.79085620115e-08
35.0499848531 3.77743291334e-08
35.0802787034 3.77372964108e-08
35.1105725538 3.77459277406e-08
35.1408664041 3.78010529973e-08
35.1711602545 3.79409948674e-08
35.2014541048 3.77652311351e-08
35.2317479552 3.76781211371e-08
35.2620418055 3.7373301353e-08
35.2923356559 3.76074014218e-08
35.3226295062 3.77880204125e-08
35.3529233566 3.7664613652e-08
35.3832172069 3.74738287899e-08
35.4135110573 3.78498522064e-08
35.4438049076 3.76789535033e-08
35.474098758 3.74232689639e-08
35.5043926083 3.75297212157e-08
35.5346864586 3.74348464668e-08
35.564980309 3.76021897027e-08
35.5952741593 3.74674938452e-08
35.6255680097 3.72129479027e-08
35.65586186 3.74341897765e-08
35.6861557104 3.71723310849e-08
35.7164495607 3.74179505269e-08
35.7467434111 3.71645381134e-08
35.7770372614 3.73466505525e-08
35.8073311118 3.72902497931e-08
35.8376249621 3.71959003279e-08
35.8679188125 3.72131788613e-08
35.8982126628 3.72999071133e-08
35.9285065132 3.71087875678e-08
35.9588003635 3.72918821456e-08
35.9890942139 3.72748259579e-08
36.0193880642 3.7218911076e-08
36.0496819146 3.7149406473e-08
36.0799757649 3.71664047386e-08
36.1102696153 3.7188024344e-08
36.1405634656 3.71306046763e-08
36.170857316 3.70042894706e-08
36.2011511663 3.7097175008e-08
36.2314450167 3.71473522282e-08
36.261738867 3.69933273421e-08
36.2920327174 3.7019122334e-08
36.3223265677 3.68605594951e-08
36.3526204181 3.69902147228e-08
36.3829142684 3.71108981922e-08
36.4132081188 3.67684468445e-08
36.4435019691 3.69979038328e-08
36.4737958194 3.69059379834e-08
36.5040896698 3.69313658573e-08
36.5343835201 3.69023880513e-08
36.5646773705 3.69665061917e-08
36.5949712208 3.68909187058e-08
36.6252650712 3.68314013914e-08
36.6555589215 3.6876981836e-08
36.6858527719 3.69037602747e-08
36.7161466222 3.68413228819e-08
36.7464404726 3.67101851404e-08
36.7767343229 3.6747592738e-08
36.8070281733 3.67910403627e-08
36.8373220236 3.66636200964e-08
36.867615874 3.66499539488e-08
36.8979097243 3.67189588425e-08
36.9282035747 3.66785539345e-08
36.958497425 3.6662150629e-08
36.9887912754 3.67150113106e-08
37.0190851257 3.67009783716e-08
37.0493789761 3.66291580393e-08
37.0796728264 3.66008531744e-08
37.1099666768 3.6640878329e-08
37.1402605271 3.66384337446e-08
37.1705543775 3.64911510835e-08
37.2008482278 3.65868628737e-08
37.2311420782 3.66084847655e-08
37.2614359285 3.65765818083e-08
37.2917297789 3.65167056022e-08
37.3220236292 3.66233925681e-08
37.3523174796 3.64787267321e-08
37.3826113299 3.64163800455e-08
37.4129051802 3.64522191757e-08
37.4431990306 3.64615687715e-08
37.4734928809 3.64732996285e-08
37.5037867313 3.64362201412e-08
37.5340805816 3.63712495634e-08
37.564374432 3.64157797864e-08
37.5946682823 3.63257893749e-08
37.6249621327 3.63649293635e-08
37.655255983 3.63228862837e-08
37.6855498334 3.63839488596e-08
37.7158436837 3.62989183576e-08
37.7461375341 3.63196064343e-08
37.7764313844 3.63410277361e-08
37.8067252348 3.62710374784e-08
37.8370190851 3.63254447767e-08
37.8673129355 3.6236987548e-08
37.8976067858 3.62934634252e-08
37.9279006362 3.6268140206e-08
37.9581944865 3.63002345809e-08
37.9884883369 3.62119132123e-08
38.0187821872 3.62378778167e-08
38.0490760376 3.62462461124e-08
38.0793698879 3.61666707216e-08
38.1096637383 3.61835418436e-08
38.1399575886 3.61085629276e-08
38.170251439 3.61309420369e-08
38.2005452893 3.61049984963e-08
38.2308391397 3.61012652446e-08
38.26113299 3.61216299102e-08
38.2914268404 3.60740046786e-08
38.3217206907 3.60733982188e-08
38.352014541 3.60446912323e-08
38.3823083914 3.60853077676e-08
38.4126022417 3.60303699553e-08
38.4428960921 3.60241602406e-08
38.4731899424 3.60058429506e-08
38.5034837928 3.60124817437e-08
38.5337776431 3.60306824316e-08
38.5640714935 3.59543070814e-08
38.5943653438 3.59852494427e-08
38.6246591942 3.59233870679e-08
38.6549530445 3.59491328633e-08
38.6852468949 3.5929570043e-08
38.7155407452 3.59186357839e-08
38.7458345956 3.59053459418e-08
38.7761284459 3.59072378124e-08
38.8064222963 3.5905287313e-08
38.8367161466 3.58288724883e-08
38.867009997 3.58903259138e-08
38.8973038473 3.58270266296e-08
38.9275976977 3.58207311212e-08
38.957891548 3.58057260265e-08
38.9881853984 3.58390130184e-08
39.0184792487 3.57931649193e-08
39.0487730991 3.57581988299e-08
39.0790669494 3.57588236177e-08
39.1093607998 3.57822132855e-08
39.1396546501 3.57368560964e-08
39.1699485005 3.57343755004e-08
39.2002423508 3.5728478802e-08
39.2305362012 3.57164000978e-08
39.2608300515 3.57032842825e-08
39.2911239018 3.5667484227e-08
39.3214177522 3.5660889864e-08
39.3517116025 3.56671592055e-08
39.3820054529 3.56627993062e-08
39.4122993032 3.56344841631e-08
39.4425931536 3.56380631078e-08
39.4728870039 3.56351657445e-08
39.5031808543 3.56206241449e-08
39.5334747046 3.56132165372e-08
39.563768555 3.55779080649e-08
39.5940624053 3.55680982863e-08
39.6243562557 3.55703955749e-08
39.654650106 3.55656663906e-08
39.6849439564 3.55494345422e-08
39.7152378067 3.5533571953e-08
39.7455316571 3.55169561718e-08
39.7758255074 3.55266082378e-08
39.8061193578 3.54873728123e-08
39.8364132081 3.5481065375e-08
39.8667070585 3.54738534985e-08
39.8970009088 3.54574625452e-08
39.9272947592 3.54525561393e-08
39.9575886095 3.54527825253e-08
39.9878824599 3.54378688222e-08
40.0181763102 3.54162589503e-08
40.0484701606 3.54142789035e-08
40.0787640109 3.54072919213e-08
40.1090578613 3.53932535749e-08
40.1393517116 3.53832404215e-08
40.169645562 3.53757136492e-08
40.1999394123 3.53595087855e-08
40.2302332626 3.53469373444e-08
40.260527113 3.53525806432e-08
40.2908209633 3.53293398957e-08
40.3211148137 3.53172757278e-08
40.351408664 3.5307444048e-08
40.3817025144 3.53021166345e-08
40.4119963647 3.52886135303e-08
40.4422902151 3.52872121984e-08
40.4725840654 3.52680839146e-08
40.5028779158 3.52615033022e-08
40.5331717661 3.52455079339e-08
40.5634656165 3.52373482765e-08
40.5937594668 3.52347817827e-08
40.6240533172 3.52137288821e-08
40.6543471675 3.52118231169e-08
40.6846410179 3.5206568705e-08
40.7149348682 3.51942715082e-08
40.7452287186 3.51808739167e-08
40.7755225689 3.5163437295e-08
40.8058164193 3.51609424719e-08
40.8361102696 3.51378522367e-08
40.86640412 3.51398263404e-08
40.8966979703 3.5138028397e-08
40.9269918207 3.51254267448e-08
40.957285671 3.5107997849e-08
40.9875795214 3.51016739655e-08
41.0178733717 3.50948844197e-08
41.0481672221 3.50951638302e-08
41.0784610724 3.50785190697e-08
41.1087549228 3.50645680209e-08
41.1390487731 3.50572564517e-08
41.1693426234 3.5042739932e-08
41.1996364738 3.50432126954e-08
41.2299303241 3.50267608823e-08
41.2602241745 3.50247454611e-08
41.2905180248 3.50048876964e-08
41.3208118752 3.50005662657e-08
41.3511057255 3.49932845047e-08
41.3813995759 3.49802373408e-08
41.4116934262 3.49791828125e-08
41.4419872766 3.49667687662e-08
41.4722811269 3.49586982506e-08
41.5025749773 3.49506654932e-08
41.5328688276 3.4942201818e-08
41.563162678 3.49344455684e-08
41.5934565283 3.49243132373e-08
41.6237503787 3.49163784967e-08
41.654044229 3.49053149323e-08
41.6843380794 3.48991180055e-08
41.7146319297 3.48838946482e-08
41.7449257801 3.48817072567e-08
41.7752196304 3.48682748087e-08
41.8055134808 3.4861697838e-08
41.8358073311 3.48544130832e-08
41.8661011815 3.48492712559e-08
41.8963950318 3.4837648288e-08
41.9266888822 3.48288464929e-08
41.9569827325 3.482296888e-08
41.9872765829 3.481207687e-08
42.0175704332 3.48037481695e-08
42.0478642836 3.47971396334e-08
42.0781581339 3.4787411653e-08
42.1084519842 3.47847025721e-08
42.1387458346 3.47729185894e-08
42.1690396849 3.47619928927e-08
42.1993335353 3.47557813588e-08
42.2296273856 3.47496947014e-08
42.259921236 3.4742092518e-08
42.2902150863 3.47297417744e-08
42.3205089367 3.47244057999e-08
42.350802787 3.47143862093e-08
42.3810966374 3.4709592682e-08
42.4113904877 3.47024279164e-08
42.4416843381 3.46938148681e-08
42.4719781884 3.46846003273e-08
42.5022720388 3.46797655347e-08
42.5325658891 3.46702778816e-08
42.5628597395 3.46628987542e-08
42.5931535898 3.46531255738e-08
42.6234474402 3.46469079961e-08
42.6537412905 3.46405024809e-08
42.6840351409 3.46332243657e-08
42.7143289912 3.46255860459e-08
42.7446228416 3.46177840987e-08
42.7749166919 3.46094774694e-08
42.8052105423 3.4602225921e-08
42.8355043926 3.45953118502e-08
42.865798243 3.45881276859e-08
42.8960920933 3.45814924872e-08
42.9263859437 3.45733529231e-08
42.956679794 3.45677213464e-08
42.9869736444 3.45599687782e-08
43.0172674947 3.45520376931e-08
43.047561345 3.45450722485e-08
43.0778551954 3.45384826794e-08
43.1081490457 3.45312749774e-08
43.1384428961 3.45242326716e-08
43.1687367464 3.45173074823e-08
43.1990305968 3.45110702189e-08
43.2293244471 3.45032382598e-08
43.2596182975 3.449690024e-08
43.2899121478 3.4490259906e-08
43.3202059982 3.44827815834e-08
43.3504998485 3.447649412e-08
43.3807936989 3.44701784504e-08
43.4110875492 3.44632265026e-08
43.4413813996 3.44566813333e-08
43.4716752499 3.44489682098e-08
43.5019691003 3.44437333798e-08
43.5322629506 3.44367333346e-08
43.562556801 3.44300244128e-08
43.5928506513 3.44234348714e-08
43.6231445017 3.44174727886e-08
43.653438352 3.4410821668e-08
43.6837322024 3.44041617429e-08
43.7140260527 3.43982605953e-08
43.7443199031 3.43916110467e-08
43.7746137534 3.4385814834e-08
43.8049076038 3.43786983317e-08
43.8352014541 3.43725613617e-08
43.8654953045 3.43665996751e-08
43.8957891548 3.4360290629e-08
43.9260830051 3.43545052252e-08
43.9563768555 3.43482494192e-08
43.9866707058 3.43420934739e-08
44.0169645562 3.43365061464e-08
44.0472584065 3.43303540862e-08
44.0775522569 3.4324398754e-08
44.1078461072 3.4318483081e-08
44.1381399576 3.43125760588e-08
44.1684338079 3.4306462369e-08
44.1987276583 3.43006461769e-08
44.2290215086 3.42948684974e-08
44.259315359 3.42891791941e-08
44.2896092093 3.42833960289e-08
44.3199030597 3.42778313013e-08
44.35019691 3.42721163616e-08
44.3804907604 3.42663363771e-08
44.4107846107 3.42607718819e-08
44.4410784611 3.42551861041e-08
44.4713723114 3.42494336607e-08
44.5016661618 3.42441634806e-08
44.5319600121 3.42385479389e-08
44.5622538625 3.42331215763e-08
44.5925477128 3.42277623321e-08
44.6228415632 3.42222697261e-08
44.6531354135 3.4216912341e-08
44.6834292639 3.42116318936e-08
44.7137231142 3.42063363719e-08
44.7440169646 3.42010897569e-08
44.7743108149 3.41958410768e-08
44.8046046653 3.41906376052e-08
44.8348985156 3.41854515259e-08
44.8651923659 3.4180271814e-08
44.8954862163 3.41752253404e-08
44.9257800666 3.41700932257e-08
44.956073917 3.41651080437e-08
44.9863677673 3.41600492992e-08
45.0166616177 3.41550164122e-08
45.046955468 3.41500632588e-08
45.0772493184 3.41452109169e-08
45.1075431687 3.41402975081e-08
45.1378370191 3.4135423114e-08
45.1681308694 3.41306225769e-08
45.1984247198 3.41258435473e-08
45.2287185701 3.41210573525e-08
45.2590124205 3.41163133445e-08
45.2893062708 3.41116197136e-08
45.3196001212 3.41069349016e-08
45.3498939715 3.41023079125e-08
45.3801878219 3.40977319257e-08
45.4104816722 3.40931521412e-08
45.4407755226 3.40885553289e-08
45.4710693729 3.40840706299e-08
45.5013632233 3.40795875189e-08
45.5316570736 3.40751366967e-08
45.561950924 3.40706962207e-08
45.5922447743 3.40663177932e-08
45.6225386247 3.40619536761e-08
45.652832475 3.4057644262e-08
45.6831263254 3.40533429458e-08
45.7134201757 3.40490620162e-08
45.7437140261 3.40448360695e-08
45.7740078764 3.40406259956e-08
45.8043017267 3.40364504994e-08
45.8345955771 3.40323067017e-08
45.8648894274 3.40281900391e-08
45.8951832778 3.40241079973e-08
45.9254771281 3.40200682041e-08
45.9557709785 3.4016034429e-08
45.9860648288 3.40120516403e-08
46.0163586792 3.40080896787e-08
46.0466525295 3.4004161256e-08
46.0769463799 3.40002606278e-08
46.1072402302 3.39963945549e-08
46.1375340806 3.39925550392e-08
46.1678279309 3.39887488921e-08
46.1981217813 3.39849802492e-08
46.2284156316 3.39812323344e-08
46.258709482 3.39775222224e-08
46.2890033323 3.39738405337e-08
46.3192971827 3.39701874275e-08
46.349591033 3.39665633266e-08
46.3798848834 3.39629682038e-08
46.4101787337 3.39594095987e-08
46.4404725841 3.39558810246e-08
46.4707664344 3.39523813451e-08
46.5010602848 3.39489125578e-08
46.5313541351 3.39454743957e-08
46.5616479855 3.39420636643e-08
46.5919418358 3.39386881726e-08
46.6222356862 3.39353403232e-08
46.6525295365 3.3932023652e-08
46.6828233869 3.39287366228e-08
46.7131172372 3.39254808728e-08
46.7434110875 3.39222543287e-08
46.7737049379 3.39190598271e-08
46.8039987882 3.39158943842e-08
46.8342926386 3.39127596692e-08
46.8645864889 3.39096562554e-08
46.8948803393 3.39065812386e-08
46.9251741896 3.39035378931e-08
46.95546804 3.39005236488e-08
46.9857618903 3.38975407901e-08
47.0160557407 3.38945867818e-08
47.046349591 3.38916652097e-08
47.0766434414 3.38887725924e-08
47.1069372917 3.38859099058e-08
47.1372311421 3.3883078504e-08
47.1675249924 3.38802759876e-08
47.1978188428 3.38775051299e-08
47.2281126931 3.38747627925e-08
47.2584065435 3.38720515848e-08
47.2887003938 3.38693701461e-08
47.3189942442 3.38667190613e-08
47.3492880945 3.38640981759e-08
47.3795819449 3.38615071847e-08
47.4098757952 3.38589462928e-08
47.4401696456 3.3856415635e-08
47.4704634959 3.38539151024e-08
47.5007573463 3.38514445478e-08
47.5310511966 3.38490039578e-08
47.561345047 3.38465935436e-08
47.5916388973 3.38442131518e-08
47.6219327477 3.38418627186e-08
47.652226598 3.38395423779e-08
47.6825204483 3.38372519646e-08
47.7128142987 3.38349915942e-08
47.743108149 3.38327611879e-08
47.7734019994 3.38305607541e-08
47.8036958497 3.38283902575e-08
47.8339897001 3.38262497202e-08
47.8642835504 3.38241391895e-08
47.8945774008 3.38220585496e-08
47.9248712511 3.38200078472e-08
47.9551651015 3.38179870582e-08
47.9854589518 3.38159961757e-08
48.0157528022 3.38140352099e-08
48.0460466525 3.38121041258e-08
48.0763405029 3.38102029449e-08
48.1066343532 3.38083316267e-08
48.1369282036 3.38064901722e-08
48.1672220539 3.38046785844e-08
48.1975159043 3.38028968587e-08
48.2278097546 3.38011449632e-08
48.258103605 3.3799422913e-08
48.2883974553 3.37977306945e-08
48.3186913057 3.37960682953e-08
48.348985156 3.37944357136e-08
48.3792790064 3.3792832939e-08
48.4095728567 3.37912599691e-08
48.4398667071 3.37897167925e-08
48.4701605574 3.37882034042e-08
48.5004544078 3.37867197982e-08
48.5307482581 3.37852659665e-08
48.5610421085 3.37838419053e-08
48.5913359588 3.3782447606e-08
48.6216298091 3.37810830641e-08
48.6519236595 3.37797482731e-08
48.6822175098 3.37784432276e-08
48.7125113602 3.3777167922e-08
48.7428052105 3.37759223505e-08
48.7730990609 3.37747065078e-08
48.8033929112 3.37735203889e-08
48.8336867616 3.37723639886e-08
48.8639806119 3.37712373016e-08
48.8942744623 3.37701403234e-08
48.9245683126 3.37690730492e-08
48.954862163 3.37680354744e-08
48.9851560133 3.37670275943e-08
49.0154498637 3.37660494049e-08
49.045743714 3.37651009018e-08
49.0760375644 3.37641820809e-08
49.1063314147 3.37632929384e-08
49.1366252651 3.37624334702e-08
49.1669191154 3.37616036729e-08
49.1972129658 3.37608035427e-08
49.2275068161 3.37600330763e-08
49.2578006665 3.37592922703e-08
49.2880945168 3.37585811215e-08
49.3183883672 3.37578996269e-08
49.3486822175 3.37572477836e-08
49.3789760679 3.37566255886e-08
49.4092699182 3.37560330395e-08
49.4395637686 3.37554701335e-08
49.4698576189 3.37549368683e-08
49.5001514693 3.37544332416e-08
49.5304453196 3.37539592513e-08
49.5607391699 3.37535148951e-08
49.5910330203 3.37531001714e-08
49.6213268706 3.37527150782e-08
49.651620721 3.3752359614e-08
49.6819145713 3.37520337772e-08
49.7122084217 3.37517375663e-08
49.742502272 3.37514709802e-08
49.7727961224 3.37512340176e-08
49.8030899727 3.37510266777e-08
49.8333838231 3.37508489592e-08
49.8636776734 3.37507008618e-08
49.8939715238 3.37505823847e-08
49.9242653741 3.37504935272e-08
49.9545592245 3.37504342891e-08
49.9848530748 3.37504046701e-08
