0.0 0.000145631545873
0.0302938503484 0.00032653077073
0.0605877006968 0.000140117635676
0.0908815510451 0.00010755658131
0.121175401394 0.000126799993068
0.151469251742 7.64351754753e-05
0.18176310209 8.72589267421e-05
0.212056952439 6.02839894011e-05
0.242350802787 8.73414116464e-05
0.272644653135 2.69777610097e-05
0.302938503484 7.87521805848e-05
0.333232353832 2.9892970142e-05
0.363526204181 0.000174066127917
0.393820054529 7.89195101081e-05
0.424113904877 0.000169761467207
0.454407755226 0.000177183370249
0.484701605574 0.000173956088738
0.514995455922 0.00025872093544
0.545289306271 0.00016605208019
0.575583156619 0.000139473037682
0.605877006968 0.000142457556479
0.636170857316 0.000196724445897
0.666464707664 7.7730354903e-05
0.696758558013 3.02274589256e-05
0.727052408361 0.000135611031271
0.757346258709 5.36210033186e-05
0.787640109058 7.67782168045e-05
0.817933959406 9.9515046879e-05
0.848227809755 9.48333810647e-05
0.878521660103 8.25156744843e-05
0.908815510451 3.85546202806e-05
0.9391093608 7.05016786138e-05
0.969403211148 5.43618546133e-05
0.999697061497 8.74987287419e-05
1.02999091184 7.66573677986e-05
1.06028476219 9.83550868007e-05
1.09057861254 0.000126395918781
1.12087246289 0.000103614929771
1.15116631324 8.37991969752e-05
1.18146016359 9.84985301347e-05
1.21175401394 7.89085640954e-05
1.24204786428 7.32462751914e-05
1.27234171463 8.33743093284e-05
1.30263556498 3.51165377354e-05
1.33292941533 5.42069616089e-05
1.36322326568 5.59428916759e-05
1.39351711603 4.46703291002e-05
1.42381096637 2.79728872462e-05
1.45410481672 3.95387389051e-05
1.48439866707 4.24987737069e-05
1.51469251742 2.1866822453e-05
1.54498636777 3.73447373394e-05
1.57528021812 2.1252566243e-05
1.60557406846 2.14714575162e-05
1.63586791881 1.21461752475e-05
1.66616176916 2.94589336725e-05
1.69645561951 2.50269327727e-05
1.72674946986 2.55035161852e-05
1.75704332021 3.89066742772e-05
1.78733717055 3.43687805045e-05
1.8176310209 3.78183780536e-05
1.84792487125 5.96694104987e-06
1.8782187216 4.54827912127e-05
1.90851257195 5.32075085141e-05
1.9388064223 7.44609858223e-05
1.96910027264 3.6552467419e-05
1.99939412299 5.37173685109e-05
2.02968797334 5.53512909219e-05
2.05998182369 1.79540055154e-05
2.09027567404 2.12872002997e-05
2.12056952439 1.66798820514e-05
2.15086337473 2.28336673277e-05
2.18115722508 2.67454652885e-05
2.21145107543 4.38473057108e-05
2.24174492578 6.09410666746e-05
2.27203877613 2.57468213528e-05
2.30233262648 4.91085473012e-05
2.33262647683 2.65453341902e-05
2.36292032717 3.88051101416e-05
2.39321417752 3.66054242223e-05
2.42350802787 1.82565866679e-05
2.45380187822 5.13185726773e-06
2.48409572857 3.01810155679e-05
2.51438957892 6.16698814658e-05
2.54468342926 2.70463052751e-05
2.57497727961 1.18446561957e-05
2.60527112996 6.05792856919e-06
2.63556498031 8.55618657275e-06
2.66585883066 2.32042385075e-05
2.69615268101 1.61333659461e-05
2.72644653135 2.14207531951e-05
2.7567403817 2.23262445929e-05
2.78703423205 6.56360462459e-06
2.8173280824 1.32781157612e-05
2.84762193275 2.82850179518e-05
2.8779157831 2.65925490776e-05
2.90820963344 3.70478481207e-05
2.93850348379 1.96550301862e-05
2.96879733414 2.50173605542e-05
2.99909118449 7.66685722642e-06
3.02938503484 1.38017806346e-05
3.05967888519 1.43663330045e-05
3.08997273553 1.79478821358e-05
3.12026658588 1.27347316315e-05
3.15056043623 5.53102091615e-06
3.18085428658 1.37324119744e-05
3.21114813693 7.36156543541e-06
3.24144198728 1.28440291156e-05
3.27173583762 2.05242359902e-05
3.30202968797 2.19630800184e-05
3.33232353832 4.46472583983e-06
3.36261738867 1.62091480107e-05
3.39291123902 1.26496412075e-05
3.42320508937 2.88006915196e-06
3.45349893972 6.31759755477e-06
3.48379279006 1.07586298785e-05
3.51408664041 5.87462767155e-06
3.54438049076 8.98516667678e-06
3.57467434111 1.74137475718e-05
3.60496819146 6.46333736399e-06
3.63526204181 1.48496827306e-05
3.66555589215 1.60781049168e-05
3.6958497425 2.18380156933e-05
3.72614359285 8.15064374042e-06
3.7564374432 1.72398078874e-05
3.78673129355 6.56565635176e-06
3.8170251439 8.73687668419e-06
3.84731899424 1.28360105223e-05
3.87761284459 2.04791799903e-05
3.90790669494 1.30380873179e-05
3.93820054529 6.1244793977e-06
3.96849439564 1.89630407059e-05
3.99878824599 6.81186576934e-06
4.02908209633 1.06038415589e-05
4.05937594668 1.68294832643e-06
4.08966979703 1.9099098398e-05
4.11996364738 6.44597855395e-06
4.15025749773 1.45806789231e-05
4.18055134808 8.47388291546e-06
4.21084519842 6.87578091011e-06
4.24113904877 1.7704543286e-05
4.27143289912 1.56364597281e-05
4.30172674947 6.98762644716e-06
4.33202059982 1.22103354772e-05
4.36231445017 1.92397465672e-05
4.39260830051 1.1934370573e-05
4.42290215086 1.53152198559e-05
4.45319600121 1.24867137154e-05
4.48348985156 6.98266396784e-06
4.51378370191 1.07839703053e-05
4.54407755226 1.72398159718e-05
4.57437140261 1.57511827759e-05
4.60466525295 9.8146246264e-06
4.6349591033 1.03364182405e-05
4.66525295365 6.02280437185e-07
4.695546804 9.60570671822e-06
4.72584065435 6.64059724609e-06
4.7561345047 7.4956851118e-06
4.78642835504 1.15204669983e-05
4.81672220539 2.98851187659e-06
4.84701605574 5.26151270665e-07
4.87730990609 4.09799681252e-06
4.90760375644 4.51152980264e-06
4.93789760679 3.84357492005e-06
4.96819145713 5.80005020922e-06
4.99848530748 1.254363674e-05
5.02877915783 6.24243887613e-06
5.05907300818 9.96670119314e-06
5.08936685853 5.86481073146e-06
5.11966070888 9.89314919998e-06
5.14995455922 4.21058080731e-06
5.18024840957 5.72610065852e-06
5.21054225992 5.71061344888e-06
5.24083611027 5.09359797932e-06
5.27112996062 6.67583506335e-06
5.30142381097 5.10043857765e-06
5.33171766131 4.95439352913e-06
5.36201151166 6.37746463934e-06
5.39230536201 5.6270716633e-06
5.42259921236 1.34602302695e-06
5.45289306271 5.00895273771e-06
5.48318691306 4.64000093004e-06
5.51348076341 4.551013786e-06
5.54377461375 7.24957749181e-06
5.5740684641 6.34897544272e-06
5.60436231445 6.62341784698e-06
5.6346561648 1.58024818009e-06
5.66495001515 1.73383590845e-06
5.6952438655 2.45759748877e-06
5.72553771584 1.13596057614e-06
5.75583156619 1.40338224796e-06
5.78612541654 5.51003961342e-06
5.81641926689 1.26034843308e-06
5.84671311724 3.18965176406e-06
5.87700696759 2.49668809514e-06
5.90730081793 2.03029878567e-06
5.93759466828 7.76869709892e-06
5.96788851863 2.1081356496e-06
5.99818236898 6.15670132196e-07
6.02847621933 6.13999083267e-06
6.05877006968 3.47035676985e-06
6.08906392002 1.29305132553e-06
6.11935777037 4.88640738761e-06
6.14965162072 2.46196353217e-06
6.17994547107 4.58447113638e-06
6.21023932142 4.83297371829e-06
6.24053317177 4.56482142569e-06
6.27082702211 6.23543301674e-06
6.30112087246 4.55226707884e-06
6.33141472281 3.47665666595e-06
6.36170857316 7.4824894474e-06
6.39200242351 7.14889941903e-06
6.42229627386 2.17209586544e-06
6.4525901242 1.07975331742e-06
6.48288397455 4.67735466769e-06
6.5131778249 3.24514446874e-06
6.54347167525 1.95567419947e-06
6.5737655256 1.79091807713e-06
6.60405937595 2.46866929813e-06
6.6343532263 4.03152340789e-06
6.66464707664 4.53232377681e-06
6.69494092699 4.44188123442e-06
6.72523477734 9.46769543742e-07
6.75552862769 4.72482525051e-06
6.78582247804 3.55667583112e-06
6.81611632839 3.93845042437e-06
6.84641017873 8.0495875181e-06
6.87670402908 5.64409609958e-06
6.90699787943 4.22385955383e-06
6.93729172978 4.39955447117e-06
6.96758558013 5.97562023804e-06
6.99787943048 2.79557723102e-06
7.02817328082 4.15006717217e-06
7.05846713117 2.11261887694e-06
7.08876098152 2.30080055246e-06
7.11905483187 4.28779032539e-06
7.14934868222 2.73283524669e-06
7.17964253257 2.36453020509e-06
7.20993638291 3.29582923377e-06
7.24023023326 8.41567444919e-07
7.27052408361 2.61123039548e-06
7.30081793396 4.39289108643e-06
7.33111178431 1.200890461e-06
7.36140563466 9.659633143e-07
7.391699485 3.59717692843e-06
7.42199333535 5.64549375984e-06
7.4522871857 2.12608629504e-06
7.48258103605 4.82180510583e-06
7.5128748864 7.55395595981e-06
7.54316873675 4.90544638469e-06
7.57346258709 2.23762653717e-06
7.60375643744 1.55192678497e-06
7.63405028779 2.60644475267e-06
7.66434413814 9.09093114514e-07
7.69463798849 2.134740811e-06
7.72493183884 3.24773184867e-06
7.75522568919 2.79874869505e-06
7.78551953953 5.02160887328e-06
7.81581338988 4.26543357397e-06
7.84610724023 1.61773887725e-06
7.87640109058 1.3849455579e-06
7.90669494093 4.35255667607e-06
7.93698879128 5.66669268936e-06
7.96728264162 6.63577486708e-06
7.99757649197 5.6267460025e-06
8.02787034232 5.65861103115e-06
8.05816419267 3.79737720012e-06
8.08845804302 3.57460510647e-06
8.11875189337 1.91944653352e-06
8.14904574371 2.68930380869e-06
8.17933959406 2.58355666861e-06
8.20963344441 1.7497372899e-06
8.23992729476 1.74033154477e-06
8.27022114511 1.74717763236e-06
8.30051499546 2.16118637447e-06
8.3308088458 2.42893718062e-06
8.36110269615 3.10227204098e-06
8.3913965465 4.54554809502e-06
8.42169039685 4.38354538212e-06
8.4519842472 4.49938640951e-06
8.48227809755 3.68376018022e-06
8.51257194789 4.57911981364e-06
8.54286579824 3.48133938416e-06
8.57315964859 2.31550359606e-06
8.60345349894 4.20280177496e-06
8.63374734929 2.41536306825e-06
8.66404119964 1.92373276602e-06
8.69433504998 2.20361645021e-06
8.72462890033 1.38510878763e-06
8.75492275068 4.33088792408e-07
8.78521660103 1.49165112737e-06
8.81551045138 3.06570828592e-06
8.84580430173 1.21893480115e-06
8.87609815208 8.43752027236e-07
8.90639200242 1.87164962017e-06
8.93668585277 8.10920732286e-07
8.96697970312 1.50041603811e-06
8.99727355347 1.557354182e-06
9.02756740382 6.12889600893e-07
9.05786125417 1.00816640997e-06
9.08815510451 2.42543288089e-06
9.11844895486 2.13222397543e-06
9.14874280521 8.32561357926e-07
9.17903665556 5.45086412565e-07
9.20933050591 3.37652652061e-07
9.23962435626 9.23646153467e-07
9.2699182066 5.48577235966e-07
9.30021205695 1.78646706018e-06
9.3305059073 1.9574891547e-06
9.36079975765 1.00067823352e-06
9.391093608 1.47887454499e-06
9.42138745835 1.35805357872e-06
9.45168130869 9.80599095285e-07
9.48197515904 9.9671399171e-07
9.51226900939 7.15691085512e-07
9.54256285974 2.11993617267e-06
9.57285671009 1.36348405183e-06
9.60315056044 5.8859648216e-07
9.63344441078 1.11443402029e-06
9.66373826113 1.36280447714e-06
9.69403211148 1.2965929496e-06
9.72432596183 8.26520279244e-07
9.75461981218 1.17645460143e-06
9.78491366253 6.12649032311e-07
9.81520751287 4.43501511712e-07
9.84550136322 9.21786641666e-07
9.87579521357 9.8025294749e-07
9.90608906392 6.17275893169e-07
9.93638291427 9.59328639139e-07
9.96667676462 1.16600326201e-06
9.99697061497 8.45050244251e-07
10.0272644653 1.04093032408e-06
10.0575583157 2.13721662357e-07
10.087852166 8.69230340809e-07
10.1181460164 9.51492694288e-07
10.1484398667 1.1443882009e-06
10.1787337171 1.29484126016e-06
10.2090275674 1.08043377688e-06
10.2393214178 1.36517276761e-06
10.2696152681 1.17132452291e-06
10.2999091184 8.78005248093e-07
10.3302029688 7.43535208331e-07
10.3604968191 4.55554842173e-07
10.3907906695 1.48723056294e-07
10.4210845198 8.15650666866e-07
10.4513783702 6.09324762492e-07
10.4816722205 5.37403034281e-07
10.5119660709 9.28757902523e-07
10.5422599212 1.16028640413e-06
10.5725537716 1.08815963885e-06
10.6028476219 1.85127527433e-06
10.6331414723 2.54179524655e-06
10.6634353226 1.16731169514e-06
10.693729173 9.21047935468e-07
10.7240230233 1.05655972178e-06
10.7543168737 1.31530958202e-06
10.784610724 6.26045049916e-07
10.8149045744 1.87927132343e-06
10.8451984247 1.67767753139e-06
10.8754922751 7.30243484163e-07
10.9057861254 9.96994164448e-07
10.9360799758 1.43234459737e-06
10.9663738261 2.12397714734e-06
10.9966676765 1.38799550595e-06
11.0269615268 2.20530566802e-06
11.0572553772 1.45258877014e-06
11.0875492275 1.07527739329e-06
11.1178430779 5.78329053866e-07
11.1481369282 1.15836032569e-06
11.1784307786 5.07212209954e-07
11.2087246289 3.70976277552e-07
11.2390184792 1.6956222088e-07
11.2693123296 2.78146064245e-07
11.2996061799 5.39337333748e-07
11.3299000303 1.43006324621e-06
11.3601938806 1.66965843515e-06
11.390487731 1.05098573179e-06
11.4207815813 1.25514855566e-06
11.4510754317 1.00001749926e-06
11.481369282 1.86597650814e-07
11.5116631324 5.54179544224e-07
11.5419569827 1.17984312175e-06
11.5722508331 1.58286546928e-06
11.6025446834 1.36428265519e-06
11.6328385338 1.28909586998e-06
11.6631323841 1.21508443703e-06
11.6934262345 1.49057492143e-06
11.7237200848 1.24498473114e-06
11.7540139352 1.80689385702e-06
11.7843077855 1.99771430027e-06
11.8146016359 8.20787183129e-07
11.8448954862 3.07990125494e-07
11.8751893366 6.21068682771e-07
11.9054831869 1.51440233993e-06
11.9357770373 1.19482101937e-06
11.9660708876 1.6299088335e-06
11.996364738 1.42505343332e-06
12.0266585883 1.58218592091e-06
12.0569524387 7.75255594322e-07
12.087246289 4.78872421817e-07
12.1175401394 1.18155825873e-06
12.1478339897 8.63918600565e-07
12.17812784 8.04198189378e-07
12.2084216904 9.44033877672e-07
12.2387155407 2.51901738152e-07
12.2690093911 9.7066887196e-07
12.2993032414 2.69053558456e-07
12.3295970918 3.48712881098e-07
12.3598909421 7.7970518561e-07
12.3901847925 5.88524246687e-07
12.4204786428 1.21496867575e-06
12.4507724932 5.36714091085e-07
12.4810663435 6.62455993243e-07
12.5113601939 8.141714159e-07
12.5416540442 5.29014626027e-07
12.5719478946 5.76544214177e-07
12.6022417449 4.68854130641e-07
12.6325355953 4.8555802758e-07
12.6628294456 3.54577541102e-07
12.693123296 4.45436774354e-07
12.7234171463 2.75533796364e-07
12.7537109967 4.61778402317e-07
12.784004847 1.07656554964e-06
12.8142986974 1.44738720279e-06
12.8445925477 1.2526231996e-06
12.8748863981 7.60373825508e-07
12.9051802484 4.32074389251e-07
12.9354740988 5.94856130761e-07
12.9657679491 7.43721376261e-07
12.9960617995 1.04270784322e-06
13.0263556498 5.58494326278e-07
13.0566495002 5.37721329864e-08
13.0869433505 6.83059050088e-07
13.1172372008 7.08047400654e-07
13.1475310512 5.13625269512e-07
13.1778249015 3.73527458785e-07
13.2081187519 2.19643971629e-07
13.2384126022 2.05638898161e-07
13.2687064526 3.63027348857e-07
13.2990003029 1.34143461728e-07
13.3292941533 8.27001784335e-07
13.3595880036 3.77145445261e-07
13.389881854 2.02845999125e-07
13.4201757043 5.87343425413e-07
13.4504695547 6.01393213142e-07
13.480763405 1.07169239749e-06
13.5110572554 7.30497116281e-07
13.5413511057 4.49929122257e-07
13.5716449561 1.57043410281e-07
13.6019388064 7.85902871991e-07
13.6322326568 1.04062583837e-06
13.6625265071 6.87855416919e-07
13.6928203575 8.68552020597e-07
13.7231142078 3.989035168e-07
13.7534080582 4.48788180602e-07
13.7837019085 5.48734373711e-07
13.8139957589 3.17326012508e-07
13.8442896092 3.86971010345e-07
13.8745834596 6.66965250049e-07
13.9048773099 1.56486279895e-07
13.9351711603 1.82591301446e-07
13.9654650106 3.16701814792e-07
13.995758861 1.00527190244e-06
14.0260527113 8.12968632522e-07
14.0563465616 5.37477106456e-07
14.086640412 6.82380792185e-07
14.1169342623 9.71569645098e-07
14.1472281127 8.71236142686e-07
14.177521963 5.77069539074e-07
14.2078158134 4.46812572633e-07
14.2381096637 7.93940995667e-07
14.2684035141 3.4541860347e-07
14.2986973644 6.87735418489e-07
14.3289912148 1.15596567705e-06
14.3592850651 9.29711891001e-07
14.3895789155 1.02037511193e-06
14.4198727658 5.91497076026e-07
14.4501666162 4.01161601073e-07
14.4804604665 3.86073992306e-07
14.5107543169 2.44090912532e-07
14.5410481672 4.02896870562e-07
14.5713420176 2.8038945727e-07
14.6016358679 1.71341900761e-07
14.6319297183 5.66284167812e-07
14.6622235686 7.11331457481e-07
14.692517419 9.13288019412e-07
14.7228112693 7.74117500437e-07
14.7531051197 5.99190096444e-08
14.78339897 2.47311916768e-07
14.8136928204 1.89005887412e-07
14.8439866707 3.33280418501e-07
14.8742805211 3.23656313658e-07
14.9045743714 2.10449556417e-07
14.9348682218 6.32030313085e-07
14.9651620721 1.03603262618e-06
14.9954559224 4.66987825955e-07
15.0257497728 3.34790540614e-07
15.0560436231 3.15405123993e-07
15.0863374735 8.58618663537e-08
15.1166313238 2.94104646711e-07
15.1469251742 3.54575027547e-07
15.1772190245 4.25621253707e-07
15.2075128749 4.77929767288e-07
15.2378067252 5.71005439656e-07
15.2681005756 6.69356712505e-07
15.2983944259 5.83462446322e-07
15.3286882763 4.38342895855e-07
15.3589821266 3.48313251222e-07
15.389275977 2.83854456297e-07
15.4195698273 3.42847638456e-07
15.4498636777 4.98996808755e-07
15.480157528 7.46790121736e-07
15.5104513784 2.83857674556e-07
15.5407452287 1.47926162382e-07
15.5710390791 3.24416806402e-07
15.6013329294 3.67452410957e-07
15.6316267798 1.63973796227e-07
15.6619206301 5.27231590094e-07
15.6922144805 2.61238044032e-07
15.7225083308 6.15939594741e-07
15.7528021812 5.34470544644e-07
15.7830960315 5.04975404644e-07
15.8133898819 3.50860341853e-07
15.8436837322 2.47379036301e-07
15.8739775826 1.57580094635e-07
15.9042714329 2.59736377657e-07
15.9345652832 7.96958933236e-08
15.9648591336 1.13959780856e-07
15.9951529839 2.85716844615e-07
16.0254468343 2.18264399891e-07
16.0557406846 3.74561793921e-07
16.086034535 8.00564332385e-07
16.1163283853 8.8646344078e-07
16.1466222357 8.31759043364e-07
16.176916086 2.98557827417e-07
16.2072099364 1.35806260789e-07
16.2375037867 1.99550504514e-07
16.2677976371 3.13518615977e-07
16.2980914874 2.71798624752e-07
16.3283853378 3.12934662428e-07
16.3586791881 9.66481712615e-07
16.3889730385 6.35808164259e-07
16.4192668888 7.57595291525e-07
16.4495607392 8.381850182e-07
16.4798545895 8.16875709429e-07
16.5101484399 4.08159380849e-07
16.5404422902 3.89500750612e-07
16.5707361406 3.66511971704e-07
16.6010299909 1.88746400948e-07
16.6313238413 1.26655840275e-07
16.6616176916 1.04256522008e-07
16.691911542 1.986340474e-07
16.7222053923 4.13501291896e-07
16.7524992427 4.31720974688e-07
16.782793093 3.51272214565e-07
16.8130869434 6.8922681899e-08
16.8433807937 2.30235852489e-07
16.873674644 3.39794242258e-07
16.9039684944 3.13222090116e-07
16.9342623447 3.9748203941e-07
16.9645561951 3.38243379647e-07
16.9948500454 4.59027113741e-07
17.0251438958 3.84103687927e-07
17.0554377461 3.52381661318e-07
17.0857315965 3.45174953881e-07
17.1160254468 3.76586408119e-08
17.1463192972 6.6883084002e-08
17.1766131475 2.44929007806e-07
17.2069069979 2.09242329672e-07
17.2372008482 2.73464027672e-07
17.2674946986 2.83445920359e-07
17.2977885489 2.393761185e-07
17.3280823993 2.92690467498e-07
17.3583762496 4.80370431654e-07
17.3886701 3.81848680773e-07
17.4189639503 7.62539484922e-08
17.4492578007 2.59104160206e-08
17.479551651 1.73626501834e-07
17.5098455014 2.10276601082e-07
17.5401393517 3.96616047925e-07
17.5704332021 4.3460054255e-07
17.6007270524 2.34212349373e-07
17.6310209028 3.65594329911e-07
17.6613147531 4.61726929833e-07
17.6916086035 2.38513982175e-07
17.7219024538 1.04386048667e-07
17.7521963042 2.49138065823e-07
17.7824901545 3.65862013186e-07
17.8127840048 2.90638738959e-07
17.8430778552 2.02784133014e-07
17.8733717055 3.00415123761e-07
17.9036655559 3.98437182209e-07
17.9339594062 1.24522844949e-07
17.9642532566 1.40952868899e-07
17.9945471069 2.62949070001e-07
18.0248409573 2.84550055701e-07
18.0551348076 2.52445729785e-07
18.085428658 2.67468197355e-07
18.1157225083 2.78317371304e-07
18.1460163587 2.94188938176e-08
18.176310209 5.82659051174e-08
18.2066040594 6.99062960025e-08
18.2368979097 2.59987128969e-07
18.2671917601 2.17319477005e-07
18.2974856104 9.62491438864e-08
18.3277794608 1.88050858997e-07
18.3580733111 2.59754382549e-07
18.3883671615 2.64881571864e-07
18.4186610118 2.84135685034e-07
18.4489548622 1.16615720557e-07
18.4792487125 2.71742301069e-07
18.5095425629 7.26243735161e-08
18.5398364132 1.12408570991e-07
18.5701302636 1.29375161382e-07
18.6004241139 2.49536774218e-07
18.6307179643 1.91122004027e-07
18.6610118146 3.90921451215e-07
18.691305665 5.22402713811e-07
18.7215995153 2.31424992834e-07
18.7518933656 7.56655753698e-08
18.782187216 3.4831340271e-08
18.8124810663 1.80196446457e-07
18.8427749167 5.04777754634e-07
18.873068767 2.8062140124e-07
18.9033626174 1.88467468199e-07
18.9336564677 2.26002504424e-07
18.9639503181 1.35554925589e-07
18.9942441684 8.08829272438e-08
19.0245380188 8.93439703414e-08
19.0548318691 1.2583059227e-07
19.0851257195 6.69343394301e-08
19.1154195698 1.90450518702e-07
19.1457134202 1.2809483866e-07
19.1760072705 1.02259085008e-07
19.2063011209 2.11345358892e-07
19.2365949712 4.44241886422e-08
19.2668888216 2.62627018849e-07
19.2971826719 5.2327642918e-08
19.3274765223 2.28790909767e-07
19.3577703726 5.58136867468e-07
19.388064223 1.99724500389e-07
19.4183580733 2.62221002157e-07
19.4486519237 3.35453524165e-07
19.478945774 3.09710366207e-07
19.5092396244 1.20795310761e-07
19.5395334747 1.71310865803e-07
19.5698273251 2.25116938825e-07
19.6001211754 1.1645235741e-07
19.6304150257 1.57490722244e-07
19.6607088761 1.05141315055e-07
19.6910027264 2.36833597322e-07
19.7212965768 1.8634009907e-07
19.7515904271 1.32199360009e-07
19.7818842775 6.34565958583e-08
19.8121781278 9.66650274756e-08
19.8424719782 1.55943180547e-07
19.8727658285 1.32495080646e-07
19.9030596789 7.33983669269e-08
19.9333535292 2.58151389309e-07
19.9636473796 3.21634426208e-07
19.9939412299 1.42202545788e-07
20.0242350803 5.22817410613e-08
20.0545289306 1.52122501419e-07
20.084822781 2.96395113861e-07
20.1151166313 1.60387152999e-07
20.1454104817 1.46433881515e-07
20.175704332 2.2066872897e-07
20.2059981824 1.69940260879e-07
20.2362920327 1.59603002696e-07
20.2665858831 2.65307021635e-07
20.2968797334 1.64973389717e-07
20.3271735838 3.59752601453e-07
20.3574674341 2.69332128036e-07
20.3877612845 1.42938700861e-07
20.4180551348 2.55914200706e-07
20.4483489852 2.30117347037e-07
20.4786428355 2.13868184156e-07
20.5089366859 1.19765251947e-07
20.5392305362 3.70011754172e-08
20.5695243865 1.20723022118e-07
20.5998182369 1.96086576048e-07
20.6301120872 2.23772769269e-07
20.6604059376 1.89046784555e-07
20.6906997879 6.75911447806e-08
20.7209936383 7.95093273969e-08
20.7512874886 2.17570752732e-07
20.781581339 6.92695997613e-08
20.8118751893 1.1009310868e-07
20.8421690397 9.53960449687e-08
20.87246289 2.15522549315e-07
20.9027567404 1.1918928533e-07
20.9330505907 5.67630671249e-08
20.9633444411 5.85453490233e-08
20.9936382914 2.05240601446e-07
21.0239321418 8.86322828709e-08
21.0542259921 5.47834237998e-08
21.0845198425 7.50015347702e-08
21.1148136928 1.29266606107e-07
21.1451075432 8.94054642652e-08
21.1754013935 1.68056667138e-07
21.2056952439 2.02188135852e-07
21.2359890942 1.79302963839e-07
21.2662829446 1.11372305212e-07
21.2965767949 1.32736137666e-07
21.3268706453 9.25313101137e-08
21.3571644956 1.44214341381e-07
21.387458346 1.35906606603e-07
21.4177521963 1.62318042705e-07
21.4480460467 5.84611727946e-08
21.478339897 3.69217750389e-08
21.5086337473 8.43148039544e-08
21.5389275977 4.95118804485e-08
21.569221448 1.30976231895e-07
21.5995152984 1.0705926806e-07
21.6298091487 7.19263553834e-08
21.6601029991 1.87122169636e-07
21.6903968494 1.58387618918e-07
21.7206906998 1.05142005464e-07
21.7509845501 3.16563899011e-09
21.7812784005 9.58959292496e-08
21.8115722508 9.24039699894e-09
21.8418661012 1.54203428519e-08
21.8721599515 9.54570124212e-08
21.9024538019 4.45933565999e-08
21.9327476522 2.04515772649e-07
21.9630415026 2.39045896625e-07
21.9933353529 1.5624335657e-07
22.0236292033 3.76235290728e-08
22.0539230536 5.17221528507e-08
22.084216904 1.36281778815e-07
22.1145107543 3.17891331368e-08
22.1448046047 9.11426746622e-08
22.175098455 1.32567354233e-07
22.2053923054 1.14658523972e-07
22.2356861557 6.8758262711e-08
22.2659800061 6.40685533314e-08
22.2962738564 3.13072434026e-08
22.3265677068 3.97111797923e-08
22.3568615571 1.21207729909e-07
22.3871554075 1.50244804308e-07
22.4174492578 1.18289491788e-07
22.4477431081 1.7127887089e-07
22.4780369585 1.19164214225e-07
22.5083308088 9.20771128167e-08
22.5386246592 1.40237873576e-07
22.5689185095 1.08292720578e-07
22.5992123599 1.3112517333e-07
22.6295062102 7.35044579133e-08
22.6598000606 5.20947772433e-08
22.6900939109 6.49279194296e-08
22.7203877613 9.46483412426e-08
22.7506816116 7.69324970006e-08
22.780975462 2.64056270647e-08
22.8112693123 1.08643556351e-07
22.8415631627 1.47478144546e-07
22.871857013 9.16298649343e-08
22.9021508634 9.75902591484e-08
22.9324447137 8.08932204851e-08
22.9627385641 9.51940464295e-08
22.9930324144 9.83645380346e-08
23.0233262648 2.9270192035e-08
23.0536201151 7.48547298952e-08
23.0839139655 9.39640580191e-08
23.1142078158 1.04076352314e-07
23.1445016662 7.97101779057e-08
23.1747955165 4.01457389116e-08
23.2050893669 3.06846929478e-08
23.2353832172 1.06299182669e-07
23.2656770676 1.26491494703e-07
23.2959709179 1.06859224872e-07
23.3262647683 7.66745414313e-08
23.3565586186 2.34897060255e-08
23.3868524689 8.65663441523e-08
23.4171463193 6.76816373209e-08
23.4474401696 1.18187873465e-07
23.47773402 7.33421184021e-08
23.5080278703 9.22429394304e-08
23.5383217207 3.41729773571e-08
23.568615571 4.03678487758e-08
23.5989094214 7.24602560545e-08
23.6292032717 9.5365417037e-08
23.6594971221 1.41362528649e-08
23.6897909724 8.83591476683e-08
23.7200848228 1.36403418727e-08
23.7503786731 3.37668380151e-08
23.7806725235 9.57996265095e-08
23.8109663738 1.32035030663e-07
23.8412602242 6.80410540543e-08
23.8715540745 6.30268426679e-08
23.9018479249 3.64263553303e-08
23.9321417752 4.02872132178e-08
23.9624356256 7.02391832148e-08
23.9927294759 7.81961852418e-08
24.0230233263 3.86303932336e-08
24.0533171766 7.23000066893e-08
24.083611027 8.04620469502e-08
24.1139048773 9.25827911988e-08
24.1441987277 5.23680142807e-08
24.174492578 1.20492777486e-08
24.2047864284 7.48282195867e-08
24.2350802787 4.857514116e-08
24.2653741291 4.76817651952e-08
24.2956679794 4.74763170233e-08
24.3259618297 3.58549335914e-08
24.3562556801 9.63270947925e-08
24.3865495304 9.24278446092e-08
24.4168433808 4.90627531991e-08
24.4471372311 5.94781352391e-08
24.4774310815 4.02645361802e-08
24.5077249318 8.61394687427e-08
24.5380187822 3.60034191689e-08
24.5683126325 6.52014311516e-08
24.5986064829 7.45617367896e-08
24.6289003332 4.15738290358e-08
24.6591941836 2.14648414826e-08
24.6894880339 8.27413266335e-08
24.7197818843 5.45436126605e-08
24.7500757346 5.6388707995e-08
24.780369585 6.73723542059e-08
24.8106634353 6.34839956303e-08
24.8409572857 2.81509085095e-08
24.871251136 4.95115741604e-08
24.9015449864 9.06650197229e-08
24.9318388367 7.33418222166e-08
24.9621326871 6.67130023379e-08
24.9924265374 6.50324258458e-08
25.0227203878 4.60506987163e-08
25.0530142381 5.59962904364e-08
25.0833080885 6.86817748641e-08
25.1136019388 5.89237591767e-08
25.1438957892 4.31529970444e-08
25.1741896395 6.85279836772e-08
25.2044834899 6.6689401914e-08
25.2347773402 5.77346390141e-08
25.2650711905 4.86742793027e-08
25.2953650409 5.05200070038e-08
25.3256588912 5.11963043282e-08
25.3559527416 7.99743349622e-08
25.3862465919 6.25202889485e-08
25.4165404423 5.19611176572e-08
25.4468342926 6.69970474806e-08
25.477128143 6.79743032349e-08
25.5074219933 3.06368146482e-08
25.5377158437 3.77749878419e-08
25.568009694 6.56598503934e-08
25.5983035444 6.98875785653e-08
25.6285973947 6.20060882994e-08
25.6588912451 4.41311690308e-08
25.6891850954 5.36857320468e-08
25.7194789458 4.33076115153e-08
25.7497727961 4.62363080129e-08
25.7800666465 6.71371390276e-08
25.8103604968 5.72601702383e-08
25.8406543472 7.98745019733e-08
25.8709481975 5.29901998183e-08
25.9012420479 4.513140568e-08
25.9315358982 5.09281256448e-08
25.9618297486 5.31173776169e-08
25.9921235989 5.90731024784e-08
26.0224174493 6.59256619544e-08
26.0527112996 5.67736044346e-08
26.08300515 6.6341436458e-08
26.1132990003 3.3026474512e-08
26.1435928507 4.65222899962e-08
26.173886701 6.83316346219e-08
26.2041805513 5.49567059551e-08
26.2344744017 7.33515326228e-08
26.264768252 3.483705407e-08
26.2950621024 5.062710819e-08
26.3253559527 5.90949704429e-08
26.3556498031 7.68850358854e-08
26.3859436534 5.75636017086e-08
26.4162375038 4.71371146393e-08
26.4465313541 6.1093994652e-08
26.4768252045 5.50433251691e-08
26.5071190548 2.01040586871e-08
26.5374129052 5.66385500475e-08
26.5677067555 5.90178496448e-08
26.5980006059 6.16721572524e-08
26.6282944562 4.99494256426e-08
26.6585883066 5.91333316938e-08
26.6888821569 5.29080627547e-08
26.7191760073 6.85538031521e-08
26.7494698576 3.44693716211e-08
26.779763708 5.22425254196e-08
26.8100575583 5.47372560905e-08
26.8403514087 5.5111200712e-08
26.870645259 5.74083799507e-08
26.9009391094 4.76411166478e-08
26.9312329597 5.92884529604e-08
26.9615268101 5.55518600731e-08
26.9918206604 4.81669718597e-08
27.0221145108 4.91656511426e-08
27.0524083611 6.80852777034e-08
27.0827022115 6.48397273095e-08
27.1129960618 5.33311034792e-08
27.1432899121 5.48004077225e-08
27.1735837625 4.37031965625e-08
27.2038776128 4.86984675598e-08
27.2341714632 6.51892580133e-08
27.2644653135 5.78519325094e-08
27.2947591639 4.26819959771e-08
27.3250530142 5.65655206042e-08
27.3553468646 5.56879860105e-08
27.3856407149 5.11717472011e-08
27.4159345653 4.05659881998e-08
27.4462284156 5.52427022011e-08
27.476522266 5.52252986943e-08
27.5068161163 5.65987065309e-08
27.5371099667 5.06531305473e-08
27.567403817 4.66216989504e-08
27.5976976674 5.62894232918e-08
27.6279915177 5.57675371522e-08
27.6582853681 4.53545526485e-08
27.6885792184 4.90838756747e-08
27.7188730688 5.57165888187e-08
27.7491669191 5.26495585164e-08
27.7794607695 5.4574543982e-08
27.8097546198 5.28114267421e-08
27.8400484702 4.15083138097e-08
27.8703423205 5.28065605851e-08
27.9006361709 4.53951074955e-08
27.9309300212 5.31649799727e-08
27.9612238716 5.67277916867e-08
27.9915177219 4.76324510582e-08
28.0218115723 4.91855441238e-08
28.0521054226 4.47324694716e-08
28.0823992729 5.25852804842e-08
28.1126931233 5.6529041249e-08
28.1429869736 5.68485756561e-08
28.173280824 4.92911529662e-08
28.2035746743 4.95846197102e-08
28.2338685247 4.65451247876e-08
28.264162375 5.68880710617e-08
28.2944562254 5.26107838458e-08
28.3247500757 4.86703138551e-08
28.3550439261 4.6836458794e-08
28.3853377764 5.31294256198e-08
28.4156316268 5.23713126067e-08
28.4459254771 5.38444837663e-08
28.4762193275 5.0066685028e-08
28.5065131778 4.48038813794e-08
28.5368070282 5.08075457926e-08
28.5671008785 4.32921751714e-08
28.5973947289 4.79415334847e-08
28.6276885792 5.85812394008e-08
28.6579824296 5.0173984478e-08
28.6882762799 4.82986522338e-08
28.7185701303 5.38173250459e-08
28.7488639806 4.95486900124e-08
28.779157831 4.73083974132e-08
28.8094516813 5.09897474737e-08
28.8397455317 5.56862720288e-08
28.870039382 4.40558992185e-08
28.9003332324 5.45655612931e-08
28.9306270827 5.03725987761e-08
28.9609209331 4.70019747301e-08
28.9912147834 5.35720386805e-08
29.0215086337 4.96562635593e-08
29.0518024841 4.71828746386e-08
29.0820963344 4.78055845639e-08
29.1123901848 5.02269761559e-08
29.1426840351 5.18220635781e-08
29.1729778855 4.60695272984e-08
29.2032717358 4.56264054829e-08
29.2335655862 4.4660057241e-08
29.2638594365 5.24475108393e-08
29.2941532869 5.10931946266e-08
29.3244471372 5.04612924073e-08
29.3547409876 4.79124322925e-08
29.3850348379 4.45299480177e-08
29.4153286883 5.08312028942e-08
29.4456225386 4.67871674042e-08
29.475916389 5.30069855893e-08
29.5062102393 5.35143448742e-08
29.5365040897 4.38656071645e-08
29.56679794 4.74615743659e-08
29.5970917904 4.73719375066e-08
29.6273856407 5.08275805881e-08
29.6576794911 5.19252602191e-08
29.6879733414 4.95521299031e-08
29.7182671918 4.72325391289e-08
29.7485610421 4.88637512366e-08
29.7788548925 4.85772310708e-08
29.8091487428 4.57891514327e-08
29.8394425932 5.09957622794e-08
29.8697364435 5.13383651823e-08
29.9000302939 4.56332384875e-08
29.9303241442 4.46905188254e-08
29.9606179945 4.81074427853e-08
29.9909118449 4.86427528731e-08
30.0212056952 4.86131256163e-08
30.0514995456 5.40699875835e-08
30.0817933959 4.67742475217e-08
30.1120872463 4.90847338321e-08
30.1423810966 4.66380477351e-08
30.172674947 4.57788203446e-08
30.2029687973 4.73805062982e-08
30.2332626477 5.08196817213e-08
30.263556498 5.08693539705e-08
30.2938503484 4.76693010396e-08
30.3241441987 5.10904653463e-08
30.3544380491 4.68316357111e-08
30.3847318994 4.75888140688e-08
30.4150257498 4.65389456788e-08
30.4453196001 4.85096998793e-08
30.4756134505 4.84867116362e-08
30.5059073008 5.07656157347e-08
30.5362011512 4.74582181158e-08
30.5664950015 4.66961113075e-08
30.5967888519 5.08821520965e-08
30.6270827022 5.11581630944e-08
30.6573765526 4.76289578906e-08
30.6876704029 4.7992140883e-08
30.7179642533 4.92433412705e-08
30.7482581036 4.79944550092e-08
30.778551954 4.70879377191e-08
30.8088458043 4.82028275922e-08
30.8391396547 5.18208835456e-08
30.869433505 4.6724585127e-08
30.8997273553 4.6624590458e-08
30.9300212057 4.90537636146e-08
30.960315056 4.77506433548e-08
30.9906089064 4.74994598691e-08
31.0209027567 4.86610646448e-08
31.0511966071 4.67398992256e-08
31.0814904574 4.8640968517e-08
31.1117843078 4.65670120837e-08
31.1420781581 4.8111033995e-08
31.1723720085 4.76979339534e-08
31.2026658588 4.66854260561e-08
31.2329597092 4.94347482962e-08
31.2632535595 4.65680499112e-08
31.2935474099 4.71293867282e-08
31.3238412602 4.75782547745e-08
31.3541351106 4.96302716213e-08
31.3844289609 4.67495595431e-08
31.4147228113 4.7308933516e-08
31.4450166616 4.78171543039e-08
31.475310512 4.83534059854e-08
31.5056043623 4.75193370193e-08
31.5358982127 4.59268182988e-08
31.566192063 4.69295899223e-08
31.5964859134 4.67234614026e-08
31.6267797637 4.7017265628e-08
31.6570736141 4.7437781281e-08
31.6873674644 4.70303512715e-08
31.7176613148 4.79965499736e-08
31.7479551651 4.72260956993e-08
31.7782490154 4.8675425097e-08
31.8085428658 4.84012577658e-08
31.8388367161 4.52188397213e-08
31.8691305665 4.60452396712e-08
31.8994244168 4.73254000003e-08
31.9297182672 4.80485144615e-08
31.9600121175 4.65513606608e-08
31.9903059679 4.51133363163e-08
32.0205998182 4.68157945507e-08
32.0508936686 4.73891503624e-08
32.0811875189 4.71043736299e-08
32.1114813693 4.76886385318e-08
32.1417752196 4.66255491428e-08
32.17206907 4.70310986576e-08
32.2023629203 4.75854510523e-08
32.2326567707 4.8038434407e-08
32.262950621 4.50470334999e-08
32.2932444714 4.71837557855e-08
32.3235383217 4.75434445857e-08
32.3538321721 4.64648001721e-08
32.3841260224 4.78146466467e-08
32.4144198728 4.85744898392e-08
32.4447137231 4.67434547581e-08
32.4750075735 4.6208202132e-08
32.5053014238 4.57804741325e-08
32.5355952742 4.71911256286e-08
32.5658891245 4.75166460855e-08
32.5961829749 4.50300283904e-08
32.6264768252 4.62371993845e-08
32.6567706756 4.60062519947e-08
32.6870645259 4.73350092381e-08
32.7173583762 4.64201724441e-08
32.7476522266 4.58145331127e-08
32.7779460769 4.67109231559e-08
32.8082399273 4.59251476735e-08
32.8385337776 4.72425492855e-08
32.868827628 4.66374897576e-08
32.8991214783 4.62548914475e-08
32.9294153287 4.73994822395e-08
32.959709179 4.59364294742e-08
32.9900030294 4.58500322278e-08
33.0202968797 4.58816094028e-08
33.0505907301 4.60116651191e-08
33.0808845804 4.67122273202e-08
33.1111784308 4.58250683028e-08
33.1414722811 4.59365029599e-08
33.1717661315 4.50485762665e-08
33.2020599818 4.64512832312e-08
33.2323538322 4.62302272715e-08
33.2626476825 4.68751574663e-08
33.2929415329 4.61325596339e-08
33.3232353832 4.61396104314e-08
33.3535292336 4.65647762736e-08
33.3838230839 4.62058163498e-08
33.4141169343 4.60152562211e-08
33.4444107846 4.5179907778e-08
33.474704635 4.58956514464e-08
33.5049984853 4.50894910793e-08
33.5352923357 4.53992076345e-08
33.565586186 4.56176727889e-08
33.5958800364 4.55470858281e-08
33.6261738867 4.65156748055e-08
33.656467737 4.51569389837e-08
33.6867615874 4.48040452042e-08
33.7170554377 4.54972401883e-08
33.7473492881 4.54248255074e-08
33.7776431384 4.5960759948e-08
33.8079369888 4.60816569481e-08
33.8382308391 4.60728287903e-08
33.8685246895 4.53609784707e-08
33.8988185398 4.57576893405e-08
33.9291123902 4.63952935826e-08
33.9594062405 4.54408727455e-08
33.9897000909 4.46177675773e-08
34.0199939412 4.48281921939e-08
34.0502877916 4.53815818344e-08
34.0805816419 4.5587840686e-08
34.1108754923 4.5610003153e-08
34.1411693426 4.47859575593e-08
34.171463193 4.45198484901e-08
34.2017570433 4.51942892712e-08
34.2320508937 4.6025450784e-08
34.262344744 4.53999709476e-08
34.2926385944 4.51300660242e-08
34.3229324447 4.54632220465e-08
34.3532262951 4.51302232501e-08
34.3835201454 4.50948775993e-08
34.4138139958 4.55587110365e-08
34.4441078461 4.55846452046e-08
34.4744016965 4.56658608456e-08
34.5046955468 4.51118515866e-08
34.5349893972 4.48100391005e-08
34.5652832475 4.50738063247e-08
34.5955770978 4.52591928859e-08
34.6258709482 4.50181413238e-08
34.6561647985 4.49716528885e-08
34.6864586489 4.53290574488e-08
34.7167524992 4.46739620219e-08
34.7470463496 4.51164657935e-08
34.7773401999 4.51331911662e-08
34.8076340503 4.46167599238e-08
34.8379279006 4.47780684276e-08
34.868221751 4.47922640824e-08
34.8985156013 4.52590529587e-08
34.9288094517 4.44459575048e-08
34.959103302 4.46387114848e-08
34.9893971524 4.50420835894e-08
35.0196910027 4.47500345875e-08
35.0499848531 4.46087180336e-08
35.0802787034 4.4813258308e-08
35.1105725538 4.44985874067e-08
35.1408664041 4.4540042382e-08
35.1711602545 4.45069579286e-08
35.2014541048 4.50621679736e-08
35.2317479552 4.46255679583e-08
35.2620418055 4.44598019822e-08
35.2923356559 4.4557656919e-08
35.3226295062 4.50732347055e-08
35.3529233566 4.46821892829e-08
35.3832172069 4.44006997292e-08
35.4135110573 4.48057181401e-08
35.4438049076 4.43621366114e-08
35.474098758 4.442687808e-08
35.5043926083 4.46573430968e-08
35.5346864586 4.42713712434e-08
35.564980309 4.41995333745e-08
35.5952741593 4.4344557785e-08
35.6255680097 4.4593912872e-08
35.65586186 4.42148309146e-08
35.6861557104 4.43250548535e-08
35.7164495607 4.40279419681e-08
35.7467434111 4.4260191782e-08
35.7770372614 4.45438892829e-08
35.8073311118 4.43678577003e-08
35.8376249621 4.41024780276e-08
35.8679188125 4.41350708536e-08
35.8982126628 4.42218991355e-08
35.9285065132 4.4026859135e-08
35.9588003635 4.42473958531e-08
35.9890942139 4.41605441927e-08
36.0193880642 4.44595434441e-08
36.0496819146 4.38063896154e-08
36.0799757649 4.42043590742e-08
36.1102696153 4.43887383784e-08
36.1405634656 4.41042624195e-08
36.170857316 4.37872612761e-08
36.2011511663 4.39698424789e-08
36.2314450167 4.4091287889e-08
36.261738867 4.4029079062e-08
36.2920327174 4.36509039995e-08
36.3223265677 4.38112842213e-08
36.3526204181 4.3895343116e-08
36.3829142684 4.39733568522e-08
36.4132081188 4.37685905041e-08
36.4435019691 4.37010953981e-08
36.4737958194 4.37921599823e-08
36.5040896698 4.40470781996e-08
36.5343835201 4.38019120754e-08
36.5646773705 4.37221655395e-08
36.5949712208 4.36241191611e-08
36.6252650712 4.37197485136e-08
36.6555589215 4.38666068509e-08
36.6858527719 4.38913860679e-08
36.7161466222 4.36922577028e-08
36.7464404726 4.35353005889e-08
36.7767343229 4.35525165315e-08
36.8070281733 4.37003579028e-08
36.8373220236 4.37654208197e-08
36.867615874 4.37205057761e-08
36.8979097243 4.37576965411e-08
36.9282035747 4.35426104616e-08
36.958497425 4.34023590649e-08
36.9887912754 4.3606587612e-08
37.0190851257 4.35855747748e-08
37.0493789761 4.36092494224e-08
37.0796728264 4.35581080591e-08
37.1099666768 4.33875063843e-08
37.1402605271 4.33652862439e-08
37.1705543775 4.36081271805e-08
37.2008482278 4.33634525198e-08
37.2311420782 4.3304233732e-08
37.2614359285 4.34351678066e-08
37.2917297789 4.34910170996e-08
37.3220236292 4.33626925749e-08
37.3523174796 4.34154133111e-08
37.3826113299 4.33806824083e-08
37.4129051802 4.32308055944e-08
37.4431990306 4.31669549669e-08
37.4734928809 4.32347068215e-08
37.5037867313 4.34198649179e-08
37.5340805816 4.33571763174e-08
37.564374432 4.32584254552e-08
37.5946682823 4.32373751769e-08
37.6249621327 4.30490551914e-08
37.655255983 4.32440304948e-08
37.6855498334 4.3244334576e-08
37.7158436837 4.30562341712e-08
37.7461375341 4.31510853832e-08
37.7764313844 4.30673926099e-08
37.8067252348 4.30393474263e-08
37.8370190851 4.31470079964e-08
37.8673129355 4.2971847853e-08
37.8976067858 4.30575658748e-08
37.9279006362 4.3049142528e-08
37.9581944865 4.31429778037e-08
37.9884883369 4.30285317273e-08
38.0187821872 4.30162729401e-08
38.0490760376 4.29800858844e-08
38.0793698879 4.28329611059e-08
38.1096637383 4.30088457351e-08
38.1399575886 4.30695941992e-08
38.170251439 4.28626201328e-08
38.2005452893 4.28081039258e-08
38.2308391397 4.2942345796e-08
38.26113299 4.29177918689e-08
38.2914268404 4.28522808023e-08
38.3217206907 4.28415488158e-08
38.352014541 4.27801482926e-08
38.3823083914 4.28728116298e-08
38.4126022417 4.27842741336e-08
38.4428960921 4.28051124824e-08
38.4731899424 4.27229240851e-08
38.5034837928 4.27760692018e-08
38.5337776431 4.27779186936e-08
38.5640714935 4.2708233269e-08
38.5943653438 4.26565416776e-08
38.6246591942 4.26941891076e-08
38.6549530445 4.27452680329e-08
38.6852468949 4.25915195319e-08
38.7155407452 4.26266655666e-08
38.7458345956 4.26281435565e-08
38.7761284459 4.25878516837e-08
38.8064222963 4.26079089396e-08
38.8367161466 4.26443952064e-08
38.867009997 4.25479051042e-08
38.8973038473 4.25538618647e-08
38.9275976977 4.2552025899e-08
38.957891548 4.25687988797e-08
38.9881853984 4.25389493448e-08
39.0184792487 4.25401419698e-08
39.0487730991 4.25823281075e-08
39.0790669494 4.24818593403e-08
39.1093607998 4.24929927624e-08
39.1396546501 4.2479244338e-08
39.1699485005 4.24629527265e-08
39.2002423508 4.24374960513e-08
39.2305362012 4.24477147579e-08
39.2608300515 4.23755061901e-08
39.2911239018 4.24023237692e-08
39.3214177522 4.23987324528e-08
39.3517116025 4.23849676589e-08
39.3820054529 4.23168167937e-08
39.4122993032 4.23577260949e-08
39.4425931536 4.23066739483e-08
39.4728870039 4.23427516566e-08
39.5031808543 4.23411583198e-08
39.5334747046 4.22977422344e-08
39.563768555 4.22712046181e-08
39.5940624053 4.22477511342e-08
39.6243562557 4.22222321367e-08
39.654650106 4.22269326024e-08
39.6849439564 4.22419019569e-08
39.7152378067 4.22127537655e-08
39.7455316571 4.21905570618e-08
39.7758255074 4.21530335409e-08
39.8061193578 4.2183604133e-08
39.8364132081 4.2179581058e-08
39.8667070585 4.21479727561e-08
39.8970009088 4.21376560192e-08
39.9272947592 4.2123324889e-08
39.9575886095 4.21302822664e-08
39.9878824599 4.21270342931e-08
40.0181763102 4.21125377151e-08
40.0484701606 4.20678733383e-08
40.0787640109 4.20616557064e-08
40.1090578613 4.2087399489e-08
40.1393517116 4.20391354647e-08
40.169645562 4.20166385552e-08
40.1999394123 4.20114985179e-08
40.2302332626 4.19888772087e-08
40.260527113 4.19795598638e-08
40.2908209633 4.19871112048e-08
40.3211148137 4.19676776702e-08
40.351408664 4.19629612816e-08
40.3817025144 4.19631298319e-08
40.4119963647 4.19243965444e-08
40.4422902151 4.18983949896e-08
40.4725840654 4.1915271618e-08
40.5028779158 4.1892200858e-08
40.5331717661 4.19038595205e-08
40.5634656165 4.18780156738e-08
40.5937594668 4.18617121477e-08
40.6240533172 4.18407816595e-08
40.6543471675 4.18250590458e-08
40.6846410179 4.18277310221e-08
40.7149348682 4.17927548885e-08
40.7452287186 4.17917678322e-08
40.7755225689 4.17804207159e-08
40.8058164193 4.17781935485e-08
40.8361102696 4.17863631418e-08
40.86640412 4.1754753766e-08
40.8966979703 4.17397602648e-08
40.9269918207 4.17372435774e-08
40.957285671 4.17215862153e-08
40.9875795214 4.17084180938e-08
41.0178733717 4.17001267431e-08
41.0481672221 4.17022679518e-08
41.0784610724 4.16857383615e-08
41.1087549228 4.1689783762e-08
41.1390487731 4.16509973373e-08
41.1693426234 4.16553382578e-08
41.1996364738 4.16493776606e-08
41.2299303241 4.16387774454e-08
41.2602241745 4.16153669112e-08
41.2905180248 4.16079299926e-08
41.3208118752 4.16002823865e-08
41.3511057255 4.15821131356e-08
41.3813995759 4.15827723163e-08
41.4116934262 4.15547637202e-08
41.4419872766 4.1550569755e-08
41.4722811269 4.15461945626e-08
41.5025749773 4.15323866306e-08
41.5328688276 4.15202738032e-08
41.563162678 4.15099048452e-08
41.5934565283 4.15060476107e-08
41.6237503787 4.14914563826e-08
41.654044229 4.14806079585e-08
41.6843380794 4.14649406928e-08
41.7146319297 4.14611266854e-08
41.7449257801 4.14451727973e-08
41.7752196304 4.14373506121e-08
41.8055134808 4.14379386701e-08
41.8358073311 4.14268878427e-08
41.8661011815 4.14133876344e-08
41.8963950318 4.14040392926e-08
41.9266888822 4.14014679898e-08
41.9569827325 4.13859116846e-08
41.9872765829 4.13755808184e-08
42.0175704332 4.13626632508e-08
42.0478642836 4.13530228948e-08
42.0781581339 4.13464370868e-08
42.1084519842 4.13352473836e-08
42.1387458346 4.13225196727e-08
42.1690396849 4.13105466235e-08
42.1993335353 4.13056924079e-08
42.2296273856 4.1293945737e-08
42.259921236 4.12895111654e-08
42.2902150863 4.12750839523e-08
42.3205089367 4.12689269429e-08
42.350802787 4.12576845362e-08
42.3810966374 4.1248742943e-08
42.4113904877 4.12356373881e-08
42.4416843381 4.12307353613e-08
42.4719781884 4.12279945064e-08
42.5022720388 4.12143525558e-08
42.5325658891 4.12050953672e-08
42.5628597395 4.11972917342e-08
42.5931535898 4.11851143759e-08
42.6234474402 4.11795389775e-08
42.6537412905 4.11744452835e-08
42.6840351409 4.11583634125e-08
42.7143289912 4.11507962642e-08
42.7446228416 4.1140443502e-08
42.7749166919 4.11369057725e-08
42.8052105423 4.11236475246e-08
42.8355043926 4.11178226583e-08
42.865798243 4.11089996253e-08
42.8960920933 4.10997604515e-08
42.9263859437 4.10905465226e-08
42.956679794 4.10839866452e-08
42.9869736444 4.10730181146e-08
43.0172674947 4.1065752563e-08
43.047561345 4.10595716448e-08
43.0778551954 4.10506136308e-08
43.1081490457 4.10414784626e-08
43.1384428961 4.10317133291e-08
43.1687367464 4.10274494097e-08
43.1990305968 4.10165298144e-08
43.2293244471 4.1006399965e-08
43.2596182975 4.10029561567e-08
43.2899121478 4.09932566697e-08
43.3202059982 4.09840810855e-08
43.3504998485 4.09766679193e-08
43.3807936989 4.09707061382e-08
43.4110875492 4.09595343946e-08
43.4413813996 4.09524214665e-08
43.4716752499 4.09471171073e-08
43.5019691003 4.09393986067e-08
43.5322629506 4.09314483145e-08
43.562556801 4.09217709951e-08
43.5928506513 4.09138887976e-08
43.6231445017 4.0907299791e-08
43.653438352 4.09001162795e-08
43.6837322024 4.08928622272e-08
43.7140260527 4.08839105428e-08
43.7443199031 4.08770033111e-08
43.7746137534 4.08710969405e-08
43.8049076038 4.08623922773e-08
43.8352014541 4.08544454632e-08
43.8654953045 4.08470561154e-08
43.8957891548 4.08398630354e-08
43.9260830051 4.08330574046e-08
43.9563768555 4.08268981946e-08
43.9866707058 4.08186104745e-08
44.0169645562 4.08116486008e-08
44.0472584065 4.08053057721e-08
44.0775522569 4.07975105537e-08
44.1078461072 4.07906587852e-08
44.1381399576 4.07835494119e-08
44.1684338079 4.07768116884e-08
44.1987276583 4.07698051262e-08
44.2290215086 4.07633552827e-08
44.259315359 4.07563047692e-08
44.2896092093 4.07488081637e-08
44.3199030597 4.07425002598e-08
44.35019691 4.07356659982e-08
44.3804907604 4.07293446804e-08
44.4107846107 4.07223516777e-08
44.4410784611 4.07163332654e-08
44.4713723114 4.07095319794e-08
44.5016661618 4.07029499761e-08
44.5319600121 4.06968300456e-08
44.5622538625 4.06898532279e-08
44.5925477128 4.06840937206e-08
44.6228415632 4.0677459868e-08
44.6531354135 4.0671158956e-08
44.6834292639 4.06648156056e-08
44.7137231142 4.06587231799e-08
44.7440169646 4.06527225089e-08
44.7743108149 4.06463260373e-08
44.8046046653 4.0640069971e-08
44.8348985156 4.06340054117e-08
44.8651923659 4.06282510467e-08
44.8954862163 4.06219127308e-08
44.9257800666 4.06156944202e-08
44.956073917 4.06100893789e-08
44.9863677673 4.06041266509e-08
45.0166616177 4.05982733156e-08
45.046955468 4.05923753056e-08
45.0772493184 4.05866535743e-08
45.1075431687 4.05808095174e-08
45.1378370191 4.05751736702e-08
45.1681308694 4.05693644544e-08
45.1984247198 4.05638173678e-08
45.2287185701 4.05583512963e-08
45.2590124205 4.05525089816e-08
45.2893062708 4.05470305862e-08
45.3196001212 4.05415480387e-08
45.3498939715 4.05360917295e-08
45.3801878219 4.05306615138e-08
45.4104816722 4.05252878081e-08
45.4407755226 4.05199183043e-08
45.4710693729 4.05146282399e-08
45.5013632233 4.0509389577e-08
45.5316570736 4.0504123739e-08
45.561950924 4.04987958555e-08
45.5922447743 4.04936691342e-08
45.6225386247 4.04885394288e-08
45.652832475 4.04834330525e-08
45.6831263254 4.04784260179e-08
45.7134201757 4.04733494051e-08
45.7437140261 4.04683356574e-08
45.7740078764 4.04633681945e-08
45.8043017267 4.04585137012e-08
45.8345955771 4.04536378965e-08
45.8648894274 4.04487645018e-08
45.8951832778 4.04439330399e-08
45.9254771281 4.04391413243e-08
45.9557709785 4.0434435102e-08
45.9860648288 4.04297413798e-08
46.0163586792 4.04250498876e-08
46.0466525295 4.04204418611e-08
46.0769463799 4.04158637774e-08
46.1072402302 4.04112838953e-08
46.1375340806 4.040675776e-08
46.1678279309 4.04022717187e-08
46.1981217813 4.03978271652e-08
46.2284156316 4.03934234041e-08
46.258709482 4.03890463639e-08
46.2890033323 4.03846961488e-08
46.3192971827 4.03803847599e-08
46.349591033 4.03761239254e-08
46.3798848834 4.03718874299e-08
46.4101787337 4.03676900488e-08
46.4404725841 4.0363528252e-08
46.4707664344 4.03594079206e-08
46.5010602848 4.03553084662e-08
46.5313541351 4.03512531169e-08
46.5616479855 4.03472417185e-08
46.5919418358 4.03432682869e-08
46.6222356862 4.0339316992e-08
46.6525295365 4.03354023512e-08
46.6828233869 4.0331533783e-08
46.7131172372 4.03276939896e-08
46.7434110875 4.03238894133e-08
46.7737049379 4.03201216227e-08
46.8039987882 4.03163930111e-08
46.8342926386 4.03126966432e-08
46.8645864889 4.03090392198e-08
46.8948803393 4.03054123393e-08
46.9251741896 4.03018237053e-08
46.95546804 4.02982733927e-08
46.9857618903 4.02947539874e-08
47.0160557407 4.02912742202e-08
47.046349591 4.02878273127e-08
47.0766434414 4.02844192496e-08
47.1069372917 4.02810427807e-08
47.1372311421 4.02777040312e-08
47.1675249924 4.02744014903e-08
47.1978188428 4.027113226e-08
47.2281126931 4.0267900973e-08
47.2584065435 4.02647041073e-08
47.2887003938 4.02615421586e-08
47.3189942442 4.02584158172e-08
47.3492880945 4.02553259554e-08
47.3795819449 4.02522717077e-08
47.4098757952 4.02492524091e-08
47.4401696456 4.02462679811e-08
47.4704634959 4.02433197669e-08
47.5007573463 4.02404072199e-08
47.5310511966 4.02375291622e-08
47.561345047 4.02346873574e-08
47.5916388973 4.02318804819e-08
47.6219327477 4.02291091952e-08
47.652226598 4.02263730293e-08
47.6825204483 4.02236723034e-08
47.7128142987 4.02210069369e-08
47.743108149 4.0218377022e-08
47.7734019994 4.02157821709e-08
47.8036958497 4.02132231457e-08
47.8339897001 4.02106989814e-08
47.8642835504 4.02082102421e-08
47.8945774008 4.02057568093e-08
47.9248712511 4.02033386383e-08
47.9551651015 4.02009557806e-08
47.9854589518 4.01986081048e-08
48.0157528022 4.01962957448e-08
48.0460466525 4.01940185661e-08
48.0763405029 4.01917766408e-08
48.1066343532 4.01895699316e-08
48.1369282036 4.0187398439e-08
48.1672220539 4.0185262154e-08
48.1975159043 4.01831610158e-08
48.2278097546 4.01810951204e-08
48.258103605 4.01790643939e-08
48.2883974553 4.01770688323e-08
48.3186913057 4.01751084158e-08
48.348985156 4.01731831493e-08
48.3792790064 4.01712930234e-08
48.4095728567 4.01694380703e-08
48.4398667071 4.01676182159e-08
48.4701605574 4.01658334832e-08
48.5004544078 4.01640838716e-08
48.5307482581 4.01623693679e-08
48.5610421085 4.01606899616e-08
48.5913359588 4.01590456528e-08
48.6216298091 4.015743643e-08
48.6519236595 4.01558622828e-08
48.6822175098 4.01543232114e-08
48.7125113602 4.01528192089e-08
48.7428052105 4.01513502676e-08
48.7730990609 4.01499163807e-08
48.8033929112 4.01485175439e-08
48.8336867616 4.01471537513e-08
48.8639806119 4.01458249964e-08
48.8942744623 4.0144531275e-08
48.9245683126 4.01432725816e-08
48.954862163 4.01420489104e-08
48.9851560133 4.01408602563e-08
49.0154498637 4.01397066153e-08
49.045743714 4.01385879826e-08
49.0760375644 4.01375043532e-08
49.1063314147 4.0136455723e-08
49.1366252651 4.01354420876e-08
49.1669191154 4.01344634429e-08
49.1972129658 4.0133519785e-08
49.2275068161 4.01326111099e-08
49.2578006665 4.01317374141e-08
49.2880945168 4.0130898694e-08
49.3183883672 4.01300949461e-08
49.3486822175 4.01293261672e-08
49.3789760679 4.01285923541e-08
49.4092699182 4.0127893504e-08
49.4395637686 4.01272296139e-08
49.4698576189 4.01266006811e-08
49.5001514693 4.01260067031e-08
49.5304453196 4.01254476775e-08
49.5607391699 4.0124923602e-08
49.5910330203 4.01244344745e-08
49.6213268706 4.01239802929e-08
49.651620721 4.01235610555e-08
49.6819145713 4.01231767606e-08
49.7122084217 4.01228274065e-08
49.742502272 4.01225129918e-08
49.7727961224 4.01222335153e-08
49.8030899727 4.0121988976e-08
49.8333838231 4.01217793726e-08
49.8636776734 4.01216047044e-08
49.8939715238 4.01214649707e-08
49.9242653741 4.01213601709e-08
49.9545592245 4.01212903046e-08
49.9848530748 4.01212553717e-08
