0.0 0.000329763967143
0.0302938503484 0.000540519281167
0.0605877006968 0.000172618460305
0.0908815510451 0.000185158337998
0.121175401394 0.000207431330275
0.151469251742 0.000260302421395
0.18176310209 0.000321198678216
0.212056952439 0.000258422565754
0.242350802787 0.000244906579375
0.272644653135 0.000250305899084
0.302938503484 0.000231061070477
0.333232353832 0.00029634969784
0.363526204181 0.000348959366981
0.393820054529 0.000345143652002
0.424113904877 0.000248337967031
0.454407755226 0.000211026038201
0.484701605574 0.000192998862359
0.514995455922 0.000118571063529
0.545289306271 5.77047907081e-05
0.575583156619 0.00015161299241
0.605877006968 0.000252908421856
0.636170857316 0.000205565648553
0.666464707664 0.000165007617932
0.696758558013 8.2000717988e-05
0.727052408361 0.000197390399973
0.757346258709 0.000223140270915
0.787640109058 0.000146690969125
0.817933959406 0.000106318654233
0.848227809755 0.00011005350378
0.878521660103 0.000159852521046
0.908815510451 0.000178656795326
0.9391093608 0.000218187601015
0.969403211148 0.000107768544793
0.999697061497 7.55832402486e-05
1.02999091184 6.79784560048e-05
1.06028476219 7.46262209123e-05
1.09057861254 0.000125609368775
1.12087246289 0.000231669800356
1.15116631324 0.00012917385296
1.18146016359 0.000140628162026
1.21175401394 8.19958863741e-05
1.24204786428 0.00014756007726
1.27234171463 1.71940526925e-05
1.30263556498 0.000146431914684
1.33292941533 0.000143328561327
1.36322326568 0.000229996754942
1.39351711603 9.54230725488e-05
1.42381096637 0.000188570191634
1.45410481672 0.000249577553827
1.48439866707 0.000182242449676
1.51469251742 0.000146329852637
1.54498636777 0.000281498986891
1.57528021812 0.000348888489073
1.60557406846 0.000311401640566
1.63586791881 0.000124925138884
1.66616176916 0.000247625564019
1.69645561951 0.000133597700143
1.72674946986 6.29894114586e-05
1.75704332021 8.46422789823e-05
1.78733717055 5.36681878099e-05
1.8176310209 0.000299732703258
1.84792487125 0.00034227472844
1.8782187216 0.00012080688954
1.90851257195 0.000151231300844
1.9388064223 0.000187822259655
1.96910027264 0.000139263398317
1.99939412299 0.000173888321979
2.02968797334 0.000204942754588
2.05998182369 0.000183749781261
2.09027567404 5.04549490103e-05
2.12056952439 4.38475975805e-05
2.15086337473 6.45310824525e-05
2.18115722508 6.48763130758e-05
2.21145107543 4.57722394068e-05
2.24174492578 0.000117043651453
2.27203877613 0.000114372511929
2.30233262648 8.08015455083e-05
2.33262647683 5.55162358737e-05
2.36292032717 0.000152591720424
2.39321417752 0.000207901885232
2.42350802787 0.000165231400882
2.45380187822 0.000240093504275
2.48409572857 0.000229184047919
2.51438957892 0.000230523880946
2.54468342926 0.000200057040397
2.57497727961 0.000121261082812
2.60527112996 0.000217385664609
2.63556498031 0.000263414818195
2.66585883066 0.000290873861275
2.69615268101 0.000366342663165
2.72644653135 0.000383909801271
2.7567403817 0.000333964761822
2.78703423205 0.000226811440902
2.8173280824 0.000112799794674
2.84762193275 7.34554467235e-05
2.8779157831 4.34707608892e-05
2.90820963344 0.000106000287647
2.93850348379 0.00013276737943
2.96879733414 0.000122471397175
2.99909118449 6.25836564199e-05
3.02938503484 5.39605182283e-05
3.05967888519 6.8364171655e-05
3.08997273553 8.66901587557e-06
3.12026658588 6.58133439242e-05
3.15056043623 7.03531407047e-05
3.18085428658 0.000110178770911
3.21114813693 8.69955647216e-05
3.24144198728 5.58509929133e-05
3.27173583762 6.39327709741e-05
3.30202968797 6.69736890032e-05
3.33232353832 9.2672383918e-05
3.36261738867 0.000102088694383
3.39291123902 4.82144198667e-05
3.42320508937 9.45565635948e-05
3.45349893972 7.78653265871e-05
3.48379279006 4.14283299334e-05
3.51408664041 8.26952139316e-05
3.54438049076 4.74877378244e-05
3.57467434111 4.18284441493e-05
3.60496819146 2.33412318079e-05
3.63526204181 4.8136050956e-05
3.66555589215 3.49548539799e-05
3.6958497425 3.11772585418e-05
3.72614359285 2.37106496818e-05
3.7564374432 2.48119217195e-05
3.78673129355 1.8642636246e-05
3.8170251439 1.18142690593e-05
3.84731899424 4.64790922686e-05
3.87761284459 7.90700672434e-05
3.90790669494 3.79687658532e-05
3.93820054529 1.60693987702e-05
3.96849439564 2.04566159248e-05
3.99878824599 3.30029187011e-05
4.02908209633 2.91049050765e-05
4.05937594668 3.18284981557e-05
4.08966979703 7.03104509032e-05
4.11996364738 5.67540617122e-05
4.15025749773 4.42655326975e-05
4.18055134808 9.85103737565e-06
4.21084519842 3.3029524637e-05
4.24113904877 2.20864485639e-05
4.27143289912 1.32219123875e-05
4.30172674947 3.91096668582e-05
4.33202059982 4.49437860886e-05
4.36231445017 1.3217408455e-05
4.39260830051 1.70871773288e-05
4.42290215086 2.01182695516e-05
4.45319600121 1.94497380511e-05
4.48348985156 3.7966514931e-05
4.51378370191 6.57692587327e-05
4.54407755226 6.01146114818e-05
4.57437140261 5.17394847134e-05
4.60466525295 6.29826238932e-05
4.6349591033 1.99818289222e-05
4.66525295365 2.91278431404e-05
4.695546804 2.54926213385e-05
4.72584065435 7.07995535824e-06
4.7561345047 2.05279898145e-05
4.78642835504 2.99394489177e-05
4.81672220539 1.68790489488e-05
4.84701605574 1.13907750973e-05
4.87730990609 1.24585916154e-05
4.90760375644 1.48984896092e-05
4.93789760679 7.74130989956e-06
4.96819145713 1.79518325854e-05
4.99848530748 2.62486522633e-05
5.02877915783 2.50956057384e-05
5.05907300818 3.22122844444e-05
5.08936685853 1.884904106e-05
5.11966070888 3.16843962898e-05
5.14995455922 1.89018567297e-05
5.18024840957 1.58776363351e-05
5.21054225992 5.21771224447e-06
5.24083611027 1.07979569717e-05
5.27112996062 7.47912530852e-06
5.30142381097 2.23794998738e-05
5.33171766131 2.01568188064e-05
5.36201151166 1.1909432245e-05
5.39230536201 5.04170705444e-06
5.42259921236 1.15976165732e-05
5.45289306271 1.22532386541e-05
5.48318691306 9.17223761672e-06
5.51348076341 3.84177278017e-06
5.54377461375 4.43973965929e-06
5.5740684641 2.19244227027e-05
5.60436231445 1.40307693173e-05
5.6346561648 1.29987581036e-05
5.66495001515 7.28886865593e-06
5.6952438655 1.94696309853e-06
5.72553771584 3.17697148032e-06
5.75583156619 1.26239469811e-05
5.78612541654 1.53337712282e-05
5.81641926689 2.18377797143e-05
5.84671311724 2.07039956484e-05
5.87700696759 1.81191441848e-05
5.90730081793 1.54911683569e-05
5.93759466828 8.06206245951e-06
5.96788851863 1.71728858244e-05
5.99818236898 1.4670868657e-05
6.02847621933 1.27326688321e-05
6.05877006968 1.50576786983e-05
6.08906392002 9.42899078845e-06
6.11935777037 7.20405690724e-06
6.14965162072 1.47344878662e-05
6.17994547107 1.21439602489e-05
6.21023932142 9.29913219935e-06
6.24053317177 1.37753521888e-05
6.27082702211 2.04750900166e-06
6.30112087246 6.14653005122e-06
6.33141472281 9.77279902039e-06
6.36170857316 1.60838534256e-06
6.39200242351 4.48674131405e-06
6.42229627386 3.20018948826e-06
6.4525901242 6.16789984222e-06
6.48288397455 1.25772517821e-05
6.5131778249 1.05773029737e-05
6.54347167525 1.50873528519e-05
6.5737655256 7.25608336658e-06
6.60405937595 1.15786547538e-05
6.6343532263 1.36369371874e-05
6.66464707664 8.12449476874e-06
6.69494092699 4.44077959352e-06
6.72523477734 1.62357301608e-05
6.75552862769 9.92048114698e-06
6.78582247804 8.89608104277e-06
6.81611632839 5.33401221556e-06
6.84641017873 8.2238829298e-06
6.87670402908 4.70912549168e-07
6.90699787943 5.04910541284e-06
6.93729172978 6.26238394327e-06
6.96758558013 6.79266034326e-06
6.99787943048 7.86913959699e-06
7.02817328082 1.50973955558e-05
7.05846713117 1.24701867912e-05
7.08876098152 1.30338925378e-05
7.11905483187 6.86145886791e-06
7.14934868222 4.88464801562e-06
7.17964253257 2.92996363994e-06
7.20993638291 7.48323489838e-06
7.24023023326 1.98651791962e-06
7.27052408361 3.57420115987e-06
7.30081793396 6.20237692001e-06
7.33111178431 1.12369990333e-05
7.36140563466 1.00305078101e-05
7.391699485 6.3572866829e-06
7.42199333535 1.02924782284e-05
7.4522871857 6.82003344113e-06
7.48258103605 3.738626514e-06
7.5128748864 1.31418798425e-05
7.54316873675 1.32681202222e-05
7.57346258709 1.22926579426e-05
7.60375643744 9.89602532351e-06
7.63405028779 1.97285941715e-06
7.66434413814 8.27570204859e-06
7.69463798849 3.05053010487e-06
7.72493183884 3.69848596807e-06
7.75522568919 3.97417501508e-06
7.78551953953 2.84866437735e-06
7.81581338988 3.57407033428e-07
7.84610724023 4.62355649851e-06
7.87640109058 3.83504295514e-06
7.90669494093 3.05995605647e-06
7.93698879128 4.36552654983e-06
7.96728264162 3.7174151237e-06
7.99757649197 2.45647292635e-06
8.02787034232 5.10968402419e-06
8.05816419267 3.40122007983e-06
8.08845804302 4.23672495367e-06
8.11875189337 4.73217150097e-06
8.14904574371 4.93675703252e-06
8.17933959406 3.9590336106e-06
8.20963344441 5.635495328e-06
8.23992729476 1.20171702897e-06
8.27022114511 1.66592474874e-06
8.30051499546 4.12652344969e-06
8.3308088458 5.8884468191e-06
8.36110269615 2.13947248818e-06
8.3913965465 3.08168164368e-06
8.42169039685 3.03938302522e-06
8.4519842472 8.87588742174e-06
8.48227809755 5.07823127112e-06
8.51257194789 3.98292142505e-06
8.54286579824 3.34138175894e-06
8.57315964859 1.20955707714e-06
8.60345349894 2.452037246e-06
8.63374734929 5.63795733229e-06
8.66404119964 6.70856339551e-06
8.69433504998 5.01604265051e-06
8.72462890033 4.34987545411e-06
8.75492275068 4.02651290854e-06
8.78521660103 3.85430385929e-06
8.81551045138 2.11553987546e-06
8.84580430173 3.82042359086e-06
8.87609815208 1.98932871398e-06
8.90639200242 2.94786266134e-06
8.93668585277 5.0800388252e-06
8.96697970312 2.80905069577e-06
8.99727355347 2.95276569598e-06
9.02756740382 1.88397846941e-06
9.05786125417 2.3880611108e-06
9.08815510451 3.2996585023e-06
9.11844895486 2.09079434879e-06
9.14874280521 2.57371712164e-06
9.17903665556 3.56230925652e-06
9.20933050591 1.04594116104e-06
9.23962435626 2.22703247569e-06
9.2699182066 2.20107624001e-06
9.30021205695 1.82182820215e-06
9.3305059073 2.52496302756e-06
9.36079975765 8.5016887932e-07
9.391093608 1.88285391563e-06
9.42138745835 1.5937155178e-06
9.45168130869 2.13181629402e-06
9.48197515904 7.79613831506e-07
9.51226900939 5.44021100735e-07
9.54256285974 9.94125804524e-07
9.57285671009 9.05705330528e-07
9.60315056044 2.29942016212e-07
9.63344441078 2.37837655796e-06
9.66373826113 2.00352873408e-06
9.69403211148 4.21508493145e-06
9.72432596183 2.81540863242e-06
9.75461981218 1.40217192097e-06
9.78491366253 1.14901689307e-06
9.81520751287 1.43749263675e-06
9.84550136322 6.67299390487e-07
9.87579521357 1.73183036949e-06
9.90608906392 1.66035734394e-06
9.93638291427 2.1264882034e-06
9.96667676462 1.9684885277e-06
9.99697061497 1.34215383455e-06
10.0272644653 8.57434362734e-07
10.0575583157 2.07028488388e-06
10.087852166 4.03032858915e-06
10.1181460164 3.12389830624e-06
10.1484398667 2.15450177753e-06
10.1787337171 1.48843270078e-06
10.2090275674 5.28934168347e-07
10.2393214178 1.18509386072e-06
10.2696152681 2.33159986561e-06
10.2999091184 9.36140302846e-07
10.3302029688 1.15287309902e-06
10.3604968191 3.89707382418e-07
10.3907906695 1.04321360865e-06
10.4210845198 1.50543660991e-06
10.4513783702 1.23943213499e-06
10.4816722205 2.23627020249e-06
10.5119660709 1.52773630759e-06
10.5422599212 3.07418589529e-06
10.5725537716 1.23312465543e-06
10.6028476219 9.43237066969e-07
10.6331414723 3.0087799033e-07
10.6634353226 4.94227649981e-07
10.693729173 1.23817705386e-06
10.7240230233 1.06967947889e-06
10.7543168737 1.01095247611e-06
10.784610724 2.15796595693e-06
10.8149045744 2.79096680705e-06
10.8451984247 1.42152198207e-06
10.8754922751 7.58300723069e-07
10.9057861254 3.31238372274e-07
10.9360799758 8.94911981939e-07
10.9663738261 1.12757868522e-06
10.9966676765 3.23589987149e-07
11.0269615268 4.80747780978e-07
11.0572553772 8.03497732493e-07
11.0875492275 2.13276077629e-06
11.1178430779 1.84335843171e-06
11.1481369282 1.47681893601e-06
11.1784307786 1.00098802971e-06
11.2087246289 4.63357923576e-07
11.2390184792 1.28238011237e-06
11.2693123296 1.55259534418e-06
11.2996061799 6.84894134829e-07
11.3299000303 1.07507694299e-06
11.3601938806 1.01544837727e-06
11.390487731 1.95201217838e-06
11.4207815813 1.75443875362e-06
11.4510754317 4.56193199528e-07
11.481369282 1.46311636385e-06
11.5116631324 1.87251622395e-06
11.5419569827 1.80932796512e-06
11.5722508331 4.4627875025e-07
11.6025446834 3.05622337661e-07
11.6328385338 1.61565822038e-06
11.6631323841 3.44029013072e-07
11.6934262345 8.93568799914e-07
11.7237200848 1.49111659532e-06
11.7540139352 8.41404372444e-07
11.7843077855 1.53885370512e-06
11.8146016359 6.302003753e-07
11.8448954862 3.44571877988e-07
11.8751893366 1.12219393115e-06
11.9054831869 4.6960773087e-07
11.9357770373 1.66826676597e-06
11.9660708876 7.75975120233e-07
11.996364738 8.77388437766e-07
12.0266585883 1.12448636058e-06
12.0569524387 5.93676478483e-07
12.087246289 3.3224080554e-07
12.1175401394 1.32319114233e-06
12.1478339897 9.97882601194e-07
12.17812784 1.28804294441e-06
12.2084216904 1.79786896938e-06
12.2387155407 2.35776306401e-06
12.2690093911 1.83034620321e-06
12.2993032414 8.24061519658e-07
12.3295970918 6.14471277667e-07
12.3598909421 1.62025272582e-06
12.3901847925 1.39179827899e-06
12.4204786428 8.2771218864e-07
12.4507724932 6.49073826505e-07
12.4810663435 1.39956355011e-06
12.5113601939 1.26569182014e-06
12.5416540442 9.80228629571e-07
12.5719478946 4.14925844076e-07
12.6022417449 6.44760943287e-07
12.6325355953 8.61614988799e-07
12.6628294456 1.33411750439e-06
12.693123296 1.78255614776e-06
12.7234171463 5.19276357045e-07
12.7537109967 5.45310043271e-07
12.784004847 1.27264432524e-06
12.8142986974 2.00079698416e-06
12.8445925477 1.52584226393e-06
12.8748863981 9.23703080168e-08
12.9051802484 1.02354562429e-06
12.9354740988 8.43986639011e-07
12.9657679491 6.19073883046e-07
12.9960617995 1.20406383385e-06
13.0263556498 8.98135504352e-07
13.0566495002 4.17628861128e-07
13.0869433505 9.76120989162e-07
13.1172372008 1.2223908387e-06
13.1475310512 7.7684602313e-07
13.1778249015 1.3693972554e-06
13.2081187519 1.62362355663e-06
13.2384126022 7.29863674621e-07
13.2687064526 1.2360198362e-06
13.2990003029 1.31834130906e-06
13.3292941533 7.8820422838e-07
13.3595880036 1.13821490366e-06
13.389881854 7.22637232083e-07
13.4201757043 5.97480164071e-07
13.4504695547 7.18522307221e-07
13.480763405 4.59749241613e-07
13.5110572554 4.44803855135e-07
13.5413511057 3.33901672931e-07
13.5716449561 1.14852567806e-06
13.6019388064 1.51512953722e-06
13.6322326568 6.47041246161e-07
13.6625265071 3.14084596698e-07
13.6928203575 6.34102754437e-07
13.7231142078 1.16907044806e-07
13.7534080582 4.48259647153e-07
13.7837019085 2.60869464399e-07
13.8139957589 1.04802773863e-06
13.8442896092 3.68206993463e-07
13.8745834596 1.6691691413e-07
13.9048773099 1.21622995273e-06
13.9351711603 1.1084224436e-06
13.9654650106 4.83870367453e-07
13.995758861 6.97141961281e-07
14.0260527113 9.15056465343e-07
14.0563465616 6.2681608566e-07
14.086640412 1.09729342537e-06
14.1169342623 1.82519489409e-06
14.1472281127 1.59881012584e-06
14.177521963 1.53668228e-06
14.2078158134 1.70493893242e-06
14.2381096637 1.13662104829e-06
14.2684035141 7.37640595472e-07
14.2986973644 5.12806714658e-07
14.3289912148 4.11921666497e-07
14.3592850651 1.62515496416e-07
14.3895789155 3.32828186268e-07
14.4198727658 6.25516845518e-07
14.4501666162 8.23865309347e-07
14.4804604665 9.05593571833e-07
14.5107543169 2.99686704544e-07
14.5410481672 3.25921145316e-07
14.5713420176 1.43794904719e-07
14.6016358679 4.93540784027e-07
14.6319297183 6.6085450701e-07
14.6622235686 1.7349396406e-07
14.692517419 9.40759358529e-07
14.7228112693 6.20144919248e-07
14.7531051197 1.00412817054e-06
14.78339897 5.50054373702e-07
14.8136928204 3.78614160768e-07
14.8439866707 1.42629872309e-07
14.8742805211 7.61675847202e-07
14.9045743714 4.44612272099e-07
14.9348682218 4.83461183472e-07
14.9651620721 4.64253795456e-07
14.9954559224 1.17397387271e-07
15.0257497728 2.26685652638e-07
15.0560436231 3.370406465e-07
15.0863374735 6.61007745055e-07
15.1166313238 1.31214384663e-07
15.1469251742 2.71298630377e-07
15.1772190245 5.16473547551e-07
15.2075128749 6.90496582077e-07
15.2378067252 4.63951795445e-07
15.2681005756 2.54348405305e-07
15.2983944259 3.80609653797e-07
15.3286882763 7.86069820274e-07
15.3589821266 2.63889095679e-07
15.389275977 4.18853274953e-07
15.4195698273 6.65648621873e-07
15.4498636777 2.59532866391e-07
15.480157528 9.48913614379e-08
15.5104513784 7.23760506985e-08
15.5407452287 3.60386154988e-07
15.5710390791 7.78051769451e-07
15.6013329294 4.89326104363e-07
15.6316267798 6.14017182731e-07
15.6619206301 6.85303270855e-07
15.6922144805 7.69519442662e-07
15.7225083308 4.56850196259e-07
15.7528021812 4.1482621344e-07
15.7830960315 2.62406774942e-07
15.8133898819 2.37219819462e-07
15.8436837322 3.85239487251e-07
15.8739775826 3.53813518165e-07
15.9042714329 1.63254320889e-07
15.9345652832 3.97437277109e-07
15.9648591336 5.88465246032e-07
15.9951529839 4.16865935313e-07
16.0254468343 2.26058489783e-07
16.0557406846 2.50003640137e-07
16.086034535 3.37527706545e-07
16.1163283853 4.37275710322e-07
16.1466222357 1.59099858161e-07
16.176916086 7.10863410787e-08
16.2072099364 1.78847675697e-07
16.2375037867 4.18003030734e-07
16.2677976371 2.02342230058e-07
16.2980914874 3.69272874571e-07
16.3283853378 4.99426601947e-07
16.3586791881 2.6211453686e-07
16.3889730385 7.77646365145e-08
16.4192668888 1.81060304639e-07
16.4495607392 1.17228735875e-07
16.4798545895 3.72278713403e-07
16.5101484399 4.38119249392e-07
16.5404422902 2.00120326721e-07
16.5707361406 2.78961657749e-07
16.6010299909 4.9160459037e-07
16.6313238413 4.01240785646e-07
16.6616176916 3.29732714764e-07
16.691911542 1.51334779182e-07
16.7222053923 3.92968514755e-07
16.7524992427 5.68531567685e-07
16.782793093 5.389647876e-07
16.8130869434 4.56717060929e-07
16.8433807937 1.26573663715e-07
16.873674644 5.36572256382e-07
16.9039684944 3.38099937045e-07
16.9342623447 4.99094613683e-07
16.9645561951 3.57579039912e-07
16.9948500454 2.62939895425e-07
17.0251438958 3.56593725883e-08
17.0554377461 1.98942005963e-07
17.0857315965 1.66130749328e-07
17.1160254468 2.45359544569e-07
17.1463192972 3.67196048398e-07
17.1766131475 4.56715993948e-07
17.2069069979 3.12942754066e-07
17.2372008482 2.81864124443e-07
17.2674946986 3.81050225579e-07
17.2977885489 4.47596932758e-07
17.3280823993 2.95550334642e-08
17.3583762496 6.5002522916e-08
17.3886701 2.20203951097e-07
17.4189639503 2.96460487507e-07
17.4492578007 2.17530672439e-07
17.479551651 1.45651870597e-07
17.5098455014 2.25875040372e-07
17.5401393517 1.97486601296e-07
17.5704332021 3.05328662304e-07
17.6007270524 4.81601294222e-07
17.6310209028 2.96195988922e-07
17.6613147531 1.32392155483e-07
17.6916086035 3.31188786114e-07
17.7219024538 1.06100170233e-07
17.7521963042 5.54830832794e-08
17.7824901545 1.63664401233e-07
17.8127840048 3.69681618002e-07
17.8430778552 1.76114628154e-07
17.8733717055 1.63910084171e-07
17.9036655559 1.88727312776e-07
17.9339594062 1.54212059505e-07
17.9642532566 2.87880272584e-07
17.9945471069 1.2789598401e-07
18.0248409573 6.77008559822e-08
18.0551348076 2.04267647715e-07
18.085428658 1.71455810038e-07
18.1157225083 1.90909038064e-07
18.1460163587 3.4968019433e-07
18.176310209 9.04770375174e-08
18.2066040594 1.50957254691e-08
18.2368979097 4.48581198853e-08
18.2671917601 1.63112641678e-07
18.2974856104 1.53349054398e-07
18.3277794608 4.28063500102e-07
18.3580733111 2.83492594626e-07
18.3883671615 2.0540464409e-07
18.4186610118 1.52759733951e-07
18.4489548622 8.30396592204e-08
18.4792487125 1.52643561566e-07
18.5095425629 3.10411502466e-07
18.5398364132 6.06487545849e-08
18.5701302636 2.54152585789e-07
18.6004241139 1.90043780383e-07
18.6307179643 4.78270744589e-08
18.6610118146 7.16165340729e-08
18.691305665 2.6243610333e-07
18.7215995153 1.30924377051e-07
18.7518933656 7.50735210765e-08
18.782187216 4.69013574805e-08
18.8124810663 1.16132832656e-07
18.8427749167 7.13752707207e-08
18.873068767 1.10436712318e-07
18.9033626174 1.51428917341e-07
18.9336564677 1.40620638889e-07
18.9639503181 2.34205702758e-07
18.9942441684 1.34886772437e-07
19.0245380188 4.04871177975e-07
19.0548318691 2.59773727946e-07
19.0851257195 1.20113123478e-07
19.1154195698 1.34935082363e-07
19.1457134202 1.30225300906e-07
19.1760072705 1.17182349239e-07
19.2063011209 2.49022698442e-07
19.2365949712 2.0619808044e-07
19.2668888216 6.00810471702e-08
19.2971826719 1.9102414623e-07
19.3274765223 2.6585093259e-07
19.3577703726 2.07917265931e-07
19.388064223 2.35674562126e-07
19.4183580733 2.88157889693e-07
19.4486519237 1.73026994232e-07
19.478945774 4.92875995237e-08
19.5092396244 1.83064306595e-07
19.5395334747 5.10421631632e-08
19.5698273251 4.77968800629e-08
19.6001211754 5.62566129112e-08
19.6304150257 4.04989704822e-08
19.6607088761 1.50235860059e-07
19.6910027264 1.48241386873e-07
19.7212965768 4.78577137635e-08
19.7515904271 1.2051384208e-07
19.7818842775 8.96926749106e-08
19.8121781278 1.23284491257e-07
19.8424719782 6.71568155535e-08
19.8727658285 8.85391906675e-08
19.9030596789 1.35615200306e-07
19.9333535292 1.36076452292e-07
19.9636473796 2.27600489726e-07
19.9939412299 2.7997043615e-07
20.0242350803 2.40012829145e-07
20.0545289306 1.18049890423e-07
20.084822781 1.04132707046e-07
20.1151166313 7.4658517556e-09
20.1454104817 6.48275401864e-08
20.175704332 4.16642439907e-08
20.2059981824 1.20350153567e-07
20.2362920327 1.23208179702e-07
20.2665858831 6.72813434441e-08
20.2968797334 6.80301093204e-08
20.3271735838 2.47105172737e-08
20.3574674341 8.30038196693e-08
20.3877612845 1.08172894811e-07
20.4180551348 1.65061141183e-07
20.4483489852 1.72707424291e-07
20.4786428355 8.62426311597e-08
20.5089366859 1.97572631627e-07
20.5392305362 2.49764490432e-07
20.5695243865 9.90594180906e-08
20.5998182369 9.87558964707e-08
20.6301120872 1.0368478792e-07
20.6604059376 7.91480086006e-08
20.6906997879 1.33240961789e-07
20.7209936383 7.02799166954e-08
20.7512874886 1.04853493738e-07
20.781581339 6.33748813829e-08
20.8118751893 2.73927687216e-08
20.8421690397 1.51361292958e-07
20.87246289 1.44833680523e-07
20.9027567404 8.58251999145e-08
20.9330505907 2.4343423028e-08
20.9633444411 7.4586956504e-08
20.9936382914 1.00838383464e-07
21.0239321418 6.15605482204e-08
21.0542259921 5.91024747121e-08
21.0845198425 1.24276161512e-07
21.1148136928 8.14600815844e-08
21.1451075432 1.35073744822e-07
21.1754013935 1.22953515592e-07
21.2056952439 9.58267444183e-08
21.2359890942 1.21336278918e-07
21.2662829446 1.0551252683e-07
21.2965767949 5.70515954942e-08
21.3268706453 2.80575488143e-08
21.3571644956 2.70916341511e-08
21.387458346 6.41103826524e-08
21.4177521963 8.49862800217e-08
21.4480460467 7.62053475048e-08
21.478339897 4.60663090304e-08
21.5086337473 1.29096371653e-07
21.5389275977 9.12748726334e-08
21.569221448 4.64438096379e-08
21.5995152984 1.64043749381e-07
21.6298091487 1.45232098828e-07
21.6601029991 1.25484906283e-07
21.6903968494 8.02765197235e-08
21.7206906998 4.75391110895e-08
21.7509845501 3.98575187577e-08
21.7812784005 4.41356690717e-08
21.8115722508 1.48092190896e-07
21.8418661012 1.19808874326e-07
21.8721599515 6.00572940309e-08
21.9024538019 3.56862454124e-08
21.9327476522 5.96037791892e-08
21.9630415026 6.38230491289e-08
21.9933353529 1.01068974729e-07
22.0236292033 7.08802544318e-08
22.0539230536 7.20969043867e-08
22.084216904 8.2588968371e-08
22.1145107543 7.79614158796e-08
22.1448046047 1.18754169128e-07
22.175098455 9.63931027359e-08
22.2053923054 5.36542000284e-08
22.2356861557 6.28494612822e-08
22.2659800061 8.21413512033e-08
22.2962738564 1.4436649329e-07
22.3265677068 6.00557448953e-08
22.3568615571 9.62049583609e-08
22.3871554075 9.63090527966e-08
22.4174492578 1.36535111247e-07
22.4477431081 1.21478166176e-07
22.4780369585 3.13643746645e-08
22.5083308088 6.35169016712e-08
22.5386246592 7.39570071819e-08
22.5689185095 1.02165199688e-07
22.5992123599 1.12406690173e-07
22.6295062102 4.86424681197e-08
22.6598000606 2.81059295505e-08
22.6900939109 4.37154996244e-08
22.7203877613 4.62857424374e-08
22.7506816116 9.35567517825e-08
22.780975462 9.2050601491e-08
22.8112693123 4.61178373697e-08
22.8415631627 5.45148874563e-08
22.871857013 1.05904752289e-07
22.9021508634 3.51348020075e-08
22.9324447137 8.40194639409e-08
22.9627385641 8.34452008542e-08
22.9930324144 1.12126248984e-07
23.0233262648 6.55592930164e-08
23.0536201151 2.65647425985e-08
23.0839139655 6.80392731065e-08
23.1142078158 4.78029331571e-08
23.1445016662 4.28514503152e-08
23.1747955165 7.01513354266e-08
23.2050893669 3.61547296445e-08
23.2353832172 3.62551634062e-08
23.2656770676 6.92762143364e-08
23.2959709179 7.30982741096e-08
23.3262647683 6.09359325213e-08
23.3565586186 5.44043751488e-08
23.3868524689 6.54664395026e-08
23.4171463193 5.27811663259e-08
23.4474401696 5.03869953761e-08
23.47773402 5.98490996104e-08
23.5080278703 4.11759045792e-08
23.5383217207 8.18276165857e-08
23.568615571 7.81973800039e-08
23.5989094214 6.67099423656e-08
23.6292032717 2.52910939804e-08
23.6594971221 2.84324049531e-08
23.6897909724 3.49974617794e-08
23.7200848228 7.9656630044e-08
23.7503786731 5.36109295148e-08
23.7806725235 4.94435657511e-08
23.8109663738 7.68270004321e-08
23.8412602242 4.92697493506e-08
23.8715540745 4.21556540071e-08
23.9018479249 6.3684569695e-08
23.9321417752 6.07802440357e-08
23.9624356256 3.66728910936e-08
23.9927294759 4.88424667453e-08
24.0230233263 7.37675037961e-08
24.0533171766 4.14877527262e-08
24.083611027 4.38992859402e-08
24.1139048773 4.73641377522e-08
24.1441987277 6.33011781934e-08
24.174492578 5.95717508593e-08
24.2047864284 5.12016413388e-08
24.2350802787 5.44575943184e-08
24.2653741291 6.22675512831e-08
24.2956679794 5.74279518309e-08
24.3259618297 6.40746727574e-08
24.3562556801 6.02119072104e-08
24.3865495304 5.04070615296e-08
24.4168433808 5.986024552e-08
24.4471372311 7.01217512e-08
24.4774310815 5.10005969582e-08
24.5077249318 7.11576153526e-08
24.5380187822 6.82435543149e-08
24.5683126325 6.92634375549e-08
24.5986064829 5.42178300692e-08
24.6289003332 4.39081234121e-08
24.6591941836 3.66566759215e-08
24.6894880339 4.70649256583e-08
24.7197818843 7.32066146749e-08
24.7500757346 5.8192053179e-08
24.780369585 4.06674208757e-08
24.8106634353 4.6555699331e-08
24.8409572857 5.42228851424e-08
24.871251136 6.98904127808e-08
24.9015449864 6.05976685177e-08
24.9318388367 3.97707053023e-08
24.9621326871 5.5305072937e-08
24.9924265374 5.30351533745e-08
25.0227203878 5.867276627e-08
25.0530142381 6.90526444107e-08
25.0833080885 3.6967213685e-08
25.1136019388 5.6284892571e-08
25.1438957892 6.93747855999e-08
25.1741896395 6.48060496225e-08
25.2044834899 5.57986083175e-08
25.2347773402 4.62930203961e-08
25.2650711905 4.97645943359e-08
25.2953650409 6.81811660315e-08
25.3256588912 4.53129898443e-08
25.3559527416 5.62205035528e-08
25.3862465919 5.49282560104e-08
25.4165404423 3.64992101709e-08
25.4468342926 4.22266842394e-08
25.477128143 5.52012208664e-08
25.5074219933 5.36500213596e-08
25.5377158437 4.93172128233e-08
25.568009694 4.42711416332e-08
25.5983035444 5.48743724066e-08
25.6285973947 5.70589745684e-08
25.6588912451 5.33401074113e-08
25.6891850954 5.22577659216e-08
25.7194789458 5.48243895554e-08
25.7497727961 6.34917941059e-08
25.7800666465 3.97905622233e-08
25.8103604968 5.0412839027e-08
25.8406543472 4.03007038902e-08
25.8709481975 6.07841904844e-08
25.9012420479 6.43785639232e-08
25.9315358982 4.3277712974e-08
25.9618297486 4.5142342135e-08
25.9921235989 5.51933230306e-08
26.0224174493 5.05021549226e-08
26.0527112996 3.51307285431e-08
26.08300515 4.95841588229e-08
26.1132990003 5.85024533619e-08
26.1435928507 4.92174140205e-08
26.173886701 4.44873801534e-08
26.2041805513 4.64451152867e-08
26.2344744017 5.60779936217e-08
26.264768252 5.13644586776e-08
26.2950621024 4.7342432997e-08
26.3253559527 5.95089301651e-08
26.3556498031 3.80514488094e-08
26.3859436534 4.17565990596e-08
26.4162375038 4.09743169155e-08
26.4465313541 5.14797766761e-08
26.4768252045 4.92324789019e-08
26.5071190548 4.89534025112e-08
26.5374129052 5.65848996581e-08
26.5677067555 5.14460712656e-08
26.5980006059 4.74086487926e-08
26.6282944562 3.89148324521e-08
26.6585883066 5.68483397202e-08
26.6888821569 5.16590473683e-08
26.7191760073 5.01738363454e-08
26.7494698576 5.67449446947e-08
26.779763708 4.16747236012e-08
26.8100575583 4.73255340853e-08
26.8403514087 5.02916218687e-08
26.870645259 4.7801347357e-08
26.9009391094 5.14591131198e-08
26.9312329597 4.17983064744e-08
26.9615268101 4.19450177766e-08
26.9918206604 5.23586231282e-08
27.0221145108 5.03628041091e-08
27.0524083611 5.05493318282e-08
27.0827022115 5.12987890856e-08
27.1129960618 5.09035717557e-08
27.1432899121 5.51766796222e-08
27.1735837625 4.64027882472e-08
27.2038776128 4.56897633462e-08
27.2341714632 4.14285635795e-08
27.2644653135 5.03485584489e-08
27.2947591639 5.28456984579e-08
27.3250530142 4.23774428461e-08
27.3553468646 4.0562918436e-08
27.3856407149 5.18173748949e-08
27.4159345653 4.45301822374e-08
27.4462284156 5.11543570522e-08
27.476522266 3.98272522876e-08
27.5068161163 4.83584387078e-08
27.5371099667 4.54392175732e-08
27.567403817 4.72629633227e-08
27.5976976674 5.35750351709e-08
27.6279915177 4.20138458594e-08
27.6582853681 4.19396233555e-08
27.6885792184 4.68085413535e-08
27.7188730688 4.68414910169e-08
27.7491669191 5.08750955977e-08
27.7794607695 5.1100011401e-08
27.8097546198 4.99702364423e-08
27.8400484702 4.14450392935e-08
27.8703423205 4.27932837046e-08
27.9006361709 5.06972332457e-08
27.9309300212 5.15898070718e-08
27.9612238716 4.80775191462e-08
27.9915177219 4.56136988562e-08
28.0218115723 4.63706516314e-08
28.0521054226 4.32755548579e-08
28.0823992729 4.88063699091e-08
28.1126931233 4.61652636658e-08
28.1429869736 5.04262340535e-08
28.173280824 5.07508525759e-08
28.2035746743 4.63843487538e-08
28.2338685247 4.48253235424e-08
28.264162375 5.04132663795e-08
28.2944562254 4.82465883111e-08
28.3247500757 5.07742427165e-08
28.3550439261 4.78218653293e-08
28.3853377764 4.57630646945e-08
28.4156316268 4.45686846977e-08
28.4459254771 5.16181513113e-08
28.4762193275 4.81434762632e-08
28.5065131778 4.45722294209e-08
28.5368070282 4.50283787962e-08
28.5671008785 4.53294061159e-08
28.5973947289 4.44141037877e-08
28.6276885792 4.55588555005e-08
28.6579824296 4.81095623187e-08
28.6882762799 4.48765316959e-08
28.7185701303 4.79282486246e-08
28.7488639806 4.70876557072e-08
28.779157831 4.51247982255e-08
28.8094516813 4.4523497225e-08
28.8397455317 4.73229239329e-08
28.870039382 4.77349216337e-08
28.9003332324 4.81998345689e-08
28.9306270827 4.54038655083e-08
28.9609209331 4.67250189332e-08
28.9912147834 4.67014838931e-08
29.0215086337 4.63916331401e-08
29.0518024841 4.56255929494e-08
29.0820963344 4.7664534375e-08
29.1123901848 4.48538051792e-08
29.1426840351 4.44660051675e-08
29.1729778855 4.36135544591e-08
29.2032717358 4.76879131533e-08
29.2335655862 4.53038084744e-08
29.2638594365 4.3628569239e-08
29.2941532869 4.46235379019e-08
29.3244471372 4.619132153e-08
29.3547409876 4.41843598868e-08
29.3850348379 4.52220169457e-08
29.4153286883 4.67663209163e-08
29.4456225386 4.4419114582e-08
29.475916389 4.41502359585e-08
29.5062102393 4.8218250173e-08
29.5365040897 4.71227398495e-08
29.56679794 4.42644239628e-08
29.5970917904 4.55260134314e-08
29.6273856407 4.60748675969e-08
29.6576794911 4.53814904351e-08
29.6879733414 4.34704817657e-08
29.7182671918 4.25558993577e-08
29.7485610421 4.4469757554e-08
29.7788548925 4.62441847275e-08
29.8091487428 4.59508762667e-08
29.8394425932 4.50567015254e-08
29.8697364435 4.33062055974e-08
29.9000302939 4.17790981058e-08
29.9303241442 4.49076345572e-08
29.9606179945 4.53344240561e-08
29.9909118449 4.43017714972e-08
30.0212056952 4.41675922246e-08
30.0514995456 4.53326327456e-08
30.0817933959 4.5560359482e-08
30.1120872463 4.53106144015e-08
30.1423810966 4.59619410307e-08
30.172674947 4.30982904898e-08
30.2029687973 4.41046556932e-08
30.2332626477 4.24344488483e-08
30.263556498 4.37385393071e-08
30.2938503484 4.38213839067e-08
30.3241441987 4.65051576455e-08
30.3544380491 4.47037298714e-08
30.3847318994 4.36170432981e-08
30.4150257498 4.30935059542e-08
30.4453196001 4.39583798423e-08
30.4756134505 4.40746780929e-08
30.5059073008 4.42794431298e-08
30.5362011512 4.31544225087e-08
30.5664950015 4.34405897198e-08
30.5967888519 4.32910779517e-08
30.6270827022 4.31196657246e-08
30.6573765526 4.37921507469e-08
30.6876704029 4.40736503147e-08
30.7179642533 4.39131055461e-08
30.7482581036 4.51377066561e-08
30.778551954 4.41049537459e-08
30.8088458043 4.26147332937e-08
30.8391396547 4.40991522783e-08
30.869433505 4.28720782753e-08
30.8997273553 4.5259447108e-08
30.9300212057 4.38903002351e-08
30.960315056 4.3553856059e-08
30.9906089064 4.49643463742e-08
31.0209027567 4.41947089159e-08
31.0511966071 4.32268025721e-08
31.0814904574 4.35101542232e-08
31.1117843078 4.24857075381e-08
31.1420781581 4.35217582595e-08
31.1723720085 4.36944132375e-08
31.2026658588 4.33704972362e-08
31.2329597092 4.38975129494e-08
31.2632535595 4.27850831657e-08
31.2935474099 4.27010690186e-08
31.3238412602 4.26343774866e-08
31.3541351106 4.24438326515e-08
31.3844289609 4.41495422921e-08
31.4147228113 4.28253695428e-08
31.4450166616 4.21896333466e-08
31.475310512 4.390435714e-08
31.5056043623 4.28427530243e-08
31.5358982127 4.38439725726e-08
31.566192063 4.23454345296e-08
31.5964859134 4.31916950456e-08
31.6267797637 4.27918754742e-08
31.6570736141 4.14952249282e-08
31.6873674644 4.26517401241e-08
31.7176613148 4.24832741174e-08
31.7479551651 4.31804791769e-08
31.7782490154 4.27293609177e-08
31.8085428658 4.31373591841e-08
31.8388367161 4.18600645049e-08
31.8691305665 4.47715554903e-08
31.8994244168 4.41143221669e-08
31.9297182672 4.19942144765e-08
31.9600121175 4.16494291314e-08
31.9903059679 4.35443525233e-08
32.0205998182 4.29074626107e-08
32.0508936686 4.26304560229e-08
32.0811875189 4.23859939056e-08
32.1114813693 4.1560290708e-08
32.1417752196 4.30063818319e-08
32.17206907 4.31064140659e-08
32.2023629203 4.23032243909e-08
32.2326567707 4.26543540924e-08
32.262950621 4.19994657659e-08
32.2932444714 4.23804727715e-08
32.3235383217 4.26303359324e-08
32.3538321721 4.1653894916e-08
32.3841260224 4.25738427573e-08
32.4144198728 4.19966715204e-08
32.4447137231 4.16819766034e-08
32.4750075735 4.28426668738e-08
32.5053014238 4.30058013435e-08
32.5355952742 4.15089121977e-08
32.5658891245 4.1544060543e-08
32.5961829749 4.20263109592e-08
32.6264768252 4.28352625231e-08
32.6567706756 4.24843670509e-08
32.6870645259 4.21067140722e-08
32.7173583762 4.18182222423e-08
32.7476522266 4.29384422626e-08
32.7779460769 4.16347955174e-08
32.8082399273 4.22932934854e-08
32.8385337776 4.19067503566e-08
32.868827628 4.17262867032e-08
32.8991214783 4.17040130107e-08
32.9294153287 4.21618390699e-08
32.959709179 4.19667540045e-08
32.9900030294 4.19860363677e-08
33.0202968797 4.17409205541e-08
33.0505907301 4.19972528256e-08
33.0808845804 4.25297537183e-08
33.1111784308 4.22833536382e-08
33.1414722811 4.15658844211e-08
33.1717661315 4.15502110928e-08
33.2020599818 4.19976714488e-08
33.2323538322 4.18026962312e-08
33.2626476825 4.13333329818e-08
33.2929415329 4.16833265577e-08
33.3232353832 4.20272177937e-08
33.3535292336 4.14684780397e-08
33.3838230839 4.13655526442e-08
33.4141169343 4.08618756896e-08
33.4444107846 4.15519286427e-08
33.474704635 4.13987612685e-08
33.5049984853 4.1073607529e-08
33.5352923357 4.15515930917e-08
33.565586186 4.12196096828e-08
33.5958800364 4.12940487566e-08
33.6261738867 4.10346108375e-08
33.656467737 4.12916158021e-08
33.6867615874 4.13747854373e-08
33.7170554377 4.09991770272e-08
33.7473492881 4.1416125006e-08
33.7776431384 4.10664168317e-08
33.8079369888 4.06865455138e-08
33.8382308391 4.10177482939e-08
33.8685246895 4.12416453006e-08
33.8988185398 4.13621744398e-08
33.9291123902 4.13081577142e-08
33.9594062405 4.0973083346e-08
33.9897000909 4.11240396998e-08
34.0199939412 4.10318859724e-08
34.0502877916 4.11268284641e-08
34.0805816419 4.11476575453e-08
34.1108754923 4.0681286245e-08
34.1411693426 4.10422458123e-08
34.171463193 4.06146101741e-08
34.2017570433 4.07013070208e-08
34.2320508937 4.10612825849e-08
34.262344744 4.05187755466e-08
34.2926385944 4.05628393914e-08
34.3229324447 4.06584237424e-08
34.3532262951 4.06523394291e-08
34.3835201454 4.05430067547e-08
34.4138139958 4.07262619977e-08
34.4441078461 4.0597826652e-08
34.4744016965 4.06723501107e-08
34.5046955468 4.0925467704e-08
34.5349893972 4.07628590562e-08
34.5652832475 4.04756633836e-08
34.5955770978 4.08396863352e-08
34.6258709482 4.06541692829e-08
34.6561647985 4.04254267907e-08
34.6864586489 4.07870770012e-08
34.7167524992 4.03375629451e-08
34.7470463496 4.04395930632e-08
34.7773401999 4.06240628246e-08
34.8076340503 4.048168673e-08
34.8379279006 4.04301477496e-08
34.868221751 4.03617229172e-08
34.8985156013 4.03917682915e-08
34.9288094517 4.05758483118e-08
34.959103302 4.05531757843e-08
34.9893971524 4.02740596133e-08
35.0196910027 4.00647389899e-08
35.0499848531 4.02919498239e-08
35.0802787034 4.04187942497e-08
35.1105725538 4.02623891691e-08
35.1408664041 4.00335155705e-08
35.1711602545 4.02416619543e-08
35.2014541048 4.00812205167e-08
35.2317479552 4.01627771019e-08
35.2620418055 4.03916773586e-08
35.2923356559 4.03390478369e-08
35.3226295062 3.9889813559e-08
35.3529233566 4.00114655707e-08
35.3832172069 4.00752855008e-08
35.4135110573 3.99989437092e-08
35.4438049076 4.01504124924e-08
35.474098758 4.00441476993e-08
35.5043926083 3.99474672913e-08
35.5346864586 3.98306051469e-08
35.564980309 3.99384737305e-08
35.5952741593 3.98723961054e-08
35.6255680097 3.99305319035e-08
35.65586186 3.9983523251e-08
35.6861557104 3.97809501858e-08
35.7164495607 3.98551079311e-08
35.7467434111 3.99312679684e-08
35.7770372614 3.97837329109e-08
35.8073311118 3.9693871792e-08
35.8376249621 3.97370185309e-08
35.8679188125 3.96776327515e-08
35.8982126628 3.99101432001e-08
35.9285065132 3.96858675349e-08
35.9588003635 3.96350488928e-08
35.9890942139 3.96517718852e-08
36.0193880642 3.96343771175e-08
36.0496819146 3.96312886686e-08
36.0799757649 3.9508092185e-08
36.1102696153 3.9676901535e-08
36.1405634656 3.95205308948e-08
36.170857316 3.95660697475e-08
36.2011511663 3.94523060712e-08
36.2314450167 3.95908337376e-08
36.261738867 3.94666829153e-08
36.2920327174 3.95384185427e-08
36.3223265677 3.95456130195e-08
36.3526204181 3.9441438119e-08
36.3829142684 3.94580180531e-08
36.4132081188 3.94994162319e-08
36.4435019691 3.93730177239e-08
36.4737958194 3.9430982092e-08
36.5040896698 3.94092367925e-08
36.5343835201 3.93635729534e-08
36.5646773705 3.92905657083e-08
36.5949712208 3.92335626829e-08
36.6252650712 3.93001232891e-08
36.6555589215 3.92577229849e-08
36.6858527719 3.93528357613e-08
36.7161466222 3.92379889276e-08
36.7464404726 3.91869034058e-08
36.7767343229 3.92614475442e-08
36.8070281733 3.9213712108e-08
36.8373220236 3.91997279508e-08
36.867615874 3.91527028375e-08
36.8979097243 3.90846842723e-08
36.9282035747 3.91761015459e-08
36.958497425 3.90686437369e-08
36.9887912754 3.90369041713e-08
37.0190851257 3.91115752702e-08
37.0493789761 3.90679254404e-08
37.0796728264 3.89872587564e-08
37.1099666768 3.90217273528e-08
37.1402605271 3.9036489654e-08
37.1705543775 3.89132296937e-08
37.2008482278 3.89659203869e-08
37.2311420782 3.89505677767e-08
37.2614359285 3.89554335951e-08
37.2917297789 3.88841185503e-08
37.3220236292 3.88042938293e-08
37.3523174796 3.89281123738e-08
37.3826113299 3.88363052793e-08
37.4129051802 3.87922168382e-08
37.4431990306 3.88864701936e-08
37.4734928809 3.88261524301e-08
37.5037867313 3.87398837964e-08
37.5340805816 3.88034691854e-08
37.564374432 3.8804715713e-08
37.5946682823 3.86847020437e-08
37.6249621327 3.87038079451e-08
37.655255983 3.8749903695e-08
37.6855498334 3.8694503525e-08
37.7158436837 3.86434135783e-08
37.7461375341 3.85815170914e-08
37.7764313844 3.86591424507e-08
37.8067252348 3.8649650269e-08
37.8370190851 3.86441368471e-08
37.8673129355 3.86520918466e-08
37.8976067858 3.85919323788e-08
37.9279006362 3.8572492828e-08
37.9581944865 3.85298874644e-08
37.9884883369 3.85401131977e-08
38.0187821872 3.85228711135e-08
38.0490760376 3.84868211089e-08
38.0793698879 3.84883934145e-08
38.1096637383 3.8472857822e-08
38.1399575886 3.84777820462e-08
38.170251439 3.84178610456e-08
38.2005452893 3.84379420696e-08
38.2308391397 3.84354416528e-08
38.26113299 3.83792447103e-08
38.2914268404 3.83777761874e-08
38.3217206907 3.8394343119e-08
38.352014541 3.84054642366e-08
38.3823083914 3.83362860752e-08
38.4126022417 3.83222154188e-08
38.4428960921 3.8341354245e-08
38.4731899424 3.82895997521e-08
38.5034837928 3.8280847149e-08
38.5337776431 3.82736635078e-08
38.5640714935 3.82430587771e-08
38.5943653438 3.8266850807e-08
38.6246591942 3.82649177138e-08
38.6549530445 3.82106490397e-08
38.6852468949 3.82057419968e-08
38.7155407452 3.81886835932e-08
38.7458345956 3.82092184933e-08
38.7761284459 3.81682213481e-08
38.8064222963 3.81162178804e-08
38.8367161466 3.81111649449e-08
38.867009997 3.81424518338e-08
38.8973038473 3.8100733258e-08
38.9275976977 3.80561071331e-08
38.957891548 3.80864903205e-08
38.9881853984 3.80621369451e-08
39.0184792487 3.80694451928e-08
39.0487730991 3.80330103739e-08
39.0790669494 3.80327112904e-08
39.1093607998 3.79970783077e-08
39.1396546501 3.79769191045e-08
39.1699485005 3.79614335411e-08
39.2002423508 3.79619868258e-08
39.2305362012 3.79452630669e-08
39.2608300515 3.79325584581e-08
39.2911239018 3.7932410273e-08
39.3214177522 3.78999378176e-08
39.3517116025 3.79072972869e-08
39.3820054529 3.79011989064e-08
39.4122993032 3.7870440786e-08
39.4425931536 3.78443631684e-08
39.4728870039 3.78280075057e-08
39.5031808543 3.78391761753e-08
39.5334747046 3.78280683329e-08
39.563768555 3.77990242008e-08
39.5940624053 3.77908801366e-08
39.6243562557 3.77847354451e-08
39.654650106 3.77717197455e-08
39.6849439564 3.77653105559e-08
39.7152378067 3.77318614313e-08
39.7455316571 3.77423559259e-08
39.7758255074 3.77375397426e-08
39.8061193578 3.76865365232e-08
39.8364132081 3.76821006325e-08
39.8667070585 3.76697148943e-08
39.8970009088 3.76612057488e-08
39.9272947592 3.76559059043e-08
39.9575886095 3.7635769574e-08
39.9878824599 3.76287631372e-08
40.0181763102 3.76219869081e-08
40.0484701606 3.76004332431e-08
40.0787640109 3.75944703985e-08
40.1090578613 3.7578368679e-08
40.1393517116 3.75515198548e-08
40.169645562 3.75428674636e-08
40.1999394123 3.7549689955e-08
40.2302332626 3.75286170541e-08
40.260527113 3.75235292685e-08
40.2908209633 3.75069100469e-08
40.3211148137 3.75029706726e-08
40.351408664 3.7475885246e-08
40.3817025144 3.74729219344e-08
40.4119963647 3.74616329387e-08
40.4422902151 3.7454359303e-08
40.4725840654 3.74431667255e-08
40.5028779158 3.74242969512e-08
40.5331717661 3.7419491728e-08
40.5634656165 3.73910135549e-08
40.5937594668 3.73943293645e-08
40.6240533172 3.73806259667e-08
40.6543471675 3.73672804408e-08
40.6846410179 3.73558204362e-08
40.7149348682 3.7346397486e-08
40.7452287186 3.73386594971e-08
40.7755225689 3.73227738948e-08
40.8058164193 3.73047586963e-08
40.8361102696 3.72949110295e-08
40.86640412 3.72878995435e-08
40.8966979703 3.72724592609e-08
40.9269918207 3.72623442351e-08
40.957285671 3.72560038186e-08
40.9875795214 3.72400916247e-08
41.0178733717 3.72293273515e-08
41.0481672221 3.72226501663e-08
41.0784610724 3.72122628162e-08
41.1087549228 3.71991569826e-08
41.1390487731 3.71857610031e-08
41.1693426234 3.71867577854e-08
41.1996364738 3.71709906297e-08
41.2299303241 3.71614926934e-08
41.2602241745 3.7146064373e-08
41.2905180248 3.71286669465e-08
41.3208118752 3.71302201132e-08
41.3511057255 3.71283904737e-08
41.3813995759 3.71121089963e-08
41.4116934262 3.70986110177e-08
41.4419872766 3.70821510983e-08
41.4722811269 3.70773686676e-08
41.5025749773 3.70638785723e-08
41.5328688276 3.70567168818e-08
41.563162678 3.7045563198e-08
41.5934565283 3.70367522961e-08
41.6237503787 3.70252561482e-08
41.654044229 3.70150811724e-08
41.6843380794 3.70065209551e-08
41.7146319297 3.69947394075e-08
41.7449257801 3.69837485527e-08
41.7752196304 3.69740534232e-08
41.8055134808 3.69673518114e-08
41.8358073311 3.69555265713e-08
41.8661011815 3.69489514388e-08
41.8963950318 3.69353176535e-08
41.9266888822 3.69238975609e-08
41.9569827325 3.69117031885e-08
41.9872765829 3.69038280752e-08
42.0175704332 3.68968390444e-08
42.0478642836 3.68884121446e-08
42.0781581339 3.68751718021e-08
42.1084519842 3.68732157061e-08
42.1387458346 3.68615839579e-08
42.1690396849 3.68557064015e-08
42.1993335353 3.68394995778e-08
42.2296273856 3.68312352773e-08
42.259921236 3.6823506764e-08
42.2902150863 3.68127147683e-08
42.3205089367 3.68058773722e-08
42.350802787 3.67989854226e-08
42.3810966374 3.67878310235e-08
42.4113904877 3.67762104075e-08
42.4416843381 3.67636273786e-08
42.4719781884 3.67579603706e-08
42.5022720388 3.67527655958e-08
42.5325658891 3.67408317629e-08
42.5628597395 3.6731306754e-08
42.5931535898 3.67230039309e-08
42.6234474402 3.67154839856e-08
42.6537412905 3.67066494438e-08
42.6840351409 3.6696733939e-08
42.7143289912 3.66919695362e-08
42.7446228416 3.66802496167e-08
42.7749166919 3.66708339409e-08
42.8052105423 3.66622998059e-08
42.8355043926 3.66549775866e-08
42.865798243 3.66450336729e-08
42.8960920933 3.66390047805e-08
42.9263859437 3.66298922316e-08
42.956679794 3.66222098668e-08
42.9869736444 3.66132316937e-08
43.0172674947 3.66053680993e-08
43.047561345 3.65958939066e-08
43.0778551954 3.65890405443e-08
43.1081490457 3.65802747002e-08
43.1384428961 3.65727354408e-08
43.1687367464 3.65650004089e-08
43.1990305968 3.65577153333e-08
43.2293244471 3.65488187218e-08
43.2596182975 3.65411504016e-08
43.2899121478 3.65346925805e-08
43.3202059982 3.65250142344e-08
43.3504998485 3.65170318793e-08
43.3807936989 3.65107462086e-08
43.4110875492 3.65000232077e-08
43.4413813996 3.64941563073e-08
43.4716752499 3.64867476267e-08
43.5019691003 3.64785700812e-08
43.5322629506 3.64715183986e-08
43.562556801 3.64641961385e-08
43.5928506513 3.64560028269e-08
43.6231445017 3.64484792153e-08
43.653438352 3.64411774321e-08
43.6837322024 3.64345649363e-08
43.7140260527 3.64272942421e-08
43.7443199031 3.64181795101e-08
43.7746137534 3.64122447261e-08
43.8049076038 3.64050926747e-08
43.8352014541 3.63978634142e-08
43.8654953045 3.63907171466e-08
43.8957891548 3.63835453655e-08
43.9260830051 3.63773234831e-08
43.9563768555 3.63690384156e-08
43.9866707058 3.63626888574e-08
44.0169645562 3.63555107458e-08
44.0472584065 3.63485889294e-08
44.0775522569 3.6341814009e-08
44.1078461072 3.63347915658e-08
44.1381399576 3.63275998897e-08
44.1684338079 3.63206134587e-08
44.1987276583 3.63144592341e-08
44.2290215086 3.63077774785e-08
44.259315359 3.63012212253e-08
44.2896092093 3.62943423327e-08
44.3199030597 3.62879794185e-08
44.35019691 3.62812569987e-08
44.3804907604 3.62748996028e-08
44.4107846107 3.62678290799e-08
44.4410784611 3.62614955056e-08
44.4713723114 3.62552080177e-08
44.5016661618 3.62490735578e-08
44.5319600121 3.62429523994e-08
44.5622538625 3.6236421832e-08
44.5925477128 3.62303550551e-08
44.6228415632 3.62239496021e-08
44.6531354135 3.62176580507e-08
44.6834292639 3.62116293178e-08
44.7137231142 3.6205483173e-08
44.7440169646 3.61991921913e-08
44.7743108149 3.61931706329e-08
44.8046046653 3.61869635224e-08
44.8348985156 3.61813488044e-08
44.8651923659 3.61752349495e-08
44.8954862163 3.6169682459e-08
44.9257800666 3.61633730166e-08
44.956073917 3.61571729702e-08
44.9863677673 3.61515935654e-08
45.0166616177 3.6146241127e-08
45.046955468 3.61404319723e-08
45.0772493184 3.61348818428e-08
45.1075431687 3.61294456603e-08
45.1378370191 3.61236127383e-08
45.1681308694 3.61179879774e-08
45.1984247198 3.61126523586e-08
45.2287185701 3.61071473563e-08
45.2590124205 3.61014315428e-08
45.2893062708 3.60960554793e-08
45.3196001212 3.60908503338e-08
45.3498939715 3.60852845209e-08
45.3801878219 3.60799164129e-08
45.4104816722 3.60747625929e-08
45.4407755226 3.60694791218e-08
45.4710693729 3.60644049997e-08
45.5013632233 3.60592998637e-08
45.5316570736 3.60539599695e-08
45.561950924 3.6048865353e-08
45.5922447743 3.60437535919e-08
45.6225386247 3.60387958648e-08
45.652832475 3.60337811537e-08
45.6831263254 3.60289213625e-08
45.7134201757 3.60238733183e-08
45.7437140261 3.6019062465e-08
45.7740078764 3.60141933963e-08
45.8043017267 3.60095717976e-08
45.8345955771 3.60046980353e-08
45.8648894274 3.599995894e-08
45.8951832778 3.59952358667e-08
45.9254771281 3.59905452655e-08
45.9557709785 3.5985973845e-08
45.9860648288 3.59813254219e-08
46.0163586792 3.59767056581e-08
46.0466525295 3.59722061401e-08
46.0769463799 3.596767871e-08
46.1072402302 3.59633724286e-08
46.1375340806 3.59589144198e-08
46.1678279309 3.59545222026e-08
46.1981217813 3.59501448244e-08
46.2284156316 3.5945826677e-08
46.258709482 3.59415355203e-08
46.2890033323 3.59372238867e-08
46.3192971827 3.59330546945e-08
46.349591033 3.59288724663e-08
46.3798848834 3.59247381445e-08
46.4101787337 3.59206372619e-08
46.4404725841 3.59165801301e-08
46.4707664344 3.59125957733e-08
46.5010602848 3.59086142819e-08
46.5313541351 3.59045975479e-08
46.5616479855 3.5900714613e-08
46.5919418358 3.58967817206e-08
46.6222356862 3.58929458542e-08
46.6525295365 3.58891475108e-08
46.6828233869 3.5885328935e-08
46.7131172372 3.58815815033e-08
46.7434110875 3.58778649166e-08
46.7737049379 3.58741913238e-08
46.8039987882 3.58705499614e-08
46.8342926386 3.5866930858e-08
46.8645864889 3.58633676007e-08
46.8948803393 3.58598256897e-08
46.9251741896 3.58563064677e-08
46.95546804 3.58528366389e-08
46.9857618903 3.58494009223e-08
47.0160557407 3.58459924553e-08
47.046349591 3.58426354993e-08
47.0766434414 3.58393107353e-08
47.1069372917 3.58359998245e-08
47.1372311421 3.58327545318e-08
47.1675249924 3.58295131043e-08
47.1978188428 3.58263317272e-08
47.2281126931 3.58231692706e-08
47.2584065435 3.58200456491e-08
47.2887003938 3.58169589565e-08
47.3189942442 3.58139141071e-08
47.3492880945 3.58108959065e-08
47.3795819449 3.58079093418e-08
47.4098757952 3.58049633977e-08
47.4401696456 3.58020454026e-08
47.4704634959 3.57991671893e-08
47.5007573463 3.57963245524e-08
47.5310511966 3.57935176375e-08
47.561345047 3.57907377887e-08
47.5916388973 3.57880000292e-08
47.6219327477 3.57852947575e-08
47.652226598 3.57826234329e-08
47.6825204483 3.57799862061e-08
47.7128142987 3.57773856455e-08
47.743108149 3.57748165532e-08
47.7734019994 3.57722833656e-08
47.8036958497 3.57697831979e-08
47.8339897001 3.57673204207e-08
47.8642835504 3.57648913359e-08
47.8945774008 3.57624954951e-08
47.9248712511 3.57601360308e-08
47.9551651015 3.57578096533e-08
47.9854589518 3.57555184286e-08
48.0157528022 3.57532610355e-08
48.0460466525 3.57510386023e-08
48.0763405029 3.57488507274e-08
48.1066343532 3.57466967188e-08
48.1369282036 3.57445772036e-08
48.1672220539 3.57424922349e-08
48.1975159043 3.57404417076e-08
48.2278097546 3.57384253372e-08
48.258103605 3.57364434784e-08
48.2883974553 3.57344959514e-08
48.3186913057 3.57325827252e-08
48.348985156 3.57307038686e-08
48.3792790064 3.57288593514e-08
48.4095728567 3.572704913e-08
48.4398667071 3.57252731908e-08
48.4701605574 3.57235316031e-08
48.5004544078 3.57218242718e-08
48.5307482581 3.57201512098e-08
48.5610421085 3.57185124398e-08
48.5913359588 3.57169079276e-08
48.6216298091 3.57153376748e-08
48.6519236595 3.57138016747e-08
48.6822175098 3.57122999163e-08
48.7125113602 3.57108323912e-08
48.7428052105 3.5709399097e-08
48.7730990609 3.57080000207e-08
48.8033929112 3.57066351568e-08
48.8336867616 3.57053045029e-08
48.8639806119 3.57040080475e-08
48.8942744623 3.57027457867e-08
48.9245683126 3.57015177147e-08
48.954862163 3.57003238249e-08
48.9851560133 3.56991641114e-08
49.0154498637 3.56980385684e-08
49.045743714 3.56969471907e-08
49.0760375644 3.56958899727e-08
49.1063314147 3.56948669093e-08
49.1366252651 3.56938779956e-08
49.1669191154 3.56929232266e-08
49.1972129658 3.56920025978e-08
49.2275068161 3.56911161048e-08
49.2578006665 3.56902637428e-08
49.2880945168 3.56894455081e-08
49.3183883672 3.56886613964e-08
49.3486822175 3.56879114043e-08
49.3789760679 3.56871955275e-08
49.4092699182 3.5686513763e-08
49.4395637686 3.56858661072e-08
49.4698576189 3.56852525572e-08
49.5001514693 3.56846731096e-08
49.5304453196 3.5684127762e-08
49.5607391699 3.56836165114e-08
49.5910330203 3.56831393555e-08
49.6213268706 3.56826962919e-08
49.651620721 3.56822873184e-08
49.6819145713 3.56819124332e-08
49.7122084217 3.56815716341e-08
49.742502272 3.56812649197e-08
49.7727961224 3.56809922885e-08
49.8030899727 3.56807537393e-08
49.8333838231 3.56805492704e-08
49.8636776734 3.56803788812e-08
49.8939715238 3.5680242571e-08
49.9242653741 3.5680140339e-08
49.9545592245 3.56800721845e-08
49.9848530748 3.56800381074e-08
