0.0 4.17601710958e-05
0.0302938503484 0.000183792678881
0.0605877006968 0.000111134365595
0.0908815510451 6.49589541425e-05
0.121175401394 0.000114401387422
0.151469251742 8.49996852353e-05
0.18176310209 2.90670404728e-05
0.212056952439 4.67222025318e-05
0.242350802787 0.000163038389404
0.272644653135 0.000151864156224
0.302938503484 0.000135840400669
0.333232353832 9.31107259599e-05
0.363526204181 6.2008049028e-05
0.393820054529 0.000106880506609
0.424113904877 0.000177967319318
0.454407755226 7.99544801083e-05
0.484701605574 0.000103764438709
0.514995455922 0.00016644430483
0.545289306271 9.74645163125e-05
0.575583156619 0.000109665380902
0.605877006968 5.17780223241e-05
0.636170857316 7.43612940869e-05
0.666464707664 2.54488206482e-05
0.696758558013 0.000101811708679
0.727052408361 9.082608347e-05
0.757346258709 5.860982034e-05
0.787640109058 0.000158294323646
0.817933959406 9.85873986124e-05
0.848227809755 0.000153048088867
0.878521660103 0.000111255824412
0.908815510451 0.000194778830101
0.9391093608 0.000203932993059
0.969403211148 0.000233488703264
0.999697061497 0.000165253006219
1.02999091184 7.98339420362e-05
1.06028476219 9.65206589248e-05
1.09057861254 7.72038373489e-05
1.12087246289 0.000109927881198
1.15116631324 7.94389242054e-05
1.18146016359 6.00434262198e-05
1.21175401394 4.96041029638e-05
1.24204786428 2.42194125831e-05
1.27234171463 4.49298506268e-05
1.30263556498 4.1284766835e-05
1.33292941533 9.05636376863e-05
1.36322326568 7.76903863248e-05
1.39351711603 8.76137856534e-05
1.42381096637 2.47144068396e-05
1.45410481672 5.79010389507e-05
1.48439866707 3.74531658845e-05
1.51469251742 1.86459142098e-05
1.54498636777 8.33632198441e-05
1.57528021812 9.52099473655e-05
1.60557406846 9.33126756842e-05
1.63586791881 0.000136259113088
1.66616176916 0.000143740338908
1.69645561951 6.52993289466e-05
1.72674946986 8.05214679944e-05
1.75704332021 1.12564088354e-05
1.78733717055 6.07293943046e-05
1.8176310209 2.14443830743e-05
1.84792487125 7.08868610185e-05
1.8782187216 5.87119603009e-05
1.90851257195 8.67236676321e-05
1.9388064223 0.000104692656957
1.96910027264 9.25651054938e-06
1.99939412299 0.000159989021632
2.02968797334 9.59747353015e-05
2.05998182369 0.000249173869982
2.09027567404 5.91120852579e-05
2.12056952439 9.91740278745e-05
2.15086337473 7.95653787614e-05
2.18115722508 0.000171612781973
2.21145107543 0.000231300529854
2.24174492578 0.000158241610941
2.27203877613 9.24360782364e-05
2.30233262648 5.11672548819e-05
2.33262647683 9.2600422649e-05
2.36292032717 7.05564800908e-05
2.39321417752 2.72901846186e-05
2.42350802787 0.000149084652542
2.45380187822 0.000179541995059
2.48409572857 6.07765708945e-05
2.51438957892 0.000203133048299
2.54468342926 0.000288149093127
2.57497727961 0.000277387593108
2.60527112996 8.91538479937e-05
2.63556498031 1.92973563232e-05
2.66585883066 2.24614909023e-05
2.69615268101 5.68653687767e-05
2.72644653135 8.49629031226e-05
2.7567403817 0.00017569377789
2.78703423205 4.81031322555e-05
2.8173280824 0.000151565238644
2.84762193275 0.000101155600062
2.8779157831 0.000106978261368
2.90820963344 0.000104822743145
2.93850348379 0.000145778182188
2.96879733414 6.27737622111e-05
2.99909118449 5.54973159958e-05
3.02938503484 6.53590593607e-05
3.05967888519 2.72288369318e-05
3.08997273553 0.000127634582112
3.12026658588 0.000169545475767
3.15056043623 0.000126486921089
3.18085428658 0.000150517752672
3.21114813693 0.000110917912023
3.24144198728 8.09229726444e-05
3.27173583762 0.000116432717572
3.30202968797 4.6562490691e-05
3.33232353832 7.08623673484e-05
3.36261738867 8.92992472317e-05
3.39291123902 9.22390854729e-05
3.42320508937 9.9243534303e-05
3.45349893972 2.0531483669e-05
3.48379279006 2.0304254784e-05
3.51408664041 7.01950050436e-05
3.54438049076 9.24139075625e-05
3.57467434111 0.000101493705166
3.60496819146 6.39058089193e-05
3.63526204181 5.33326342031e-05
3.66555589215 2.08692238198e-05
3.6958497425 7.94419572332e-05
3.72614359285 7.30680609593e-05
3.7564374432 7.63580047677e-05
3.78673129355 6.76197544371e-05
3.8170251439 1.99879947813e-05
3.84731899424 1.43395196618e-05
3.87761284459 2.31245719014e-05
3.90790669494 2.23876460071e-05
3.93820054529 1.26880291232e-05
3.96849439564 1.15427064646e-05
3.99878824599 2.24645148054e-05
4.02908209633 2.92693595357e-05
4.05937594668 3.43979300658e-05
4.08966979703 1.93794223072e-05
4.11996364738 4.05634248082e-05
4.15025749773 2.63398131504e-06
4.18055134808 9.78015449267e-06
4.21084519842 2.46200080838e-05
4.24113904877 3.45170616011e-05
4.27143289912 1.61780758414e-05
4.30172674947 1.51464658246e-05
4.33202059982 1.50617810753e-05
4.36231445017 2.02901470301e-05
4.39260830051 2.40797587592e-05
4.42290215086 2.33327268101e-05
4.45319600121 2.50081728893e-05
4.48348985156 4.99027428788e-05
4.51378370191 5.26991112674e-05
4.54407755226 3.39966346808e-05
4.57437140261 1.77800058882e-05
4.60466525295 1.94265135721e-05
4.6349591033 1.3066196234e-05
4.66525295365 1.82813456907e-05
4.695546804 2.03795393709e-05
4.72584065435 1.5131491605e-05
4.7561345047 1.4631489042e-05
4.78642835504 2.71628813912e-05
4.81672220539 9.08590404611e-06
4.84701605574 2.11054278023e-05
4.87730990609 1.91104524685e-05
4.90760375644 1.35460208983e-05
4.93789760679 9.21176070844e-06
4.96819145713 1.77573389963e-06
4.99848530748 1.64271511703e-05
5.02877915783 5.96649644873e-06
5.05907300818 2.72032134662e-06
5.08936685853 1.63752422144e-05
5.11966070888 1.67439395736e-05
5.14995455922 2.97036358709e-06
5.18024840957 1.51069211969e-05
5.21054225992 2.15823328117e-05
5.24083611027 1.6016994994e-05
5.27112996062 1.46877263961e-05
5.30142381097 1.07997916827e-05
5.33171766131 1.79338498e-05
5.36201151166 1.77458026473e-05
5.39230536201 8.16889089778e-06
5.42259921236 1.29186932538e-05
5.45289306271 1.10099761125e-05
5.48318691306 5.77067804143e-06
5.51348076341 1.28896121598e-05
5.54377461375 6.57095695152e-06
5.5740684641 7.61062758225e-06
5.60436231445 1.10835013853e-05
5.6346561648 9.91823154649e-06
5.66495001515 4.8570116812e-06
5.6952438655 1.96100704814e-06
5.72553771584 2.70814242664e-06
5.75583156619 1.81553711868e-05
5.78612541654 1.71930869296e-05
5.81641926689 2.40786610416e-05
5.84671311724 2.23451281288e-05
5.87700696759 1.24642489608e-05
5.90730081793 6.12342694936e-06
5.93759466828 1.38054648421e-05
5.96788851863 3.52803310673e-06
5.99818236898 7.3732823676e-06
6.02847621933 6.78606270793e-06
6.05877006968 6.27682617648e-06
6.08906392002 6.40360394771e-06
6.11935777037 6.23206802283e-06
6.14965162072 4.75748245678e-06
6.17994547107 9.53550954206e-06
6.21023932142 1.57499433943e-05
6.24053317177 2.40269640605e-05
6.27082702211 1.51866469639e-05
6.30112087246 1.30612044383e-05
6.33141472281 1.33500445155e-05
6.36170857316 8.49463672325e-06
6.39200242351 2.5491244039e-06
6.42229627386 1.44864743589e-05
6.4525901242 6.78874753736e-06
6.48288397455 4.41987843269e-06
6.5131778249 6.50812348061e-06
6.54347167525 6.12626868957e-06
6.5737655256 1.53621899773e-05
6.60405937595 1.45556766935e-05
6.6343532263 1.32994515273e-05
6.66464707664 6.01276806809e-06
6.69494092699 1.47221590965e-05
6.72523477734 1.71492479906e-05
6.75552862769 1.9615205399e-05
6.78582247804 1.71216121727e-05
6.81611632839 1.62292176517e-05
6.84641017873 2.06616198799e-05
6.87670402908 1.81705421572e-05
6.90699787943 5.36176794764e-06
6.93729172978 5.28617834496e-06
6.96758558013 4.02831970578e-06
6.99787943048 6.34234080451e-07
7.02817328082 8.27766431935e-06
7.05846713117 2.77012275911e-06
7.08876098152 1.32854099481e-05
7.11905483187 1.84663771777e-05
7.14934868222 1.71016934075e-05
7.17964253257 1.29608952735e-05
7.20993638291 6.98213036972e-06
7.24023023326 2.62854861964e-06
7.27052408361 1.04393755853e-05
7.30081793396 7.1388744219e-06
7.33111178431 8.25994868434e-06
7.36140563466 1.40644107373e-05
7.391699485 7.40402405698e-06
7.42199333535 2.74379949307e-06
7.4522871857 3.40623876748e-06
7.48258103605 3.26805499949e-06
7.5128748864 6.0390041498e-06
7.54316873675 7.65828638588e-06
7.57346258709 1.00766735018e-05
7.60375643744 1.37379935061e-05
7.63405028779 8.53885477842e-06
7.66434413814 9.73589219689e-06
7.69463798849 7.40157718387e-06
7.72493183884 1.36377649017e-06
7.75522568919 5.70156948071e-06
7.78551953953 2.83715781407e-06
7.81581338988 5.60699941663e-06
7.84610724023 7.43228323471e-06
7.87640109058 6.21275253584e-06
7.90669494093 7.99634551015e-06
7.93698879128 4.65232344991e-06
7.96728264162 4.00901150846e-06
7.99757649197 2.19629130241e-06
8.02787034232 3.82850833117e-06
8.05816419267 6.27894319671e-06
8.08845804302 4.0184424107e-06
8.11875189337 5.32368252432e-06
8.14904574371 1.18857654326e-05
8.17933959406 5.1985574904e-06
8.20963344441 5.17869629016e-06
8.23992729476 2.02279884964e-06
8.27022114511 4.01938445231e-06
8.30051499546 4.81841068903e-06
8.3308088458 3.8131731619e-06
8.36110269615 1.30886638194e-06
8.3913965465 6.16005250171e-06
8.42169039685 6.41035434349e-06
8.4519842472 6.01928508202e-06
8.48227809755 6.3992519333e-06
8.51257194789 5.18920653372e-06
8.54286579824 1.55205220724e-06
8.57315964859 3.69050427235e-06
8.60345349894 4.82118770407e-06
8.63374734929 1.94522033676e-06
8.66404119964 3.34004579894e-06
8.69433504998 8.24870984444e-07
8.72462890033 4.02988466866e-06
8.75492275068 2.40220974555e-06
8.78521660103 3.02517675912e-06
8.81551045138 2.58121010996e-06
8.84580430173 4.48253043176e-06
8.87609815208 3.5148939821e-06
8.90639200242 6.58709044183e-06
8.93668585277 6.18970175718e-06
8.96697970312 4.4650887568e-06
8.99727355347 8.6595526082e-06
9.02756740382 6.5574475143e-06
9.05786125417 6.01653992231e-06
9.08815510451 3.18985977658e-06
9.11844895486 4.71533844073e-06
9.14874280521 7.19967564773e-06
9.17903665556 6.48050963957e-06
9.20933050591 5.90707494822e-06
9.23962435626 4.39451316716e-06
9.2699182066 6.98298322272e-06
9.30021205695 1.15336911931e-05
9.3305059073 9.16446219886e-06
9.36079975765 3.8324287862e-06
9.391093608 6.78305995025e-06
9.42138745835 2.56744101068e-06
9.45168130869 3.63258976016e-06
9.48197515904 7.046470099e-06
9.51226900939 4.11919807935e-06
9.54256285974 2.27839734875e-06
9.57285671009 3.46787225946e-06
9.60315056044 2.26576212577e-06
9.63344441078 7.56678958188e-06
9.66373826113 3.64865191561e-06
9.69403211148 3.87460627859e-06
9.72432596183 4.00467540204e-06
9.75461981218 2.48190292267e-06
9.78491366253 5.60793905965e-06
9.81520751287 2.30801635076e-06
9.84550136322 2.17594800575e-06
9.87579521357 3.47822899398e-06
9.90608906392 2.88381632514e-06
9.93638291427 7.1256650178e-06
9.96667676462 5.19526049039e-06
9.99697061497 4.2052477405e-06
10.0272644653 2.24593119698e-06
10.0575583157 4.13345363994e-06
10.087852166 2.76338937527e-06
10.1181460164 2.28434337171e-06
10.1484398667 3.14174471546e-06
10.1787337171 1.06878193386e-06
10.2090275674 3.19236914459e-06
10.2393214178 1.3682662426e-06
10.2696152681 2.33725656916e-06
10.2999091184 4.30757851095e-06
10.3302029688 1.03044088528e-07
10.3604968191 1.0352323726e-06
10.3907906695 1.81432400943e-06
10.4210845198 2.62930511794e-06
10.4513783702 1.31600494222e-06
10.4816722205 1.10588390171e-06
10.5119660709 1.46143302593e-06
10.5422599212 2.16183165102e-06
10.5725537716 3.99050767636e-06
10.6028476219 2.91334816925e-06
10.6331414723 1.45640099466e-06
10.6634353226 4.23872674818e-07
10.693729173 1.02848571091e-06
10.7240230233 3.92788688057e-06
10.7543168737 3.18641130416e-06
10.784610724 2.83857284902e-06
10.8149045744 2.60816305798e-06
10.8451984247 2.15457568046e-06
10.8754922751 2.23681900159e-06
10.9057861254 1.3017525712e-06
10.9360799758 5.12142170482e-07
10.9663738261 1.31727647974e-06
10.9966676765 2.38049273726e-06
11.0269615268 2.54248869007e-06
11.0572553772 2.64841789241e-06
11.0875492275 1.89346188013e-06
11.1178430779 5.19545480646e-07
11.1481369282 1.43094954841e-06
11.1784307786 2.40440466954e-06
11.2087246289 1.6050413996e-06
11.2390184792 1.73755456577e-06
11.2693123296 1.12035700363e-06
11.2996061799 2.77240158317e-07
11.3299000303 1.98957067681e-06
11.3601938806 8.75255271499e-07
11.390487731 1.07785782223e-06
11.4207815813 3.70261981639e-06
11.4510754317 4.13648013287e-06
11.481369282 4.23521572449e-06
11.5116631324 7.78143178194e-07
11.5419569827 1.00210210163e-06
11.5722508331 2.28507388436e-06
11.6025446834 2.72952598266e-06
11.6328385338 1.22149930908e-06
11.6631323841 2.3599263003e-06
11.6934262345 3.06981550172e-06
11.7237200848 1.43154830069e-06
11.7540139352 1.23860963318e-06
11.7843077855 2.68960008946e-06
11.8146016359 1.61067687962e-06
11.8448954862 2.37229072243e-06
11.8751893366 3.41239254645e-06
11.9054831869 1.08575303866e-06
11.9357770373 1.69116769376e-06
11.9660708876 1.3993288283e-06
11.996364738 8.55387260369e-07
12.0266585883 1.52513424917e-06
12.0569524387 1.81027886314e-06
12.087246289 2.37780773806e-06
12.1175401394 3.6030492307e-06
12.1478339897 2.39048470896e-06
12.17812784 7.6943539501e-07
12.2084216904 1.00810413535e-06
12.2387155407 3.27748635019e-06
12.2690093911 2.18241767415e-06
12.2993032414 6.02549029584e-07
12.3295970918 1.37853569859e-06
12.3598909421 5.23399387772e-07
12.3901847925 8.52314553088e-07
12.4204786428 1.33654877879e-06
12.4507724932 2.77747363745e-07
12.4810663435 6.04261963073e-07
12.5113601939 1.92677216205e-06
12.5416540442 2.71713401916e-06
12.5719478946 1.25301793592e-06
12.6022417449 1.50311820831e-06
12.6325355953 1.7562454194e-06
12.6628294456 1.08764434715e-06
12.693123296 1.01527992791e-06
12.7234171463 3.27891674105e-07
12.7537109967 8.82132243528e-07
12.784004847 5.01612052094e-07
12.8142986974 1.6287459826e-06
12.8445925477 2.35462058937e-06
12.8748863981 1.15043671159e-06
12.9051802484 1.30338853808e-06
12.9354740988 8.59422467749e-07
12.9657679491 8.64639780131e-07
12.9960617995 2.29767457519e-06
13.0263556498 2.38912827212e-06
13.0566495002 1.20760548097e-06
13.0869433505 5.1456122662e-07
13.1172372008 9.80235259507e-07
13.1475310512 8.06684590604e-07
13.1778249015 2.17591113605e-07
13.2081187519 8.96712776175e-07
13.2384126022 5.90509581791e-07
13.2687064526 1.68795060126e-06
13.2990003029 8.43954509005e-07
13.3292941533 6.11712055712e-07
13.3595880036 3.96475722539e-07
13.389881854 2.40955976261e-07
13.4201757043 9.85325663619e-07
13.4504695547 8.89950109111e-07
13.480763405 1.02869815684e-06
13.5110572554 3.16002878644e-07
13.5413511057 5.73344305349e-07
13.5716449561 8.86895267129e-07
13.6019388064 5.45485015978e-07
13.6322326568 8.76877663926e-07
13.6625265071 2.96989609334e-07
13.6928203575 8.75344715102e-07
13.7231142078 1.09828890776e-06
13.7534080582 9.977062546e-07
13.7837019085 9.22801282235e-07
13.8139957589 7.28754034418e-07
13.8442896092 5.54629894108e-07
13.8745834596 7.01760436723e-07
13.9048773099 6.31835993804e-07
13.9351711603 5.32863444596e-07
13.9654650106 6.40044567587e-07
13.995758861 1.46579279907e-07
14.0260527113 5.17167416892e-07
14.0563465616 6.14846994937e-07
14.086640412 6.42146705869e-07
14.1169342623 2.77619172482e-07
14.1472281127 1.43539085449e-06
14.177521963 5.07363354472e-07
14.2078158134 8.12837183061e-07
14.2381096637 1.63460854762e-06
14.2684035141 1.40210311503e-06
14.2986973644 1.35740777053e-06
14.3289912148 3.23708639512e-07
14.3592850651 4.8308008316e-07
14.3895789155 5.40689549503e-07
14.4198727658 6.57708794495e-07
14.4501666162 1.47333806801e-06
14.4804604665 1.41800890868e-06
14.5107543169 2.5094688881e-07
14.5410481672 7.44016564119e-07
14.5713420176 2.80818241182e-07
14.6016358679 2.7371997673e-07
14.6319297183 6.46313388074e-07
14.6622235686 5.93254497606e-07
14.692517419 4.26202986936e-07
14.7228112693 3.95578481644e-07
14.7531051197 1.30830282803e-07
14.78339897 3.23847289289e-07
14.8136928204 7.35250395667e-07
14.8439866707 1.345996813e-06
14.8742805211 1.51267180354e-06
14.9045743714 7.27274437976e-07
14.9348682218 1.48073918001e-06
14.9651620721 1.48527196597e-06
14.9954559224 8.39664864247e-07
15.0257497728 8.06539000669e-07
15.0560436231 7.07329871933e-07
15.0863374735 1.37065714446e-06
15.1166313238 7.33315440771e-07
15.1469251742 6.70465671549e-07
15.1772190245 9.21692205468e-07
15.2075128749 1.07428366582e-06
15.2378067252 1.19125081188e-06
15.2681005756 8.19815582386e-07
15.2983944259 7.20701107445e-07
15.3286882763 1.03372169734e-06
15.3589821266 6.7387159374e-07
15.389275977 1.27371409126e-06
15.4195698273 9.02422900443e-07
15.4498636777 1.29318730226e-07
15.480157528 2.51765254382e-07
15.5104513784 3.48897346603e-07
15.5407452287 9.56037810612e-07
15.5710390791 4.07245854001e-07
15.6013329294 6.10405553639e-07
15.6316267798 9.98538539232e-07
15.6619206301 2.99302831825e-07
15.6922144805 4.12912829605e-07
15.7225083308 5.65835374999e-07
15.7528021812 2.66229368152e-07
15.7830960315 6.62176963193e-07
15.8133898819 3.67748421777e-07
15.8436837322 8.84760624493e-07
15.8739775826 6.0567749915e-07
15.9042714329 2.92309870968e-07
15.9345652832 3.68437491711e-07
15.9648591336 3.17047178423e-07
15.9951529839 2.33126361647e-07
16.0254468343 8.57448705332e-07
16.0557406846 3.19173188576e-07
16.086034535 3.910418134e-07
16.1163283853 5.22986095547e-07
16.1466222357 3.90812351125e-07
16.176916086 4.75438102767e-07
16.2072099364 5.31206402379e-07
16.2375037867 4.1748952239e-07
16.2677976371 2.82681509963e-07
16.2980914874 8.24944137588e-07
16.3283853378 8.57651201132e-07
16.3586791881 3.64863189002e-07
16.3889730385 3.9899631672e-07
16.4192668888 1.07507598385e-06
16.4495607392 6.29167611152e-07
16.4798545895 5.37329020934e-07
16.5101484399 2.37720268665e-07
16.5404422902 3.04116600201e-07
16.5707361406 2.53490158185e-07
16.6010299909 6.32365251059e-07
16.6313238413 5.30867149457e-07
16.6616176916 3.72843711312e-07
16.691911542 2.36377800613e-07
16.7222053923 2.5357949179e-07
16.7524992427 6.09984543269e-07
16.782793093 4.887942065e-07
16.8130869434 5.40450293133e-07
16.8433807937 7.09494390653e-07
16.873674644 1.79403297763e-07
16.9039684944 3.91712870917e-07
16.9342623447 3.82594061776e-07
16.9645561951 2.94536494674e-07
16.9948500454 8.11096675414e-07
17.0251438958 5.75807583405e-07
17.0554377461 9.54973672922e-07
17.0857315965 4.56319469258e-07
17.1160254468 3.44274864758e-07
17.1463192972 6.47607514175e-07
17.1766131475 4.34986187653e-07
17.2069069979 4.28124819911e-07
17.2372008482 4.1843644182e-07
17.2674946986 5.72415596047e-07
17.2977885489 3.20771000254e-07
17.3280823993 4.76895138504e-07
17.3583762496 5.91945358583e-07
17.3886701 5.07572979831e-07
17.4189639503 6.37014767613e-07
17.4492578007 5.15442371933e-07
17.479551651 2.99263152585e-07
17.5098455014 4.58459574843e-07
17.5401393517 3.73549471915e-07
17.5704332021 1.82636214496e-07
17.6007270524 2.76274572227e-07
17.6310209028 3.22512803022e-07
17.6613147531 2.94243841163e-07
17.6916086035 6.40619542884e-07
17.7219024538 3.16222388995e-07
17.7521963042 5.98649206353e-07
17.7824901545 3.91665297887e-07
17.8127840048 3.05536557224e-07
17.8430778552 3.63234117801e-07
17.8733717055 2.75296161995e-07
17.9036655559 5.86930868736e-07
17.9339594062 7.73258231348e-07
17.9642532566 4.54176682986e-07
17.9945471069 3.97945666862e-07
18.0248409573 2.9555113987e-07
18.0551348076 3.35671925628e-07
18.085428658 2.37685885071e-07
18.1157225083 3.72465442382e-07
18.1460163587 5.30308369053e-07
18.176310209 2.11104578001e-07
18.2066040594 4.38187921967e-07
18.2368979097 2.90548861257e-07
18.2671917601 3.28899926423e-07
18.2974856104 3.13644105405e-07
18.3277794608 5.56639769989e-07
18.3580733111 2.68579197167e-07
18.3883671615 2.91817259395e-07
18.4186610118 4.90791417633e-07
18.4489548622 2.21305969047e-07
18.4792487125 8.0429761738e-08
18.5095425629 5.84000764836e-07
18.5398364132 6.62905745758e-07
18.5701302636 3.00615592394e-07
18.6004241139 2.83543278436e-07
18.6307179643 5.2918869041e-07
18.6610118146 4.0264352073e-07
18.691305665 2.71512489119e-07
18.7215995153 5.48815116742e-07
18.7518933656 5.37491873904e-07
18.782187216 2.90121944306e-07
18.8124810663 5.34182713189e-07
18.8427749167 3.26781672022e-07
18.873068767 4.41318897444e-07
18.9033626174 3.76685312397e-07
18.9336564677 1.47827412312e-07
18.9639503181 3.81048405512e-07
18.9942441684 4.8370184095e-07
19.0245380188 5.18507982102e-07
19.0548318691 6.79374845449e-08
19.0851257195 3.67344195794e-07
19.1154195698 3.40096868622e-07
19.1457134202 3.67579845905e-07
19.1760072705 2.01925878643e-07
19.2063011209 4.28693362155e-07
19.2365949712 3.53136866479e-07
19.2668888216 1.65322670092e-07
19.2971826719 3.12121145808e-07
19.3274765223 5.68492886838e-07
19.3577703726 2.13476239554e-07
19.388064223 3.99635318905e-07
19.4183580733 2.26712724959e-07
19.4486519237 5.15028907391e-07
19.478945774 3.67719195563e-07
19.5092396244 3.2668309738e-07
19.5395334747 2.66542183931e-07
19.5698273251 3.82903207855e-07
19.6001211754 4.29253056189e-07
19.6304150257 3.74013736225e-07
19.6607088761 3.90935425284e-07
19.6910027264 2.90487067362e-07
19.7212965768 2.38417479836e-07
19.7515904271 3.23198460673e-07
19.7818842775 4.01705768047e-07
19.8121781278 4.08269361985e-07
19.8424719782 3.34383367616e-07
19.8727658285 2.46118277191e-07
19.9030596789 2.58417725215e-07
19.9333535292 4.74158480129e-07
19.9636473796 3.00904496142e-07
19.9939412299 3.95247189287e-07
20.0242350803 2.46138397892e-07
20.0545289306 3.00483312719e-07
20.084822781 3.79784755909e-07
20.1151166313 4.77969292879e-07
20.1454104817 3.35779819887e-07
20.175704332 2.31578605573e-07
20.2059981824 2.84945218345e-07
20.2362920327 3.21327332127e-07
20.2665858831 3.75585595321e-07
20.2968797334 3.21871628694e-07
20.3271735838 2.24625948268e-07
20.3574674341 3.56827928883e-07
20.3877612845 2.81192092304e-07
20.4180551348 4.59250592754e-07
20.4483489852 3.7312456951e-07
20.4786428355 2.65690794302e-07
20.5089366859 3.85291590706e-07
20.5392305362 2.77447036464e-07
20.5695243865 3.52047213831e-07
20.5998182369 3.56498303551e-07
20.6301120872 2.50678362554e-07
20.6604059376 3.08873136178e-07
20.6906997879 3.62413234631e-07
20.7209936383 2.76728039745e-07
20.7512874886 2.64380157499e-07
20.781581339 3.87610367683e-07
20.8118751893 4.33140851388e-07
20.8421690397 2.75363282966e-07
20.87246289 2.77513405905e-07
20.9027567404 3.71007614566e-07
20.9330505907 3.41526661372e-07
20.9633444411 2.49210234559e-07
20.9936382914 2.61398494777e-07
21.0239321418 2.9327907409e-07
21.0542259921 3.21946505376e-07
21.0845198425 3.13919788649e-07
21.1148136928 2.91893785609e-07
21.1451075432 2.05012961764e-07
21.1754013935 3.40635798364e-07
21.2056952439 3.83789903057e-07
21.2359890942 3.02905065094e-07
21.2662829446 2.52616223334e-07
21.2965767949 2.6976576253e-07
21.3268706453 3.44100099669e-07
21.3571644956 2.76882065939e-07
21.387458346 3.62046477824e-07
21.4177521963 3.0794020042e-07
21.4480460467 3.59874019126e-07
21.478339897 3.4690387382e-07
21.5086337473 3.22032318375e-07
21.5389275977 2.67963585394e-07
21.569221448 2.32441518387e-07
21.5995152984 4.17534946454e-07
21.6298091487 3.86641999315e-07
21.6601029991 2.56444562224e-07
21.6903968494 2.96773009653e-07
21.7206906998 3.23221074997e-07
21.7509845501 3.32778633086e-07
21.7812784005 3.48777207559e-07
21.8115722508 3.21982225333e-07
21.8418661012 2.89523727442e-07
21.8721599515 2.65516586504e-07
21.9024538019 3.56837586499e-07
21.9327476522 2.80308173197e-07
21.9630415026 3.29510375333e-07
21.9933353529 2.96431311501e-07
22.0236292033 2.46347055774e-07
22.0539230536 3.53246139896e-07
22.084216904 3.25685884926e-07
22.1145107543 3.20186856928e-07
22.1448046047 2.49215657759e-07
22.175098455 2.97422795016e-07
22.2053923054 3.18577991996e-07
22.2356861557 3.16417270803e-07
22.2659800061 2.5999265962e-07
22.2962738564 2.01324738144e-07
22.3265677068 2.92224436343e-07
22.3568615571 3.19508768538e-07
22.3871554075 2.7777397031e-07
22.4174492578 2.447436381e-07
22.4477431081 2.99886180679e-07
22.4780369585 3.4115228983e-07
22.5083308088 3.07797747849e-07
22.5386246592 2.76045540559e-07
22.5689185095 2.85985913045e-07
22.5992123599 2.74695700079e-07
22.6295062102 2.74578449983e-07
22.6598000606 2.86012544648e-07
22.6900939109 2.99530509329e-07
22.7203877613 3.33656272846e-07
22.7506816116 2.98412048769e-07
22.780975462 2.36909546611e-07
22.8112693123 3.131252866e-07
22.8415631627 3.07719256726e-07
22.871857013 2.66271875634e-07
22.9021508634 3.28850720751e-07
22.9324447137 2.57934788664e-07
22.9627385641 2.75290457681e-07
22.9930324144 2.85655137251e-07
23.0233262648 3.07575055012e-07
23.0536201151 3.30786781969e-07
23.0839139655 2.8078158582e-07
23.1142078158 2.60215918072e-07
23.1445016662 2.86228718271e-07
23.1747955165 3.04049091718e-07
23.2050893669 2.8675875292e-07
23.2353832172 2.89104105556e-07
23.2656770676 3.21363772346e-07
23.2959709179 2.611906935e-07
23.3262647683 2.90160407405e-07
23.3565586186 2.7749214329e-07
23.3868524689 3.14388118572e-07
23.4171463193 3.06196797145e-07
23.4474401696 2.77256833731e-07
23.47773402 2.67333799661e-07
23.5080278703 2.84678818242e-07
23.5383217207 2.99407732588e-07
23.568615571 2.94891872434e-07
23.5989094214 3.05741009001e-07
23.6292032717 2.76564333518e-07
23.6594971221 2.82857310479e-07
23.6897909724 2.98210935692e-07
23.7200848228 2.73710750363e-07
23.7503786731 2.64514236575e-07
23.7806725235 2.7684214915e-07
23.8109663738 2.823788453e-07
23.8412602242 2.86545542805e-07
23.8715540745 2.82625140447e-07
23.9018479249 2.79136842375e-07
23.9321417752 2.6447307605e-07
23.9624356256 2.84476268718e-07
23.9927294759 2.97949004285e-07
24.0230233263 2.76510366116e-07
24.0533171766 2.8874343376e-07
24.083611027 2.74952749527e-07
24.1139048773 2.75894171711e-07
24.1441987277 2.8730155551e-07
24.174492578 3.01781566157e-07
24.2047864284 2.78484109113e-07
24.2350802787 2.54384774578e-07
24.2653741291 2.95479778143e-07
24.2956679794 2.91544271316e-07
24.3259618297 2.68898604457e-07
24.3562556801 2.76349200924e-07
24.3865495304 2.74545997686e-07
24.4168433808 2.80946482449e-07
24.4471372311 2.76737368403e-07
24.4774310815 2.72881797921e-07
24.5077249318 2.78435331652e-07
24.5380187822 2.90464113981e-07
24.5683126325 2.71763580801e-07
24.5986064829 2.59528480254e-07
24.6289003332 2.81752466746e-07
24.6591941836 2.89791467231e-07
24.6894880339 2.83635496555e-07
24.7197818843 2.58893862207e-07
24.7500757346 2.68263310621e-07
24.780369585 2.79643013299e-07
24.8106634353 2.72999488608e-07
24.8409572857 2.78032561849e-07
24.871251136 2.75038913962e-07
24.9015449864 2.59751615259e-07
24.9318388367 2.65821461858e-07
24.9621326871 2.80558523087e-07
24.9924265374 2.83974793701e-07
25.0227203878 2.65838435071e-07
25.0530142381 2.70076389311e-07
25.0833080885 2.72352807762e-07
25.1136019388 2.76567680894e-07
25.1438957892 2.56919967261e-07
25.1741896395 2.71654992973e-07
25.2044834899 2.75490126838e-07
25.2347773402 2.76739507707e-07
25.2650711905 2.73184067222e-07
25.2953650409 2.69212273738e-07
25.3256588912 2.66614510559e-07
25.3559527416 2.54574807789e-07
25.3862465919 2.58084529828e-07
25.4165404423 2.76510861118e-07
25.4468342926 2.69141346004e-07
25.477128143 2.57533417098e-07
25.5074219933 2.64016441803e-07
25.5377158437 2.5669818331e-07
25.568009694 2.72549823153e-07
25.5983035444 2.67276630879e-07
25.6285973947 2.69144637519e-07
25.6588912451 2.65398583974e-07
25.6891850954 2.68273908797e-07
25.7194789458 2.71492391229e-07
25.7497727961 2.71307760829e-07
25.7800666465 2.66344938733e-07
25.8103604968 2.60035104546e-07
25.8406543472 2.56528596627e-07
25.8709481975 2.67367550616e-07
25.9012420479 2.61399784135e-07
25.9315358982 2.69486686057e-07
25.9618297486 2.7120366878e-07
25.9921235989 2.64449102046e-07
26.0224174493 2.58067313523e-07
26.0527112996 2.52228524109e-07
26.08300515 2.65328096773e-07
26.1132990003 2.66996727941e-07
26.1435928507 2.69944928253e-07
26.173886701 2.58232723439e-07
26.2041805513 2.5897916288e-07
26.2344744017 2.61645654497e-07
26.264768252 2.58142867259e-07
26.2950621024 2.58708113367e-07
26.3253559527 2.63605844119e-07
26.3556498031 2.62155879426e-07
26.3859436534 2.58744557339e-07
26.4162375038 2.63371566552e-07
26.4465313541 2.61929814707e-07
26.4768252045 2.57805302302e-07
26.5071190548 2.59590788568e-07
26.5374129052 2.70243403326e-07
26.5677067555 2.61615941442e-07
26.5980006059 2.54568550849e-07
26.6282944562 2.52877311977e-07
26.6585883066 2.62489768333e-07
26.6888821569 2.5392120217e-07
26.7191760073 2.63170925469e-07
26.7494698576 2.60622603016e-07
26.779763708 2.57247316749e-07
26.8100575583 2.55600079179e-07
26.8403514087 2.53676061505e-07
26.870645259 2.53736685369e-07
26.9009391094 2.57068239668e-07
26.9312329597 2.53943477486e-07
26.9615268101 2.54195985862e-07
26.9918206604 2.59980082459e-07
27.0221145108 2.59530632186e-07
27.0524083611 2.548019002e-07
27.0827022115 2.5349899498e-07
27.1129960618 2.59604622988e-07
27.1432899121 2.54401689093e-07
27.1735837625 2.53965328101e-07
27.2038776128 2.54463477362e-07
27.2341714632 2.51386699189e-07
27.2644653135 2.54565782811e-07
27.2947591639 2.54615634943e-07
27.3250530142 2.51356558561e-07
27.3553468646 2.48861719741e-07
27.3856407149 2.51748508843e-07
27.4159345653 2.49380161934e-07
27.4462284156 2.50212761361e-07
27.476522266 2.50308122765e-07
27.5068161163 2.51678194815e-07
27.5371099667 2.51295480747e-07
27.567403817 2.52886907047e-07
27.5976976674 2.50345800824e-07
27.6279915177 2.48557440476e-07
27.6582853681 2.4896238354e-07
27.6885792184 2.54249694175e-07
27.7188730688 2.49708175832e-07
27.7491669191 2.52355992159e-07
27.7794607695 2.54099535957e-07
27.8097546198 2.49384935706e-07
27.8400484702 2.4794206842e-07
27.8703423205 2.46407522716e-07
27.9006361709 2.49545326988e-07
27.9309300212 2.50599650513e-07
27.9612238716 2.49170054561e-07
27.9915177219 2.47192581878e-07
28.0218115723 2.49603565769e-07
28.0521054226 2.45945851543e-07
28.0823992729 2.47849261913e-07
28.1126931233 2.46940475514e-07
28.1429869736 2.49588131918e-07
28.173280824 2.47095953761e-07
28.2035746743 2.5101676931e-07
28.2338685247 2.47383383463e-07
28.264162375 2.48057758813e-07
28.2944562254 2.47303456048e-07
28.3247500757 2.47020895696e-07
28.3550439261 2.47891395074e-07
28.3853377764 2.45849492588e-07
28.4156316268 2.46512386789e-07
28.4459254771 2.46082177111e-07
28.4762193275 2.46846516288e-07
28.5065131778 2.46608987108e-07
28.5368070282 2.47781636531e-07
28.5671008785 2.4396749979e-07
28.5973947289 2.44587937401e-07
28.6276885792 2.45164154286e-07
28.6579824296 2.43072101743e-07
28.6882762799 2.4320513279e-07
28.7185701303 2.49256466424e-07
28.7488639806 2.45685899382e-07
28.779157831 2.42314015587e-07
28.8094516813 2.4090149596e-07
28.8397455317 2.44089063402e-07
28.870039382 2.44984439022e-07
28.9003332324 2.44220815739e-07
28.9306270827 2.45246920039e-07
28.9609209331 2.44242148902e-07
28.9912147834 2.43108894282e-07
29.0215086337 2.42185726805e-07
29.0518024841 2.43290219774e-07
29.0820963344 2.42157696627e-07
29.1123901848 2.43540663463e-07
29.1426840351 2.42756597009e-07
29.1729778855 2.40262120531e-07
29.2032717358 2.41150881836e-07
29.2335655862 2.4330495418e-07
29.2638594365 2.41753517582e-07
29.2941532869 2.39649237376e-07
29.3244471372 2.40309639715e-07
29.3547409876 2.42546024995e-07
29.3850348379 2.39916729707e-07
29.4153286883 2.41782847451e-07
29.4456225386 2.40162137026e-07
29.475916389 2.40575710813e-07
29.5062102393 2.40762855986e-07
29.5365040897 2.40515760732e-07
29.56679794 2.40523384625e-07
29.5970917904 2.38397750098e-07
29.6273856407 2.40374840216e-07
29.6576794911 2.41874513044e-07
29.6879733414 2.38112505955e-07
29.7182671918 2.40448560648e-07
29.7485610421 2.38952194428e-07
29.7788548925 2.39719487819e-07
29.8091487428 2.38545322426e-07
29.8394425932 2.36980910817e-07
29.8697364435 2.38314053831e-07
29.9000302939 2.36828889106e-07
29.9303241442 2.37739367477e-07
29.9606179945 2.3664789967e-07
29.9909118449 2.36921251999e-07
30.0212056952 2.3852318823e-07
30.0514995456 2.3861514902e-07
30.0817933959 2.36152705794e-07
30.1120872463 2.35440336789e-07
30.1423810966 2.36094784345e-07
30.172674947 2.36405642901e-07
30.2029687973 2.36396585394e-07
30.2332626477 2.35976049981e-07
30.263556498 2.35033999949e-07
30.2938503484 2.34941388454e-07
30.3241441987 2.36466132984e-07
30.3544380491 2.34597987545e-07
30.3847318994 2.35305942071e-07
30.4150257498 2.35223411118e-07
30.4453196001 2.35105140674e-07
30.4756134505 2.32693558338e-07
30.5059073008 2.34220453831e-07
30.5362011512 2.3289609982e-07
30.5664950015 2.34245081643e-07
30.5967888519 2.34772847282e-07
30.6270827022 2.33446833038e-07
30.6573765526 2.33895497749e-07
30.6876704029 2.3363129811e-07
30.7179642533 2.33456505469e-07
30.7482581036 2.34020828657e-07
30.778551954 2.32274095697e-07
30.8088458043 2.32328519737e-07
30.8391396547 2.34152996655e-07
30.869433505 2.3355383653e-07
30.8997273553 2.32079033542e-07
30.9300212057 2.32444449784e-07
30.960315056 2.32980464983e-07
30.9906089064 2.32325726606e-07
31.0209027567 2.32717973346e-07
31.0511966071 2.30831929294e-07
31.0814904574 2.32055846978e-07
31.1117843078 2.31311409773e-07
31.1420781581 2.3163951304e-07
31.1723720085 2.31858418676e-07
31.2026658588 2.30396898432e-07
31.2329597092 2.30100248261e-07
31.2632535595 2.30932497911e-07
31.2935474099 2.30213930542e-07
31.3238412602 2.29927372161e-07
31.3541351106 2.30580629941e-07
31.3844289609 2.30481242928e-07
31.4147228113 2.29634261345e-07
31.4450166616 2.29908596182e-07
31.475310512 2.29701291782e-07
31.5056043623 2.30289613852e-07
31.5358982127 2.29493425477e-07
31.566192063 2.2856374488e-07
31.5964859134 2.29371944862e-07
31.6267797637 2.29266641726e-07
31.6570736141 2.28836064558e-07
31.6873674644 2.27914170889e-07
31.7176613148 2.28720169986e-07
31.7479551651 2.28462742602e-07
31.7782490154 2.28436487231e-07
31.8085428658 2.28109403255e-07
31.8388367161 2.2823131467e-07
31.8691305665 2.28420671958e-07
31.8994244168 2.27729544342e-07
31.9297182672 2.27798253515e-07
31.9600121175 2.27696414115e-07
31.9903059679 2.27843681958e-07
32.0205998182 2.26905550852e-07
32.0508936686 2.26953989272e-07
32.0811875189 2.2768585759e-07
32.1114813693 2.26818848355e-07
32.1417752196 2.26551371956e-07
32.17206907 2.26975569859e-07
32.2023629203 2.26391534095e-07
32.2326567707 2.2613448816e-07
32.262950621 2.26031806635e-07
32.2932444714 2.26329967769e-07
32.3235383217 2.2553590491e-07
32.3538321721 2.25647519792e-07
32.3841260224 2.2570525322e-07
32.4144198728 2.25754283493e-07
32.4447137231 2.25350519805e-07
32.4750075735 2.25421400957e-07
32.5053014238 2.25300618276e-07
32.5355952742 2.24736284365e-07
32.5658891245 2.24611941894e-07
32.5961829749 2.25076006689e-07
32.6264768252 2.24777659714e-07
32.6567706756 2.24335292823e-07
32.6870645259 2.24516912392e-07
32.7173583762 2.24679756229e-07
32.7476522266 2.24325567056e-07
32.7779460769 2.23861059859e-07
32.8082399273 2.24519950644e-07
32.8385337776 2.23251255937e-07
32.868827628 2.23271670486e-07
32.8991214783 2.2356632376e-07
32.9294153287 2.23199375545e-07
32.959709179 2.2330900887e-07
32.9900030294 2.23405718483e-07
33.0202968797 2.2299863934e-07
33.0505907301 2.22680060121e-07
33.0808845804 2.22971074843e-07
33.1111784308 2.22554848766e-07
33.1414722811 2.22383891621e-07
33.1717661315 2.22512496451e-07
33.2020599818 2.22465606343e-07
33.2323538322 2.22078380181e-07
33.2626476825 2.22134317287e-07
33.2929415329 2.21629764088e-07
33.3232353832 2.21981440932e-07
33.3535292336 2.21635626328e-07
33.3838230839 2.21386316177e-07
33.4141169343 2.21390048814e-07
33.4444107846 2.21285990456e-07
33.474704635 2.21049880043e-07
33.5049984853 2.20706133617e-07
33.5352923357 2.20815897437e-07
33.565586186 2.21024167301e-07
33.5958800364 2.20867330403e-07
33.6261738867 2.20725994397e-07
33.656467737 2.20320729016e-07
33.6867615874 2.20238429941e-07
33.7170554377 2.20221719653e-07
33.7473492881 2.19908851644e-07
33.7776431384 2.19902831804e-07
33.8079369888 2.19865362997e-07
33.8382308391 2.19487309567e-07
33.8685246895 2.19690981397e-07
33.8988185398 2.19331648335e-07
33.9291123902 2.19342793288e-07
33.9594062405 2.19360997577e-07
33.9897000909 2.19105413058e-07
34.0199939412 2.19158901557e-07
34.0502877916 2.19155467931e-07
34.0805816419 2.18591385023e-07
34.1108754923 2.18790530711e-07
34.1411693426 2.18629955367e-07
34.171463193 2.18247500415e-07
34.2017570433 2.17974910548e-07
34.2320508937 2.18191857086e-07
34.262344744 2.1787198105e-07
34.2926385944 2.18051032268e-07
34.3229324447 2.17745074705e-07
34.3532262951 2.17560241092e-07
34.3835201454 2.17414016178e-07
34.4138139958 2.17304914378e-07
34.4441078461 2.17404058439e-07
34.4744016965 2.17357997582e-07
34.5046955468 2.17142562203e-07
34.5349893972 2.17109839713e-07
34.5652832475 2.17144141703e-07
34.5955770978 2.16669971617e-07
34.6258709482 2.16677603186e-07
34.6561647985 2.16646020536e-07
34.6864586489 2.16738010106e-07
34.7167524992 2.16713464973e-07
34.7470463496 2.16250808759e-07
34.7773401999 2.161872758e-07
34.8076340503 2.16083862196e-07
34.8379279006 2.16111508587e-07
34.868221751 2.15919019822e-07
34.8985156013 2.15803782741e-07
34.9288094517 2.15864048276e-07
34.959103302 2.15575856893e-07
34.9893971524 2.15395742808e-07
35.0196910027 2.15447787879e-07
35.0499848531 2.15325551711e-07
35.0802787034 2.15087221315e-07
35.1105725538 2.15090057425e-07
35.1408664041 2.14845721447e-07
35.1711602545 2.14731305717e-07
35.2014541048 2.14809725934e-07
35.2317479552 2.14729391175e-07
35.2620418055 2.14578146513e-07
35.2923356559 2.14453427576e-07
35.3226295062 2.14329342909e-07
35.3529233566 2.14069141997e-07
35.3832172069 2.13955019403e-07
35.4135110573 2.13960977328e-07
35.4438049076 2.13864159556e-07
35.474098758 2.13817702524e-07
35.5043926083 2.13789287598e-07
35.5346864586 2.13547831466e-07
35.564980309 2.13405791963e-07
35.5952741593 2.13363162876e-07
35.6255680097 2.13356955599e-07
35.65586186 2.13139609129e-07
35.6861557104 2.12948691132e-07
35.7164495607 2.13028602222e-07
35.7467434111 2.12865937433e-07
35.7770372614 2.12736121943e-07
35.8073311118 2.1261987073e-07
35.8376249621 2.12625686181e-07
35.8679188125 2.12361778366e-07
35.8982126628 2.12480583803e-07
35.9285065132 2.12292138074e-07
35.9588003635 2.12162962197e-07
35.9890942139 2.12073405638e-07
36.0193880642 2.12101295002e-07
36.0496819146 2.11899759592e-07
36.0799757649 2.11942399954e-07
36.1102696153 2.11778119212e-07
36.1405634656 2.11630163627e-07
36.170857316 2.11484080962e-07
36.2011511663 2.11517721687e-07
36.2314450167 2.1136393638e-07
36.261738867 2.11236806748e-07
36.2920327174 2.11177573154e-07
36.3223265677 2.11130452063e-07
36.3526204181 2.11015684928e-07
36.3829142684 2.10875033095e-07
36.4132081188 2.10844915449e-07
36.4435019691 2.10713374599e-07
36.4737958194 2.10646919121e-07
36.5040896698 2.10606736934e-07
36.5343835201 2.10485793876e-07
36.5646773705 2.10361967224e-07
36.5949712208 2.10193402972e-07
36.6252650712 2.1019153106e-07
36.6555589215 2.10059739735e-07
36.6858527719 2.10014913862e-07
36.7161466222 2.09902567651e-07
36.7464404726 2.09785658632e-07
36.7767343229 2.09742291776e-07
36.8070281733 2.09671115095e-07
36.8373220236 2.09492598341e-07
36.867615874 2.09426672063e-07
36.8979097243 2.09420173487e-07
36.9282035747 2.09349013201e-07
36.958497425 2.09137951409e-07
36.9887912754 2.0917097881e-07
37.0190851257 2.09080643639e-07
37.0493789761 2.08958157593e-07
37.0796728264 2.08860951969e-07
37.1099666768 2.08804139127e-07
37.1402605271 2.08665537804e-07
37.1705543775 2.08656506221e-07
37.2008482278 2.08511758021e-07
37.2311420782 2.08429236572e-07
37.2614359285 2.08411151033e-07
37.2917297789 2.08320669233e-07
37.3220236292 2.08145104043e-07
37.3523174796 2.08056263804e-07
37.3826113299 2.08087742793e-07
37.4129051802 2.07967703067e-07
37.4431990306 2.07838534323e-07
37.4734928809 2.07804808122e-07
37.5037867313 2.07648504448e-07
37.5340805816 2.07644738057e-07
37.564374432 2.07579802625e-07
37.5946682823 2.07479688541e-07
37.6249621327 2.07372746987e-07
37.655255983 2.07308642881e-07
37.6855498334 2.07245599429e-07
37.7158436837 2.07157951822e-07
37.7461375341 2.07050780722e-07
37.7764313844 2.06970718321e-07
37.8067252348 2.06866771612e-07
37.8370190851 2.0682702539e-07
37.8673129355 2.06769572322e-07
37.8976067858 2.06660452644e-07
37.9279006362 2.06519364359e-07
37.9581944865 2.06459019673e-07
37.9884883369 2.06452626753e-07
38.0187821872 2.0634033281e-07
38.0490760376 2.06262788384e-07
38.0793698879 2.0614961293e-07
38.1096637383 2.06071354744e-07
38.1399575886 2.06019467034e-07
38.170251439 2.05966253795e-07
38.2005452893 2.05849669069e-07
38.2308391397 2.05792767941e-07
38.26113299 2.05680354414e-07
38.2914268404 2.05641569927e-07
38.3217206907 2.05556331209e-07
38.352014541 2.0549007248e-07
38.3823083914 2.05380861054e-07
38.4126022417 2.05354336218e-07
38.4428960921 2.05295805429e-07
38.4731899424 2.05176081435e-07
38.5034837928 2.05123470807e-07
38.5337776431 2.05049113628e-07
38.5640714935 2.04981204021e-07
38.5943653438 2.04893382536e-07
38.6246591942 2.04789441223e-07
38.6549530445 2.04741439901e-07
38.6852468949 2.0469037254e-07
38.7155407452 2.04605125469e-07
38.7458345956 2.04518712643e-07
38.7761284459 2.04479137613e-07
38.8064222963 2.04389076691e-07
38.8367161466 2.04327009715e-07
38.867009997 2.04235410573e-07
38.8973038473 2.04172797418e-07
38.9275976977 2.04099743835e-07
38.957891548 2.0401481181e-07
38.9881853984 2.03985647494e-07
39.0184792487 2.03888562533e-07
39.0487730991 2.03817594602e-07
39.0790669494 2.03742081209e-07
39.1093607998 2.03678951339e-07
39.1396546501 2.0361062685e-07
39.1699485005 2.03564916475e-07
39.2002423508 2.03496231677e-07
39.2305362012 2.03402317821e-07
39.2608300515 2.03342890948e-07
39.2911239018 2.03284222096e-07
39.3214177522 2.03210619004e-07
39.3517116025 2.0313385035e-07
39.3820054529 2.03071797443e-07
39.4122993032 2.03002407087e-07
39.4425931536 2.02936142263e-07
39.4728870039 2.02866653542e-07
39.5031808543 2.02803402583e-07
39.5334747046 2.02745175774e-07
39.563768555 2.02667223733e-07
39.5940624053 2.02605273873e-07
39.6243562557 2.02533955211e-07
39.654650106 2.02472249426e-07
39.6849439564 2.02404256583e-07
39.7152378067 2.02336595993e-07
39.7455316571 2.02276722816e-07
39.7758255074 2.02211069762e-07
39.8061193578 2.02146213306e-07
39.8364132081 2.02081371673e-07
39.8667070585 2.02021462013e-07
39.8970009088 2.01954745079e-07
39.9272947592 2.01893163643e-07
39.9575886095 2.01821843913e-07
39.9878824599 2.01770637354e-07
40.0181763102 2.01702617563e-07
40.0484701606 2.01646962185e-07
40.0787640109 2.01579632293e-07
40.1090578613 2.01522636803e-07
40.1393517116 2.01462211273e-07
40.169645562 2.01396930761e-07
40.1999394123 2.01330027315e-07
40.2302332626 2.01277415384e-07
40.260527113 2.01215415311e-07
40.2908209633 2.0114856164e-07
40.3211148137 2.01095573832e-07
40.351408664 2.01030678306e-07
40.3817025144 2.00967218182e-07
40.4119963647 2.00919318815e-07
40.4422902151 2.00853798964e-07
40.4725840654 2.00788471947e-07
40.5028779158 2.00740106382e-07
40.5331717661 2.00670170224e-07
40.5634656165 2.00608936279e-07
40.5937594668 2.00560265947e-07
40.6240533172 2.00502757776e-07
40.6543471675 2.00435778805e-07
40.6846410179 2.00378580965e-07
40.7149348682 2.00323425026e-07
40.7452287186 2.00262841663e-07
40.7755225689 2.00203046143e-07
40.8058164193 2.00154040208e-07
40.8361102696 2.00098769714e-07
40.86640412 2.00042743376e-07
40.8966979703 1.99981866085e-07
40.9269918207 1.99929753685e-07
40.957285671 1.9986872503e-07
40.9875795214 1.99818226669e-07
41.0178733717 1.99758523267e-07
41.0481672221 1.99704012215e-07
41.0784610724 1.99652106734e-07
41.1087549228 1.99597079786e-07
41.1390487731 1.99540666672e-07
41.1693426234 1.99487343254e-07
41.1996364738 1.99437119309e-07
41.2299303241 1.99377144343e-07
41.2602241745 1.99324644378e-07
41.2905180248 1.99271010884e-07
41.3208118752 1.99217610597e-07
41.3511057255 1.99162739376e-07
41.3813995759 1.99107682992e-07
41.4116934262 1.99055129009e-07
41.4419872766 1.99008218234e-07
41.4722811269 1.98952893341e-07
41.5025749773 1.98900107831e-07
41.5328688276 1.98849289735e-07
41.563162678 1.98797959865e-07
41.5934565283 1.98746332989e-07
41.6237503787 1.98698273288e-07
41.654044229 1.98644106488e-07
41.6843380794 1.98590220237e-07
41.7146319297 1.98537882465e-07
41.7449257801 1.98491476271e-07
41.7752196304 1.98442552229e-07
41.8055134808 1.98391819954e-07
41.8358073311 1.98341122849e-07
41.8661011815 1.98290133757e-07
41.8963950318 1.98239544066e-07
41.9266888822 1.98192249222e-07
41.9569827325 1.98142051914e-07
41.9872765829 1.9809543438e-07
42.0175704332 1.98046893969e-07
42.0478642836 1.97995759353e-07
42.0781581339 1.97950583479e-07
42.1084519842 1.9790500589e-07
42.1387458346 1.97853560839e-07
42.1690396849 1.97806155891e-07
42.1993335353 1.9775556092e-07
42.2296273856 1.97712620914e-07
42.259921236 1.97664467741e-07
42.2902150863 1.97617585108e-07
42.3205089367 1.97572067817e-07
42.350802787 1.97523290239e-07
42.3810966374 1.97477703766e-07
42.4113904877 1.97432820763e-07
42.4416843381 1.97386312377e-07
42.4719781884 1.97341160888e-07
42.5022720388 1.97296239446e-07
42.5325658891 1.97248621792e-07
42.5628597395 1.9720599615e-07
42.5931535898 1.97160976797e-07
42.6234474402 1.971166708e-07
42.6537412905 1.97072578608e-07
42.6840351409 1.97028125797e-07
42.7143289912 1.96984826848e-07
42.7446228416 1.96938899693e-07
42.7749166919 1.96897044253e-07
42.8052105423 1.9685317268e-07
42.8355043926 1.96810112747e-07
42.865798243 1.96766682062e-07
42.8960920933 1.96723872429e-07
42.9263859437 1.96680529086e-07
42.956679794 1.96638784673e-07
42.9869736444 1.96596386714e-07
43.0172674947 1.96554655719e-07
43.047561345 1.965131394e-07
43.0778551954 1.96471488384e-07
43.1081490457 1.96430235632e-07
43.1384428961 1.96388644228e-07
43.1687367464 1.9634806301e-07
43.1990305968 1.96307342263e-07
43.2293244471 1.96266778562e-07
43.2596182975 1.962266112e-07
43.2899121478 1.96185387453e-07
43.3202059982 1.96145478005e-07
43.3504998485 1.96106074413e-07
43.3807936989 1.96065968835e-07
43.4110875492 1.96027138966e-07
43.4413813996 1.9598751135e-07
43.4716752499 1.95948031766e-07
43.5019691003 1.95909881187e-07
43.5322629506 1.95870718815e-07
43.562556801 1.95832583811e-07
43.5928506513 1.9579414631e-07
43.6231445017 1.95756244747e-07
43.653438352 1.95717996389e-07
43.6837322024 1.95679616119e-07
43.7140260527 1.95642462376e-07
43.7443199031 1.95605251493e-07
43.7746137534 1.95568563919e-07
43.8049076038 1.95531021347e-07
43.8352014541 1.95494791743e-07
43.8654953045 1.95457856065e-07
43.8957891548 1.9542138611e-07
43.9260830051 1.95385540774e-07
43.9563768555 1.95349237958e-07
43.9866707058 1.95313513845e-07
44.0169645562 1.95278187861e-07
44.0472584065 1.95242365572e-07
44.0775522569 1.9520747574e-07
44.1078461072 1.9517209678e-07
44.1381399576 1.95137355215e-07
44.1684338079 1.95103170135e-07
44.1987276583 1.95068470766e-07
44.2290215086 1.95034045164e-07
44.259315359 1.94999879444e-07
44.2896092093 1.94966084254e-07
44.3199030597 1.94932137442e-07
44.35019691 1.94898708606e-07
44.3804907604 1.94865569818e-07
44.4107846107 1.94832443616e-07
44.4410784611 1.94799255575e-07
44.4713723114 1.94766556168e-07
44.5016661618 1.94734263906e-07
44.5319600121 1.94701630651e-07
44.5622538625 1.9466936011e-07
44.5925477128 1.94637403401e-07
44.6228415632 1.94605544277e-07
44.6531354135 1.94573964813e-07
44.6834292639 1.94542464441e-07
44.7137231142 1.94511186362e-07
44.7440169646 1.9448008345e-07
44.7743108149 1.94449153383e-07
44.8046046653 1.94418405019e-07
44.8348985156 1.94388024623e-07
44.8651923659 1.94357779338e-07
44.8954862163 1.94327534539e-07
44.9257800666 1.94297440793e-07
44.956073917 1.94267644542e-07
44.9863677673 1.94238206015e-07
45.0166616177 1.94208836983e-07
45.046955468 1.94179587687e-07
45.0772493184 1.94150513692e-07
45.1075431687 1.9412164576e-07
45.1378370191 1.94093071605e-07
45.1681308694 1.9406460595e-07
45.1984247198 1.94036251238e-07
45.2287185701 1.94008068715e-07
45.2590124205 1.93980293989e-07
45.2893062708 1.93952446506e-07
45.3196001212 1.93924872601e-07
45.3498939715 1.93897514656e-07
45.3801878219 1.93870374609e-07
45.4104816722 1.93843385626e-07
45.4407755226 1.93816591253e-07
45.4710693729 1.9378991745e-07
45.5013632233 1.937634849e-07
45.5316570736 1.93737212263e-07
45.561950924 1.9371109626e-07
45.5922447743 1.93685166109e-07
45.6225386247 1.93659462318e-07
45.652832475 1.93633945579e-07
45.6831263254 1.93608599921e-07
45.7134201757 1.93583366734e-07
45.7437140261 1.93558399298e-07
45.7740078764 1.93533646623e-07
45.8043017267 1.93508995887e-07
45.8345955771 1.93484526505e-07
45.8648894274 1.93460327671e-07
45.8951832778 1.93436231283e-07
45.9254771281 1.93412333336e-07
45.9557709785 1.93388650625e-07
45.9860648288 1.93365133562e-07
46.0163586792 1.93341757447e-07
46.0466525295 1.93318581376e-07
46.0769463799 1.93295623664e-07
46.1072402302 1.93272797966e-07
46.1375340806 1.93250197057e-07
46.1678279309 1.93227739459e-07
46.1981217813 1.93205472841e-07
46.2284156316 1.93183404594e-07
46.258709482 1.93161518308e-07
46.2890033323 1.9313975018e-07
46.3192971827 1.93118238404e-07
46.349591033 1.93096882773e-07
46.3798848834 1.93075695141e-07
46.4101787337 1.9305470397e-07
46.4404725841 1.93033881342e-07
46.4707664344 1.93013275583e-07
46.5010602848 1.92992814893e-07
46.5313541351 1.92972552817e-07
46.5616479855 1.92952431619e-07
46.5919418358 1.92932524911e-07
46.6222356862 1.92912792626e-07
46.6525295365 1.92893232941e-07
46.6828233869 1.92873851422e-07
46.7131172372 1.92854643239e-07
46.7434110875 1.92835633285e-07
46.7737049379 1.92816782441e-07
46.8039987882 1.92798136422e-07
46.8342926386 1.92779647897e-07
46.8645864889 1.92761348891e-07
46.8948803393 1.92743223202e-07
46.9251741896 1.92725273234e-07
46.95546804 1.92707509888e-07
46.9857618903 1.92689919526e-07
47.0160557407 1.92672506877e-07
47.046349591 1.92655283252e-07
47.0766434414 1.92638233397e-07
47.1069372917 1.92621352418e-07
47.1372311421 1.92604656725e-07
47.1675249924 1.92588139581e-07
47.1978188428 1.92571797727e-07
47.2281126931 1.92555636749e-07
47.2584065435 1.92539656562e-07
47.2887003938 1.92523846819e-07
47.3189942442 1.92508218817e-07
47.3492880945 1.92492765714e-07
47.3795819449 1.92477494765e-07
47.4098757952 1.92462401974e-07
47.4401696456 1.92447478102e-07
47.4704634959 1.92432739241e-07
47.5007573463 1.92418175093e-07
47.5310511966 1.92403790123e-07
47.561345047 1.92389580531e-07
47.5916388973 1.92375548341e-07
47.6219327477 1.92361694549e-07
47.652226598 1.92348015664e-07
47.6825204483 1.92334514455e-07
47.7128142987 1.92321191794e-07
47.743108149 1.92308045832e-07
47.7734019994 1.92295074655e-07
47.8036958497 1.92282279625e-07
47.8339897001 1.92269662884e-07
47.8642835504 1.92257223417e-07
47.8945774008 1.92244959015e-07
47.9248712511 1.92232871278e-07
47.9551651015 1.92220960797e-07
47.9854589518 1.92209226605e-07
48.0157528022 1.92197667732e-07
48.0460466525 1.92186286008e-07
48.0763405029 1.92175080174e-07
48.1066343532 1.92164050408e-07
48.1369282036 1.92153196831e-07
48.1672220539 1.9214251951e-07
48.1975159043 1.92132018019e-07
48.2278097546 1.92121692306e-07
48.258103605 1.92111542779e-07
48.2883974553 1.92101569112e-07
48.3186913057 1.92091771139e-07
48.348985156 1.9208214895e-07
48.3792790064 1.92072702551e-07
48.4095728567 1.92063431786e-07
48.4398667071 1.92054336714e-07
48.4701605574 1.92045417235e-07
48.5004544078 1.92036673317e-07
48.5307482581 1.92028104909e-07
48.5610421085 1.92019712005e-07
48.5913359588 1.92011494523e-07
48.6216298091 1.92003452464e-07
48.6519236595 1.91995585776e-07
48.6822175098 1.91987894421e-07
48.7125113602 1.9198037837e-07
48.7428052105 1.91973037585e-07
48.7730990609 1.91965872029e-07
48.8033929112 1.91958881674e-07
48.8336867616 1.91952066488e-07
48.8639806119 1.91945426438e-07
48.8942744623 1.91938961496e-07
48.9245683126 1.9193267163e-07
48.954862163 1.91926556813e-07
48.9851560133 1.91920617017e-07
49.0154498637 1.91914852214e-07
49.045743714 1.91909262378e-07
49.0760375644 1.91903847484e-07
49.1063314147 1.91898607506e-07
49.1366252651 1.91893542422e-07
49.1669191154 1.91888652207e-07
49.1972129658 1.9188393684e-07
49.2275068161 1.91879396299e-07
49.2578006665 1.91875030564e-07
49.2880945168 1.91870839614e-07
49.3183883672 1.9186682343e-07
49.3486822175 1.91862981994e-07
49.3789760679 1.91859315289e-07
49.4092699182 1.91855823298e-07
49.4395637686 1.91852506004e-07
49.4698576189 1.91849363393e-07
49.5001514693 1.91846395451e-07
49.5304453196 1.91843602164e-07
49.5607391699 1.91840983518e-07
49.5910330203 1.91838539503e-07
49.6213268706 1.91836270107e-07
49.651620721 1.91834175319e-07
49.6819145713 1.91832255131e-07
49.7122084217 1.91830509533e-07
49.742502272 1.91828938518e-07
49.7727961224 1.91827542078e-07
49.8030899727 1.91826320207e-07
49.8333838231 1.91825272899e-07
49.8636776734 1.9182440015e-07
49.8939715238 1.91823701955e-07
49.9242653741 1.91823178312e-07
49.9545592245 1.91822829218e-07
49.9848530748 1.91822654671e-07
