0.0 0.000813801495367
0.0302938503484 0.000806441299643
0.0605877006968 9.04808310361e-05
0.0908815510451 0.000101373099284
0.121175401394 4.20302135212e-05
0.151469251742 8.64804026796e-05
0.18176310209 0.000161922605425
0.212056952439 0.000180081359079
0.242350802787 0.000153100979792
0.272644653135 0.000111576867606
0.302938503484 5.87792297906e-05
0.333232353832 0.000103437473428
0.363526204181 0.000229562145114
0.393820054529 0.000127287453792
0.424113904877 0.000174473771391
0.454407755226 0.000104059515794
0.484701605574 0.000126588981742
0.514995455922 0.000225295291632
0.545289306271 0.000107374785652
0.575583156619 0.000107686140464
0.605877006968 0.000124035929573
0.636170857316 9.90228039271e-05
0.666464707664 9.34727455035e-05
0.696758558013 4.88351236687e-05
0.727052408361 5.79987476597e-05
0.757346258709 1.44791198156e-05
0.787640109058 0.000112790140592
0.817933959406 0.00019160850753
0.848227809755 0.000383607554453
0.878521660103 0.000133111348837
0.908815510451 1.76335330088e-05
0.9391093608 7.09474687511e-05
0.969403211148 0.00016022419604
0.999697061497 0.000213171165375
1.02999091184 0.000132454013725
1.06028476219 0.000112450355942
1.09057861254 0.000182647246645
1.12087246289 0.000171715092216
1.15116631324 0.000120756794937
1.18146016359 0.000161534322465
1.21175401394 0.000116666966357
1.24204786428 5.628266399e-05
1.27234171463 3.70165128307e-05
1.30263556498 6.59577527777e-05
1.33292941533 6.46844063812e-06
1.36322326568 8.17502694733e-05
1.39351711603 0.000112085402847
1.42381096637 0.000162755199649
1.45410481672 0.000101940288939
1.48439866707 9.29245781879e-05
1.51469251742 7.00958377239e-05
1.54498636777 9.19505302809e-05
1.57528021812 9.47080413849e-05
1.60557406846 8.51609647322e-05
1.63586791881 6.67936562517e-05
1.66616176916 6.72297131406e-05
1.69645561951 6.91730954173e-05
1.72674946986 1.47828198025e-05
1.75704332021 3.67322739503e-05
1.78733717055 1.9639750193e-05
1.8176310209 0.00012891004838
1.84792487125 0.000247784499104
1.8782187216 0.000100736168516
1.90851257195 7.48614147204e-05
1.9388064223 0.000196293704185
1.96910027264 7.80483033489e-05
1.99939412299 0.000137611516614
2.02968797334 0.000112974895406
2.05998182369 7.07349377322e-05
2.09027567404 0.000122412779082
2.12056952439 0.000206092561973
2.15086337473 0.000225487837465
2.18115722508 0.000230757167183
2.21145107543 0.000245910334288
2.24174492578 0.000197113903841
2.27203877613 0.00016670129415
2.30233262648 0.00010285327228
2.33262647683 0.000179178775972
2.36292032717 0.000105273330182
2.39321417752 0.000110263804872
2.42350802787 5.2300370098e-05
2.45380187822 6.14246995642e-05
2.48409572857 0.000104270792583
2.51438957892 0.000173439776192
2.54468342926 0.000155697398336
2.57497727961 5.88296270022e-05
2.60527112996 0.000170980873798
2.63556498031 0.000177581722846
2.66585883066 0.000198021746507
2.69615268101 0.000174273572216
2.72644653135 0.000259590642405
2.7567403817 0.000203508311712
2.78703423205 0.000200056040641
2.8173280824 0.000114467095869
2.84762193275 0.000134514237105
2.8779157831 0.000111441016034
2.90820963344 6.44292194472e-05
2.93850348379 6.42982078117e-05
2.96879733414 0.000103673272988
2.99909118449 4.2891446466e-05
3.02938503484 6.45795899337e-05
3.05967888519 2.82665406883e-05
3.08997273553 8.68525852453e-05
3.12026658588 8.2787759791e-05
3.15056043623 8.40941769631e-05
3.18085428658 6.12958345309e-05
3.21114813693 4.46685162455e-05
3.24144198728 4.87319034207e-05
3.27173583762 2.00918552847e-05
3.30202968797 2.53350475584e-05
3.33232353832 8.0526899585e-05
3.36261738867 7.51884778515e-05
3.39291123902 9.11789605361e-05
3.42320508937 6.99558018424e-05
3.45349893972 4.07511611951e-05
3.48379279006 7.1860997536e-05
3.51408664041 6.31079975432e-05
3.54438049076 5.13582351914e-05
3.57467434111 6.29669440709e-05
3.60496819146 2.85199997075e-05
3.63526204181 1.30457983732e-05
3.66555589215 3.06009419889e-05
3.6958497425 7.79849317585e-05
3.72614359285 4.30920538149e-05
3.7564374432 1.14134398127e-05
3.78673129355 5.86144527761e-05
3.8170251439 6.85121774095e-05
3.84731899424 4.59602075724e-05
3.87761284459 6.69890042984e-05
3.90790669494 7.43169858976e-05
3.93820054529 6.08256843072e-05
3.96849439564 6.89386116422e-05
3.99878824599 8.05903369563e-05
4.02908209633 6.35789675699e-05
4.05937594668 2.03971143861e-05
4.08966979703 1.69906424903e-05
4.11996364738 1.95831486762e-05
4.15025749773 2.78976991163e-05
4.18055134808 2.41534567777e-05
4.21084519842 1.89340146458e-05
4.24113904877 6.75464370004e-05
4.27143289912 5.37090080132e-05
4.30172674947 5.81023592514e-05
4.33202059982 4.35563523973e-05
4.36231445017 3.666421441e-05
4.39260830051 5.3664416697e-05
4.42290215086 4.90306688876e-05
4.45319600121 2.88998234107e-06
4.48348985156 4.91684854375e-05
4.51378370191 6.02517612986e-05
4.54407755226 4.38518995215e-05
4.57437140261 5.43469316808e-05
4.60466525295 3.1989129054e-05
4.6349591033 4.84768737095e-05
4.66525295365 2.64448424351e-05
4.695546804 1.43358262002e-05
4.72584065435 8.24387673536e-06
4.7561345047 1.58560225979e-05
4.78642835504 2.73604438039e-05
4.81672220539 3.05977556409e-05
4.84701605574 1.0130200689e-05
4.87730990609 9.91144666363e-06
4.90760375644 2.72090136129e-05
4.93789760679 9.3987303334e-06
4.96819145713 1.7025310855e-05
4.99848530748 1.91045838039e-05
5.02877915783 1.21969224533e-05
5.05907300818 9.62726476398e-06
5.08936685853 1.38420284779e-05
5.11966070888 1.08460616153e-05
5.14995455922 6.29687734877e-06
5.18024840957 1.3351828587e-05
5.21054225992 1.3214536483e-05
5.24083611027 1.78083769475e-05
5.27112996062 1.19806614632e-05
5.30142381097 6.59431945846e-06
5.33171766131 7.80464400988e-06
5.36201151166 7.32976693936e-06
5.39230536201 8.52878021843e-06
5.42259921236 1.31023166769e-05
5.45289306271 2.36125097136e-06
5.48318691306 1.17199886603e-05
5.51348076341 1.35726906704e-05
5.54377461375 1.40914520563e-05
5.5740684641 1.02895064309e-05
5.60436231445 1.02861086472e-05
5.6346561648 1.38761285132e-05
5.66495001515 1.14023034531e-05
5.6952438655 1.13745987338e-05
5.72553771584 1.41292199195e-05
5.75583156619 1.28922588264e-05
5.78612541654 2.80511297908e-06
5.81641926689 1.39131296693e-05
5.84671311724 2.30588733858e-05
5.87700696759 1.15665742221e-05
5.90730081793 1.50742448498e-05
5.93759466828 1.66393676831e-05
5.96788851863 1.26369433142e-05
5.99818236898 6.29327864691e-06
6.02847621933 1.84786287394e-06
6.05877006968 4.61980667939e-06
6.08906392002 3.35355380578e-06
6.11935777037 1.02614128225e-05
6.14965162072 2.00589297139e-05
6.17994547107 1.11001841731e-05
6.21023932142 1.01663073634e-05
6.24053317177 2.17035708168e-06
6.27082702211 1.074595849e-05
6.30112087246 7.01549603536e-06
6.33141472281 6.40742074834e-06
6.36170857316 1.09984475269e-06
6.39200242351 6.92123319143e-06
6.42229627386 6.19142001798e-06
6.4525901242 7.73952646827e-06
6.48288397455 6.72775415313e-06
6.5131778249 1.1455761108e-06
6.54347167525 2.75248155048e-06
6.5737655256 2.11288394302e-06
6.60405937595 5.40504235465e-06
6.6343532263 5.58446378723e-06
6.66464707664 6.88862514907e-06
6.69494092699 2.24296192984e-05
6.72523477734 1.96717917207e-05
6.75552862769 2.00825501497e-05
6.78582247804 1.56763771871e-05
6.81611632839 1.7081910656e-05
6.84641017873 1.25109910042e-05
6.87670402908 5.56715752457e-06
6.90699787943 1.35646614566e-05
6.93729172978 9.38813347791e-06
6.96758558013 1.30782004258e-05
6.99787943048 1.43177635761e-05
7.02817328082 9.64708475326e-06
7.05846713117 1.9835517997e-05
7.08876098152 2.13800062044e-05
7.11905483187 1.55595659834e-05
7.14934868222 1.67121319971e-05
7.17964253257 1.25063378929e-05
7.20993638291 6.74566371051e-06
7.24023023326 1.05490062504e-05
7.27052408361 1.90639791347e-05
7.30081793396 9.51629391085e-06
7.33111178431 1.86806738817e-05
7.36140563466 9.55674613693e-06
7.391699485 3.75480640146e-06
7.42199333535 3.25235057913e-06
7.4522871857 9.40243415222e-06
7.48258103605 8.9005352164e-07
7.5128748864 1.22435491164e-05
7.54316873675 6.28388819559e-06
7.57346258709 9.40230145801e-06
7.60375643744 7.17029325902e-06
7.63405028779 8.80860428688e-06
7.66434413814 7.73130219888e-06
7.69463798849 3.7348132148e-06
7.72493183884 6.08874114246e-06
7.75522568919 4.11552786697e-06
7.78551953953 2.81713918343e-06
7.81581338988 3.33132441125e-06
7.84610724023 5.97307969561e-06
7.87640109058 9.83962822577e-06
7.90669494093 1.01656479739e-05
7.93698879128 1.01485083937e-05
7.96728264162 1.21389142909e-05
7.99757649197 7.78003880321e-06
8.02787034232 6.80923789476e-06
8.05816419267 9.47553593988e-06
8.08845804302 9.80302024559e-06
8.11875189337 4.55583838053e-06
8.14904574371 4.8536293413e-06
8.17933959406 4.45923497832e-06
8.20963344441 3.37029244294e-06
8.23992729476 4.72892672391e-06
8.27022114511 9.99625868972e-06
8.30051499546 6.70299740435e-06
8.3308088458 5.39800615256e-06
8.36110269615 8.59937967535e-06
8.3913965465 5.08369431632e-06
8.42169039685 5.57731805235e-06
8.4519842472 3.47610495299e-06
8.48227809755 6.3241332355e-06
8.51257194789 2.98339051328e-06
8.54286579824 2.91223247555e-06
8.57315964859 4.69969942138e-06
8.60345349894 1.90543823482e-06
8.63374734929 3.81586608645e-06
8.66404119964 7.00783972926e-06
8.69433504998 1.87180004371e-06
8.72462890033 4.17575257051e-06
8.75492275068 1.19605138066e-06
8.78521660103 4.31457943452e-06
8.81551045138 1.31557262466e-06
8.84580430173 3.52840052578e-06
8.87609815208 3.36972297458e-06
8.90639200242 2.59142547968e-06
8.93668585277 1.52854408859e-06
8.96697970312 3.34070194806e-06
8.99727355347 2.74576279402e-06
9.02756740382 2.65757601898e-06
9.05786125417 3.03814096458e-06
9.08815510451 1.32074690339e-06
9.11844895486 3.93038007142e-06
9.14874280521 4.05463695116e-06
9.17903665556 3.10227300046e-06
9.20933050591 5.34945182811e-06
9.23962435626 2.0655194102e-06
9.2699182066 3.81615969693e-06
9.30021205695 2.14132009721e-06
9.3305059073 3.66377859446e-06
9.36079975765 4.45476897577e-06
9.391093608 2.75798891871e-06
9.42138745835 1.62549354465e-06
9.45168130869 5.10099294504e-06
9.48197515904 3.17130422959e-06
9.51226900939 2.51156801965e-06
9.54256285974 1.86907060302e-06
9.57285671009 7.66711458177e-07
9.60315056044 5.64744629722e-06
9.63344441078 4.95241840609e-06
9.66373826113 1.50801624472e-06
9.69403211148 2.43760691699e-06
9.72432596183 3.96137565463e-06
9.75461981218 6.11955235913e-06
9.78491366253 1.77772125848e-06
9.81520751287 1.90201498914e-07
9.84550136322 2.33200023686e-06
9.87579521357 2.03815502699e-06
9.90608906392 1.94296206645e-06
9.93638291427 5.87468394516e-07
9.96667676462 2.35818925845e-06
9.99697061497 3.99908085229e-06
10.0272644653 6.36063062277e-06
10.0575583157 5.58296779486e-06
10.087852166 3.77575951853e-06
10.1181460164 2.75095683e-06
10.1484398667 1.85493689164e-06
10.1787337171 2.74746517282e-06
10.2090275674 1.05475482172e-06
10.2393214178 3.58128364377e-06
10.2696152681 2.21925196104e-06
10.2999091184 4.01109541113e-06
10.3302029688 4.18899995898e-06
10.3604968191 2.19236918919e-06
10.3907906695 2.01458768743e-06
10.4210845198 2.08613610787e-06
10.4513783702 1.40801327244e-06
10.4816722205 1.85541764908e-06
10.5119660709 1.81785454076e-06
10.5422599212 1.13642877068e-06
10.5725537716 2.23055174405e-06
10.6028476219 1.37899577616e-06
10.6331414723 2.68583238883e-06
10.6634353226 5.96934041763e-07
10.693729173 1.68648638521e-06
10.7240230233 1.24278832862e-06
10.7543168737 2.83656314696e-06
10.784610724 3.35544361826e-06
10.8149045744 2.55281584423e-06
10.8451984247 2.0530213347e-06
10.8754922751 1.99964786744e-06
10.9057861254 2.25314752378e-06
10.9360799758 8.39834415953e-07
10.9663738261 4.20506022221e-07
10.9966676765 1.57879172775e-06
11.0269615268 1.77449987261e-06
11.0572553772 6.98910550764e-07
11.0875492275 3.00528694246e-06
11.1178430779 3.412874281e-06
11.1481369282 3.28943698721e-06
11.1784307786 1.62861374036e-06
11.2087246289 2.30732223658e-06
11.2390184792 2.23696043514e-06
11.2693123296 1.6362612962e-06
11.2996061799 1.12813222575e-06
11.3299000303 2.91395425326e-06
11.3601938806 2.75290260253e-06
11.390487731 2.56813372621e-06
11.4207815813 2.63567579539e-06
11.4510754317 2.75119051899e-06
11.481369282 2.66304512111e-06
11.5116631324 1.78939050394e-06
11.5419569827 2.35776834646e-06
11.5722508331 1.96882564179e-06
11.6025446834 7.36610358341e-07
11.6328385338 5.23651946262e-07
11.6631323841 5.9567714554e-07
11.6934262345 7.01026120205e-07
11.7237200848 2.3690752531e-06
11.7540139352 2.04129007061e-06
11.7843077855 3.08013974715e-06
11.8146016359 1.14052201207e-06
11.8448954862 1.54176899695e-06
11.8751893366 2.41227223631e-06
11.9054831869 2.47920662777e-06
11.9357770373 3.04740242314e-06
11.9660708876 9.46172101584e-07
11.996364738 1.81001989587e-06
12.0266585883 8.50795125795e-07
12.0569524387 1.53282113571e-06
12.087246289 1.40214638839e-06
12.1175401394 2.24435105132e-06
12.1478339897 1.73748354151e-06
12.17812784 1.72393008954e-06
12.2084216904 1.37744396407e-06
12.2387155407 1.13260917425e-06
12.2690093911 5.75184575992e-07
12.2993032414 1.3553571814e-06
12.3295970918 1.72954830202e-06
12.3598909421 1.68679900478e-06
12.3901847925 6.4168043841e-07
12.4204786428 1.00211127325e-06
12.4507724932 6.0463844428e-07
12.4810663435 7.04002990433e-07
12.5113601939 6.90906747197e-07
12.5416540442 1.95751685207e-06
12.5719478946 2.24297716117e-06
12.6022417449 2.15770151377e-06
12.6325355953 4.92138453263e-07
12.6628294456 1.87631946404e-06
12.693123296 1.67324104186e-06
12.7234171463 1.89412634525e-06
12.7537109967 1.18879521772e-06
12.784004847 1.88108917829e-06
12.8142986974 1.57797829618e-06
12.8445925477 1.45464393017e-06
12.8748863981 1.16196791328e-06
12.9051802484 1.41601613006e-06
12.9354740988 7.11071394947e-07
12.9657679491 4.42162400566e-07
12.9960617995 1.35529496697e-06
13.0263556498 1.53514730549e-06
13.0566495002 1.16483928363e-06
13.0869433505 5.44391971024e-07
13.1172372008 1.03954331163e-06
13.1475310512 1.10216606149e-06
13.1778249015 1.08653157968e-06
13.2081187519 1.24170570758e-06
13.2384126022 9.47715302542e-07
13.2687064526 1.60900187674e-06
13.2990003029 1.95799740994e-06
13.3292941533 1.98328472277e-06
13.3595880036 5.54768073994e-07
13.389881854 1.36499526214e-06
13.4201757043 1.21871889826e-06
13.4504695547 2.19662411566e-06
13.480763405 1.60744868812e-06
13.5110572554 9.45018330648e-07
13.5413511057 1.52444891827e-06
13.5716449561 1.29722078287e-06
13.6019388064 2.51223795926e-07
13.6322326568 1.13577403268e-06
13.6625265071 1.19637028047e-06
13.6928203575 1.05231016055e-06
13.7231142078 1.69016484943e-06
13.7534080582 1.56267494497e-06
13.7837019085 4.39911941018e-07
13.8139957589 6.54320208132e-07
13.8442896092 1.83342917168e-06
13.8745834596 1.30799076676e-06
13.9048773099 1.59074873669e-06
13.9351711603 1.13525099984e-06
13.9654650106 3.68866704999e-07
13.995758861 1.02773967119e-06
14.0260527113 1.64613814625e-06
14.0563465616 1.84909320884e-06
14.086640412 8.5616392257e-07
14.1169342623 5.51245800667e-07
14.1472281127 1.46885514719e-06
14.177521963 1.70103076397e-06
14.2078158134 2.32330570972e-07
14.2381096637 9.4148237518e-07
14.2684035141 1.71741233761e-06
14.2986973644 1.46775578889e-06
14.3289912148 2.32937982397e-07
14.3592850651 6.68011061796e-07
14.3895789155 9.23413419773e-07
14.4198727658 1.34308740444e-06
14.4501666162 8.75951571959e-07
14.4804604665 9.71050597947e-07
14.5107543169 9.04633946848e-07
14.5410481672 8.23961598455e-07
14.5713420176 8.28303681443e-07
14.6016358679 1.21346881888e-06
14.6319297183 7.83185406848e-07
14.6622235686 7.49039768945e-07
14.692517419 1.03262305533e-06
14.7228112693 7.0731698228e-07
14.7531051197 7.04396028408e-07
14.78339897 3.45979667212e-07
14.8136928204 1.43801984079e-06
14.8439866707 1.21355187772e-06
14.8742805211 5.01280880474e-07
14.9045743714 5.33588295941e-07
14.9348682218 9.19745590483e-07
14.9651620721 1.33142093563e-06
14.9954559224 1.31427206988e-06
15.0257497728 9.15052942861e-07
15.0560436231 5.2169972681e-07
15.0863374735 3.45882227853e-07
15.1166313238 1.20018802492e-06
15.1469251742 8.2621791083e-07
15.1772190245 8.75154653142e-07
15.2075128749 1.74581737727e-06
15.2378067252 9.80108122631e-07
15.2681005756 4.52333887304e-07
15.2983944259 8.71022984588e-07
15.3286882763 5.54701047494e-07
15.3589821266 1.57224332358e-07
15.389275977 1.21846045416e-06
15.4195698273 1.12980832614e-06
15.4498636777 7.26635601304e-07
15.480157528 8.29679879854e-07
15.5104513784 8.56844549511e-07
15.5407452287 5.01405649132e-07
15.5710390791 9.22679670929e-07
15.6013329294 1.13782716666e-06
15.6316267798 9.62422167688e-07
15.6619206301 1.05055720444e-06
15.6922144805 1.21602099459e-06
15.7225083308 7.26013219631e-07
15.7528021812 4.20437502607e-07
15.7830960315 1.07306424798e-06
15.8133898819 8.75949230679e-07
15.8436837322 9.89492176911e-07
15.8739775826 1.19791021854e-06
15.9042714329 7.83227114528e-07
15.9345652832 6.58538696987e-07
15.9648591336 9.7378274398e-07
15.9951529839 3.98150486469e-07
16.0254468343 4.02281249708e-07
16.0557406846 1.14653102523e-06
16.086034535 9.85668618427e-07
16.1163283853 6.9381038089e-07
16.1466222357 9.91369170745e-07
16.176916086 7.06390188302e-07
16.2072099364 5.00028483977e-07
16.2375037867 6.32464030977e-07
16.2677976371 1.00010769756e-06
16.2980914874 1.18928036831e-06
16.3283853378 1.02742749143e-06
16.3586791881 3.13748217642e-07
16.3889730385 8.97428167162e-07
16.4192668888 8.87054858806e-07
16.4495607392 2.30636285257e-07
16.4798545895 8.26294749655e-07
16.5101484399 1.11919077154e-06
16.5404422902 8.82594894855e-07
16.5707361406 1.071863889e-06
16.6010299909 7.36622077145e-07
16.6313238413 8.57384468352e-07
16.6616176916 9.79544919529e-07
16.691911542 1.33590464383e-07
16.7222053923 6.09726564362e-07
16.7524992427 9.46589324459e-07
16.782793093 8.73149226282e-07
16.8130869434 4.44867999562e-07
16.8433807937 8.5405149744e-07
16.873674644 5.87506247363e-07
16.9039684944 9.30942854256e-07
16.9342623447 7.56877574759e-07
16.9645561951 5.90113650914e-07
16.9948500454 8.75596111241e-07
17.0251438958 7.06619806642e-07
17.0554377461 8.10024214721e-07
17.0857315965 7.22195516854e-07
17.1160254468 9.86467400145e-07
17.1463192972 4.57397729783e-07
17.1766131475 7.87612025291e-07
17.2069069979 9.01796606726e-07
17.2372008482 9.39243265499e-07
17.2674946986 5.58786394585e-07
17.2977885489 4.49793497099e-07
17.3280823993 8.19938608376e-07
17.3583762496 8.95173606174e-07
17.3886701 8.77341411947e-07
17.4189639503 6.80912547495e-07
17.4492578007 1.01249235782e-06
17.479551651 7.68026143067e-07
17.5098455014 8.27240043894e-07
17.5401393517 7.26729353418e-07
17.5704332021 9.24751689249e-07
17.6007270524 9.64491848836e-07
17.6310209028 8.81014790257e-07
17.6613147531 8.2939983759e-07
17.6916086035 6.61484846337e-07
17.7219024538 8.65413736517e-07
17.7521963042 8.19355135572e-07
17.7824901545 8.91261753156e-07
17.8127840048 9.18731553713e-07
17.8430778552 4.64707548361e-07
17.8733717055 6.69635413896e-07
17.9036655559 6.37522761012e-07
17.9339594062 9.44205099002e-07
17.9642532566 6.12799773127e-07
17.9945471069 7.00310743806e-07
18.0248409573 7.40304969954e-07
18.0551348076 6.02811164932e-07
18.085428658 4.73821197144e-07
18.1157225083 6.98657172992e-07
18.1460163587 1.03396779204e-06
18.176310209 6.23335431956e-07
18.2066040594 5.91034174703e-07
18.2368979097 9.12884368803e-07
18.2671917601 5.06332965e-07
18.2974856104 7.89987454186e-07
18.3277794608 8.56499318062e-07
18.3580733111 6.7204219754e-07
18.3883671615 4.35912883762e-07
18.4186610118 7.93239638715e-07
18.4489548622 7.68316958495e-07
18.4792487125 7.56888453441e-07
18.5095425629 4.99255508029e-07
18.5398364132 9.72305392385e-07
18.5701302636 4.81579270653e-07
18.6004241139 4.2895789193e-07
18.6307179643 9.26728031997e-07
18.6610118146 9.13444637896e-07
18.691305665 7.29224954758e-07
18.7215995153 3.65772709592e-07
18.7518933656 9.05303471296e-07
18.782187216 5.59324097739e-07
18.8124810663 9.03886656543e-07
18.8427749167 7.85323120802e-07
18.873068767 6.28537031965e-07
18.9033626174 6.27561706637e-07
18.9336564677 6.15043547718e-07
18.9639503181 9.09543153712e-07
18.9942441684 6.85941689561e-07
19.0245380188 8.15520634716e-07
19.0548318691 4.94972651521e-07
19.0851257195 5.84466352289e-07
19.1154195698 6.81945214838e-07
19.1457134202 7.60810253305e-07
19.1760072705 7.46656899469e-07
19.2063011209 6.78315298081e-07
19.2365949712 5.58487465063e-07
19.2668888216 6.18445642351e-07
19.2971826719 5.8610351831e-07
19.3274765223 8.76313246053e-07
19.3577703726 7.02602845221e-07
19.388064223 6.38701050835e-07
19.4183580733 5.34759183638e-07
19.4486519237 6.51716725917e-07
19.478945774 6.77536505683e-07
19.5092396244 7.16736965864e-07
19.5395334747 7.37444880418e-07
19.5698273251 7.92287056579e-07
19.6001211754 7.20321041454e-07
19.6304150257 4.11312745876e-07
19.6607088761 7.73363668455e-07
19.6910027264 6.79602720985e-07
19.7212965768 7.28611997176e-07
19.7515904271 8.0941245765e-07
19.7818842775 6.63303576429e-07
19.8121781278 5.97018855065e-07
19.8424719782 6.87665931709e-07
19.8727658285 6.6925261891e-07
19.9030596789 6.33635659813e-07
19.9333535292 6.87806635107e-07
19.9636473796 6.07239877861e-07
19.9939412299 6.1005587196e-07
20.0242350803 7.08488564478e-07
20.0545289306 5.36748896818e-07
20.084822781 7.09772593763e-07
20.1151166313 6.67138903715e-07
20.1454104817 6.57777774984e-07
20.175704332 4.95070181439e-07
20.2059981824 5.0070994542e-07
20.2362920327 5.73100511129e-07
20.2665858831 7.36081179627e-07
20.2968797334 7.34086722719e-07
20.3271735838 5.66770571781e-07
20.3574674341 5.50053098555e-07
20.3877612845 5.84297790039e-07
20.4180551348 5.61230510868e-07
20.4483489852 6.86840655456e-07
20.4786428355 7.17990860922e-07
20.5089366859 6.53694749265e-07
20.5392305362 4.72007441656e-07
20.5695243865 5.33532084132e-07
20.5998182369 7.84653544209e-07
20.6301120872 6.98479909439e-07
20.6604059376 5.53720387228e-07
20.6906997879 7.39680860957e-07
20.7209936383 6.49906281409e-07
20.7512874886 5.79464627517e-07
20.781581339 6.184384267e-07
20.8118751893 7.05419070282e-07
20.8421690397 6.58026147116e-07
20.87246289 6.36288420132e-07
20.9027567404 6.6769050479e-07
20.9330505907 5.41983953672e-07
20.9633444411 6.08325808792e-07
20.9936382914 6.89693944676e-07
21.0239321418 6.20719905274e-07
21.0542259921 5.78551696206e-07
21.0845198425 5.39691302773e-07
21.1148136928 6.2567441118e-07
21.1451075432 6.53225432002e-07
21.1754013935 6.05980031863e-07
21.2056952439 6.21739201806e-07
21.2359890942 5.89595445772e-07
21.2662829446 6.03809424196e-07
21.2965767949 5.9065398073e-07
21.3268706453 6.8893618285e-07
21.3571644956 6.69251895964e-07
21.387458346 5.28776659196e-07
21.4177521963 5.63766192899e-07
21.4480460467 5.95937836187e-07
21.478339897 5.89362022176e-07
21.5086337473 6.27469363295e-07
21.5389275977 6.08807896413e-07
21.569221448 5.9483756117e-07
21.5995152984 5.5692525035e-07
21.6298091487 5.95874931173e-07
21.6601029991 6.27032067657e-07
21.6903968494 6.2772848936e-07
21.7206906998 5.57745861527e-07
21.7509845501 6.08610635075e-07
21.7812784005 6.38798464933e-07
21.8115722508 6.19485353775e-07
21.8418661012 5.99375489628e-07
21.8721599515 5.73033660176e-07
21.9024538019 5.36858236731e-07
21.9327476522 5.99811787789e-07
21.9630415026 5.7101859255e-07
21.9933353529 6.54366314102e-07
22.0236292033 5.73494878438e-07
22.0539230536 5.02337675571e-07
22.084216904 5.99832913414e-07
22.1145107543 6.66072558613e-07
22.1448046047 6.08388741314e-07
22.175098455 5.35666432347e-07
22.2053923054 5.83504096074e-07
22.2356861557 5.37237220375e-07
22.2659800061 5.13721980601e-07
22.2962738564 5.65889599926e-07
22.3265677068 6.15690237798e-07
22.3568615571 5.86444541189e-07
22.3871554075 6.02202886932e-07
22.4174492578 5.00384054775e-07
22.4477431081 5.91527015469e-07
22.4780369585 6.0996185115e-07
22.5083308088 5.84057752145e-07
22.5386246592 6.02289116124e-07
22.5689185095 5.8356120994e-07
22.5992123599 5.38027918741e-07
22.6295062102 5.62751194948e-07
22.6598000606 5.8005826879e-07
22.6900939109 5.28507951582e-07
22.7203877613 5.53094487495e-07
22.7506816116 5.97613547438e-07
22.780975462 5.35597315936e-07
22.8112693123 5.53882579907e-07
22.8415631627 5.91483258833e-07
22.871857013 5.47104982632e-07
22.9021508634 5.07833765716e-07
22.9324447137 5.75898052627e-07
22.9627385641 6.06562152402e-07
22.9930324144 5.56075432337e-07
23.0233262648 5.66696704476e-07
23.0536201151 5.57940357571e-07
23.0839139655 6.04337278023e-07
23.1142078158 5.49991852677e-07
23.1445016662 5.43071508644e-07
23.1747955165 5.94954330083e-07
23.2050893669 5.50830680783e-07
23.2353832172 5.59330311332e-07
23.2656770676 5.57571566182e-07
23.2959709179 5.15740506425e-07
23.3262647683 5.0281765816e-07
23.3565586186 5.7227555805e-07
23.3868524689 5.7339816754e-07
23.4171463193 5.28602653452e-07
23.4474401696 5.17509185627e-07
23.47773402 5.66954827974e-07
23.5080278703 5.60133034271e-07
23.5383217207 5.47834747245e-07
23.568615571 5.36020015809e-07
23.5989094214 5.26781384836e-07
23.6292032717 5.63091377188e-07
23.6594971221 5.28832081265e-07
23.6897909724 5.68377375786e-07
23.7200848228 5.42824697685e-07
23.7503786731 5.54595537668e-07
23.7806725235 5.28251222246e-07
23.8109663738 5.44795387154e-07
23.8412602242 5.60709781286e-07
23.8715540745 5.63518834926e-07
23.9018479249 5.40733079012e-07
23.9321417752 5.3064140153e-07
23.9624356256 5.82600168227e-07
23.9927294759 5.47894542739e-07
24.0230233263 5.3798162093e-07
24.0533171766 5.59383707491e-07
24.083611027 5.41404443453e-07
24.1139048773 5.39826724516e-07
24.1441987277 5.16274280671e-07
24.174492578 5.41184644497e-07
24.2047864284 5.40995323301e-07
24.2350802787 5.24499058876e-07
24.2653741291 5.04621638999e-07
24.2956679794 5.38808620638e-07
24.3259618297 5.27314381406e-07
24.3562556801 5.08935777345e-07
24.3865495304 5.37811061119e-07
24.4168433808 5.22071043499e-07
24.4471372311 5.6592549895e-07
24.4774310815 5.46311080455e-07
24.5077249318 5.3762807827e-07
24.5380187822 5.14053852077e-07
24.5683126325 5.54607843909e-07
24.5986064829 5.25404861418e-07
24.6289003332 5.26494404686e-07
24.6591941836 5.26452871095e-07
24.6894880339 5.05668892172e-07
24.7197818843 5.21183072133e-07
24.7500757346 5.53317361035e-07
24.780369585 5.4046609466e-07
24.8106634353 5.36348645264e-07
24.8409572857 5.24962565747e-07
24.871251136 5.08000686759e-07
24.9015449864 5.24525079202e-07
24.9318388367 5.26350209633e-07
24.9621326871 5.35770626286e-07
24.9924265374 5.33373358259e-07
25.0227203878 5.13838593497e-07
25.0530142381 5.15919553815e-07
25.0833080885 5.141290186e-07
25.1136019388 5.31278556166e-07
25.1438957892 5.31781437278e-07
25.1741896395 5.27844821169e-07
25.2044834899 5.22553797736e-07
25.2347773402 5.153370777e-07
25.2650711905 5.0506555436e-07
25.2953650409 5.33538594784e-07
25.3256588912 5.35358147958e-07
25.3559527416 5.06654715814e-07
25.3862465919 5.01849534115e-07
25.4165404423 5.20323607248e-07
25.4468342926 5.1404698245e-07
25.477128143 5.1630236175e-07
25.5074219933 5.10052127472e-07
25.5377158437 5.15657330916e-07
25.568009694 5.21703481454e-07
25.5983035444 5.12496705473e-07
25.6285973947 5.13891477052e-07
25.6588912451 5.11980924613e-07
25.6891850954 5.0308333836e-07
25.7194789458 5.13551999336e-07
25.7497727961 5.11392307921e-07
25.7800666465 5.22331109539e-07
25.8103604968 5.18701190924e-07
25.8406543472 5.01179739015e-07
25.8709481975 5.06939818144e-07
25.9012420479 5.01555084901e-07
25.9315358982 5.06284714877e-07
25.9618297486 5.10819879857e-07
25.9921235989 4.90783746016e-07
26.0224174493 5.1165118139e-07
26.0527112996 5.17190012533e-07
26.08300515 4.99666291334e-07
26.1132990003 4.9540046461e-07
26.1435928507 4.94704779891e-07
26.173886701 5.07084482801e-07
26.2041805513 5.04856052931e-07
26.2344744017 5.09846435579e-07
26.264768252 5.02818777504e-07
26.2950621024 4.98433746834e-07
26.3253559527 5.03428777486e-07
26.3556498031 4.9157032672e-07
26.3859436534 5.04931645474e-07
26.4162375038 5.02934992945e-07
26.4465313541 5.10329261348e-07
26.4768252045 5.01005055341e-07
26.5071190548 5.03946321736e-07
26.5374129052 4.96219408082e-07
26.5677067555 4.98349843699e-07
26.5980006059 4.91467370583e-07
26.6282944562 4.97587452769e-07
26.6585883066 5.01019302696e-07
26.6888821569 4.95124354448e-07
26.7191760073 4.86041653003e-07
26.7494698576 4.97770144495e-07
26.779763708 4.93361220404e-07
26.8100575583 4.87900649248e-07
26.8403514087 4.95237554262e-07
26.870645259 4.92368952277e-07
26.9009391094 4.95941631895e-07
26.9312329597 4.96100054906e-07
26.9615268101 4.96277983976e-07
26.9918206604 4.89978512614e-07
27.0221145108 4.93972878547e-07
27.0524083611 4.98967843989e-07
27.0827022115 4.91460485723e-07
27.1129960618 4.95566658858e-07
27.1432899121 4.92584948782e-07
27.1735837625 4.84550061308e-07
27.2038776128 4.84681890328e-07
27.2341714632 4.88807688084e-07
27.2644653135 4.82834176173e-07
27.2947591639 4.86155169102e-07
27.3250530142 4.84091698889e-07
27.3553468646 4.91683566467e-07
27.3856407149 4.90126064021e-07
27.4159345653 4.84820709571e-07
27.4462284156 4.85527489573e-07
27.476522266 4.86833839091e-07
27.5068161163 4.87106107034e-07
27.5371099667 4.8047178097e-07
27.567403817 4.8705188329e-07
27.5976976674 4.8322390654e-07
27.6279915177 4.87121342034e-07
27.6582853681 4.87292673117e-07
27.6885792184 4.81586563168e-07
27.7188730688 4.83897062936e-07
27.7491669191 4.7818084996e-07
27.7794607695 4.76848105945e-07
27.8097546198 4.82861046295e-07
27.8400484702 4.8432605427e-07
27.8703423205 4.77667255627e-07
27.9006361709 4.79834438107e-07
27.9309300212 4.76102766393e-07
27.9612238716 4.76920949051e-07
27.9915177219 4.81594583171e-07
28.0218115723 4.83276047678e-07
28.0521054226 4.80039270147e-07
28.0823992729 4.76243224001e-07
28.1126931233 4.78107554958e-07
28.1429869736 4.76961642534e-07
28.173280824 4.74291588187e-07
28.2035746743 4.80133564526e-07
28.2338685247 4.74746311742e-07
28.264162375 4.75816267198e-07
28.2944562254 4.75816683234e-07
28.3247500757 4.72708277779e-07
28.3550439261 4.71274147302e-07
28.3853377764 4.76039630501e-07
28.4156316268 4.73710232302e-07
28.4459254771 4.7352828976e-07
28.4762193275 4.7228144253e-07
28.5065131778 4.67447565801e-07
28.5368070282 4.72542852157e-07
28.5671008785 4.71013489718e-07
28.5973947289 4.71792885103e-07
28.6276885792 4.6839103027e-07
28.6579824296 4.70644045792e-07
28.6882762799 4.69239429033e-07
28.7185701303 4.71946736331e-07
28.7488639806 4.72030683312e-07
28.779157831 4.70528381812e-07
28.8094516813 4.62377269392e-07
28.8397455317 4.68894867497e-07
28.870039382 4.68285590408e-07
28.9003332324 4.67478506201e-07
28.9306270827 4.66089446432e-07
28.9609209331 4.66033979806e-07
28.9912147834 4.66082150099e-07
29.0215086337 4.65989922869e-07
29.0518024841 4.61862565505e-07
29.0820963344 4.6623511753e-07
29.1123901848 4.66084224145e-07
29.1426840351 4.66907483938e-07
29.1729778855 4.63704060853e-07
29.2032717358 4.62216441386e-07
29.2335655862 4.61401707932e-07
29.2638594365 4.62931377317e-07
29.2941532869 4.64612458537e-07
29.3244471372 4.63046511086e-07
29.3547409876 4.60127246359e-07
29.3850348379 4.61963143129e-07
29.4153286883 4.61029701877e-07
29.4456225386 4.60407851548e-07
29.475916389 4.60678435892e-07
29.5062102393 4.5782505144e-07
29.5365040897 4.607689088e-07
29.56679794 4.57604200426e-07
29.5970917904 4.57785723997e-07
29.6273856407 4.59386633913e-07
29.6576794911 4.5973966936e-07
29.6879733414 4.5902900587e-07
29.7182671918 4.60230928853e-07
29.7485610421 4.5578503245e-07
29.7788548925 4.56511191351e-07
29.8091487428 4.58640501152e-07
29.8394425932 4.56137775612e-07
29.8697364435 4.56262947496e-07
29.9000302939 4.55121486611e-07
29.9303241442 4.56126209572e-07
29.9606179945 4.56800773084e-07
29.9909118449 4.54454954016e-07
30.0212056952 4.52982583735e-07
30.0514995456 4.53263723021e-07
30.0817933959 4.55105579717e-07
30.1120872463 4.51990931062e-07
30.1423810966 4.52185502721e-07
30.172674947 4.53729694258e-07
30.2029687973 4.5280383849e-07
30.2332626477 4.51034343403e-07
30.263556498 4.50666854585e-07
30.2938503484 4.52752996022e-07
30.3241441987 4.53375360347e-07
30.3544380491 4.50503490637e-07
30.3847318994 4.49283473958e-07
30.4150257498 4.51185723181e-07
30.4453196001 4.4909413773e-07
30.4756134505 4.50439891794e-07
30.5059073008 4.49383353596e-07
30.5362011512 4.49493160455e-07
30.5664950015 4.47815334071e-07
30.5967888519 4.47994497109e-07
30.6270827022 4.48899946679e-07
30.6573765526 4.48740845107e-07
30.6876704029 4.47713692652e-07
30.7179642533 4.4852124128e-07
30.7482581036 4.46508682076e-07
30.778551954 4.45646985191e-07
30.8088458043 4.45594378787e-07
30.8391396547 4.46691850831e-07
30.869433505 4.4713027584e-07
30.8997273553 4.44642661325e-07
30.9300212057 4.4427090354e-07
30.960315056 4.44826150981e-07
30.9906089064 4.43560128151e-07
31.0209027567 4.44156362218e-07
31.0511966071 4.45514694577e-07
31.0814904574 4.43883856694e-07
31.1117843078 4.41633240169e-07
31.1420781581 4.43401911609e-07
31.1723720085 4.42073786139e-07
31.2026658588 4.44351980237e-07
31.2329597092 4.4300585785e-07
31.2632535595 4.40166922018e-07
31.2935474099 4.4190394943e-07
31.3238412602 4.41167223861e-07
31.3541351106 4.41621729858e-07
31.3844289609 4.41328590023e-07
31.4147228113 4.40625499984e-07
31.4450166616 4.39676846394e-07
31.475310512 4.40464093303e-07
31.5056043623 4.39180559601e-07
31.5358982127 4.39389164111e-07
31.566192063 4.39203348203e-07
31.5964859134 4.38228014792e-07
31.6267797637 4.38730899231e-07
31.6570736141 4.38640772294e-07
31.6873674644 4.37727496436e-07
31.7176613148 4.37770897796e-07
31.7479551651 4.37509161386e-07
31.7782490154 4.37110580763e-07
31.8085428658 4.37544301632e-07
31.8388367161 4.36660283526e-07
31.8691305665 4.35606801444e-07
31.8994244168 4.35381321241e-07
31.9297182672 4.36115944457e-07
31.9600121175 4.36823538327e-07
31.9903059679 4.34614589652e-07
32.0205998182 4.34846680254e-07
32.0508936686 4.33964312084e-07
32.0811875189 4.34225754915e-07
32.1114813693 4.34865195176e-07
32.1417752196 4.34520378325e-07
32.17206907 4.3360974734e-07
32.2023629203 4.33833995261e-07
32.2326567707 4.32744120592e-07
32.262950621 4.32176834158e-07
32.2932444714 4.32000480466e-07
32.3235383217 4.33187659275e-07
32.3538321721 4.31964803075e-07
32.3841260224 4.31936621254e-07
32.4144198728 4.31990681147e-07
32.4447137231 4.30769937569e-07
32.4750075735 4.30532320041e-07
32.5053014238 4.30403956097e-07
32.5355952742 4.31414572575e-07
32.5658891245 4.305428979e-07
32.5961829749 4.29534375989e-07
32.6264768252 4.29544572792e-07
32.6567706756 4.29638270534e-07
32.6870645259 4.29349662737e-07
32.7173583762 4.28660326219e-07
32.7476522266 4.28996270685e-07
32.7779460769 4.28130836132e-07
32.8082399273 4.27831939469e-07
32.8385337776 4.27288721075e-07
32.868827628 4.274149171e-07
32.8991214783 4.2803770074e-07
32.9294153287 4.27290081628e-07
32.959709179 4.26529109513e-07
32.9900030294 4.27000825407e-07
33.0202968797 4.26793952415e-07
33.0505907301 4.25562640276e-07
33.0808845804 4.2568895447e-07
33.1111784308 4.25845688215e-07
33.1414722811 4.25449583744e-07
33.1717661315 4.25462113704e-07
33.2020599818 4.25255096032e-07
33.2323538322 4.24789010041e-07
33.2626476825 4.24833985518e-07
33.2929415329 4.24002240402e-07
33.3232353832 4.23351899105e-07
33.3535292336 4.23576763751e-07
33.3838230839 4.23665077315e-07
33.4141169343 4.23413160377e-07
33.4444107846 4.22767119689e-07
33.474704635 4.2281104914e-07
33.5049984853 4.22590265149e-07
33.5352923357 4.21995194764e-07
33.565586186 4.21879287665e-07
33.5958800364 4.22063587278e-07
33.6261738867 4.22046107701e-07
33.656467737 4.21379982407e-07
33.6867615874 4.21043829997e-07
33.7170554377 4.20932888468e-07
33.7473492881 4.20313883374e-07
33.7776431384 4.2090010924e-07
33.8079369888 4.20202011079e-07
33.8382308391 4.19837655834e-07
33.8685246895 4.19975715123e-07
33.8988185398 4.1950814643e-07
33.9291123902 4.19262009636e-07
33.9594062405 4.1895496408e-07
33.9897000909 4.18951602496e-07
34.0199939412 4.18800822778e-07
34.0502877916 4.18318657053e-07
34.0805816419 4.18497495343e-07
34.1108754923 4.17741150843e-07
34.1411693426 4.17680205401e-07
34.171463193 4.17568924236e-07
34.2017570433 4.17333548348e-07
34.2320508937 4.16962536996e-07
34.262344744 4.17208187725e-07
34.2926385944 4.16632615696e-07
34.3229324447 4.16357991976e-07
34.3532262951 4.16119176564e-07
34.3835201454 4.16148197711e-07
34.4138139958 4.15860515915e-07
34.4441078461 4.15677564116e-07
34.4744016965 4.15480158307e-07
34.5046955468 4.15076658724e-07
34.5349893972 4.1492869571e-07
34.5652832475 4.14783206768e-07
34.5955770978 4.14671403175e-07
34.6258709482 4.14346636806e-07
34.6561647985 4.14263389109e-07
34.6864586489 4.13827784149e-07
34.7167524992 4.13885051833e-07
34.7470463496 4.1345905216e-07
34.7773401999 4.13179142168e-07
34.8076340503 4.13163428611e-07
34.8379279006 4.13133203664e-07
34.868221751 4.12811080363e-07
34.8985156013 4.12245654689e-07
34.9288094517 4.1190979741e-07
34.959103302 4.11983656738e-07
34.9893971524 4.11772948988e-07
35.0196910027 4.11599028851e-07
35.0499848531 4.11493157868e-07
35.0802787034 4.11001343671e-07
35.1105725538 4.1089942256e-07
35.1408664041 4.10763537679e-07
35.1711602545 4.10477160231e-07
35.2014541048 4.10594551016e-07
35.2317479552 4.10191142908e-07
35.2620418055 4.0974145706e-07
35.2923356559 4.09795474519e-07
35.3226295062 4.09549771254e-07
35.3529233566 4.09486340583e-07
35.3832172069 4.09292708604e-07
35.4135110573 4.09061259937e-07
35.4438049076 4.08843081892e-07
35.474098758 4.08416344539e-07
35.5043926083 4.0839363282e-07
35.5346864586 4.08204101044e-07
35.564980309 4.07936089693e-07
35.5952741593 4.07779104505e-07
35.6255680097 4.07702571229e-07
35.65586186 4.074024927e-07
35.6861557104 4.07213341584e-07
35.7164495607 4.07195295601e-07
35.7467434111 4.06754970605e-07
35.7770372614 4.06698054559e-07
35.8073311118 4.06420520765e-07
35.8376249621 4.06236215249e-07
35.8679188125 4.06135405264e-07
35.8982126628 4.05870528235e-07
35.9285065132 4.05738020807e-07
35.9588003635 4.05588569859e-07
35.9890942139 4.05303520807e-07
36.0193880642 4.05205813669e-07
36.0496819146 4.04975097071e-07
36.0799757649 4.04873726621e-07
36.1102696153 4.04481980784e-07
36.1405634656 4.04478015039e-07
36.170857316 4.04287082707e-07
36.2011511663 4.04006540878e-07
36.2314450167 4.03898426733e-07
36.261738867 4.03663438709e-07
36.2920327174 4.03586426664e-07
36.3223265677 4.03407616721e-07
36.3526204181 4.03167886293e-07
36.3829142684 4.02970121451e-07
36.4132081188 4.02789778763e-07
36.4435019691 4.02672426287e-07
36.4737958194 4.02453335838e-07
36.5040896698 4.02344121826e-07
36.5343835201 4.02131714603e-07
36.5646773705 4.01850889867e-07
36.5949712208 4.01646951663e-07
36.6252650712 4.01644323521e-07
36.6555589215 4.0138244729e-07
36.6858527719 4.01199899255e-07
36.7161466222 4.0096807838e-07
36.7464404726 4.00830647263e-07
36.7767343229 4.00729595766e-07
36.8070281733 4.00457136951e-07
36.8373220236 4.00299196518e-07
36.867615874 4.00159331005e-07
36.8979097243 4.0000582092e-07
36.9282035747 3.99883233749e-07
36.958497425 3.99674419609e-07
36.9887912754 3.99492911667e-07
37.0190851257 3.99362505546e-07
37.0493789761 3.99122770246e-07
37.0796728264 3.98998144072e-07
37.1099666768 3.98887046286e-07
37.1402605271 3.98544592116e-07
37.1705543775 3.98485791007e-07
37.2008482278 3.98325381574e-07
37.2311420782 3.98099613014e-07
37.2614359285 3.98050600902e-07
37.2917297789 3.97849383019e-07
37.3220236292 3.97664826007e-07
37.3523174796 3.97468736732e-07
37.3826113299 3.97407962021e-07
37.4129051802 3.97123516734e-07
37.4431990306 3.97028384622e-07
37.4734928809 3.96846057746e-07
37.5037867313 3.96679402893e-07
37.5340805816 3.96563308088e-07
37.564374432 3.96385513227e-07
37.5946682823 3.96228687317e-07
37.6249621327 3.96067239779e-07
37.655255983 3.95882783816e-07
37.6855498334 3.9577525433e-07
37.7158436837 3.95607773602e-07
37.7461375341 3.95408979369e-07
37.7764313844 3.95249246209e-07
37.8067252348 3.95155936078e-07
37.8370190851 3.94949389072e-07
37.8673129355 3.94746808713e-07
37.8976067858 3.94677446832e-07
37.9279006362 3.94521945829e-07
37.9581944865 3.94327703061e-07
37.9884883369 3.94163614099e-07
38.0187821872 3.940532055e-07
38.0490760376 3.93925922574e-07
38.0793698879 3.9375633224e-07
38.1096637383 3.93572005924e-07
38.1399575886 3.9348182874e-07
38.170251439 3.93295008426e-07
38.2005452893 3.93173148703e-07
38.2308391397 3.92986242286e-07
38.26113299 3.92830168067e-07
38.2914268404 3.92723754214e-07
38.3217206907 3.92563750956e-07
38.352014541 3.92431028988e-07
38.3823083914 3.92278677112e-07
38.4126022417 3.92078251338e-07
38.4428960921 3.91978127469e-07
38.4731899424 3.91834293881e-07
38.5034837928 3.91699657895e-07
38.5337776431 3.91532580075e-07
38.5640714935 3.91398625074e-07
38.5943653438 3.9124889315e-07
38.6246591942 3.91080067359e-07
38.6549530445 3.90973096762e-07
38.6852468949 3.90861239839e-07
38.7155407452 3.90660135802e-07
38.7458345956 3.90530926717e-07
38.7761284459 3.90425656454e-07
38.8064222963 3.90279986792e-07
38.8367161466 3.90104906734e-07
38.867009997 3.89973258262e-07
38.8973038473 3.89859334984e-07
38.9275976977 3.89724455092e-07
38.957891548 3.89599889024e-07
38.9881853984 3.89458937257e-07
39.0184792487 3.89302009057e-07
39.0487730991 3.89176811723e-07
39.0790669494 3.89049475768e-07
39.1093607998 3.88912829126e-07
39.1396546501 3.88749604509e-07
39.1699485005 3.88616281667e-07
39.2002423508 3.88497966289e-07
39.2305362012 3.88361434724e-07
39.2608300515 3.8821074523e-07
39.2911239018 3.88102527946e-07
39.3214177522 3.87969113362e-07
39.3517116025 3.87841589428e-07
39.3820054529 3.87719449339e-07
39.4122993032 3.87575910822e-07
39.4425931536 3.87448486321e-07
39.4728870039 3.87316925262e-07
39.5031808543 3.87179815077e-07
39.5334747046 3.87068905487e-07
39.563768555 3.86917214052e-07
39.5940624053 3.86805587041e-07
39.6243562557 3.86677947635e-07
39.654650106 3.86551594469e-07
39.6849439564 3.86422278808e-07
39.7152378067 3.86293153816e-07
39.7455316571 3.86151272483e-07
39.7758255074 3.86035141794e-07
39.8061193578 3.85929194893e-07
39.8364132081 3.85786096739e-07
39.8667070585 3.8565539287e-07
39.8970009088 3.85538877121e-07
39.9272947592 3.85424365094e-07
39.9575886095 3.85295947707e-07
39.9878824599 3.85170071026e-07
40.0181763102 3.85059832855e-07
40.0484701606 3.84931554004e-07
40.0787640109 3.84803404107e-07
40.1090578613 3.84689459685e-07
40.1393517116 3.84588861239e-07
40.169645562 3.84445436403e-07
40.1999394123 3.8432869817e-07
40.2302332626 3.84210191544e-07
40.260527113 3.84105941542e-07
40.2908209633 3.83977802936e-07
40.3211148137 3.83862234121e-07
40.351408664 3.83734929992e-07
40.3817025144 3.83623146452e-07
40.4119963647 3.83517745349e-07
40.4422902151 3.833919505e-07
40.4725840654 3.83282419016e-07
40.5028779158 3.83163865598e-07
40.5331717661 3.83057255093e-07
40.5634656165 3.82936049688e-07
40.5937594668 3.82825216542e-07
40.6240533172 3.8270830319e-07
40.6543471675 3.82596303613e-07
40.6846410179 3.82489965262e-07
40.7149348682 3.82366314177e-07
40.7452287186 3.82259722647e-07
40.7755225689 3.82153115079e-07
40.8058164193 3.82042199054e-07
40.8361102696 3.81927471053e-07
40.86640412 3.8182175268e-07
40.8966979703 3.81711440065e-07
40.9269918207 3.81599876832e-07
40.957285671 3.81487442346e-07
40.9875795214 3.81391052143e-07
41.0178733717 3.812822098e-07
41.0481672221 3.8117079852e-07
41.0784610724 3.81063879996e-07
41.1087549228 3.80956638008e-07
41.1390487731 3.80842543423e-07
41.1693426234 3.80752562989e-07
41.1996364738 3.80641388282e-07
41.2299303241 3.80531759331e-07
41.2602241745 3.80429213338e-07
41.2905180248 3.80331913608e-07
41.3208118752 3.80217304885e-07
41.3511057255 3.80115058726e-07
41.3813995759 3.80014326513e-07
41.4116934262 3.79913596265e-07
41.4419872766 3.79811670423e-07
41.4722811269 3.79710766758e-07
41.5025749773 3.79606937002e-07
41.5328688276 3.79505526323e-07
41.563162678 3.7940602326e-07
41.5934565283 3.79302802654e-07
41.6237503787 3.79208092793e-07
41.654044229 3.7911197092e-07
41.6843380794 3.79007922244e-07
41.7146319297 3.78914407907e-07
41.7449257801 3.7881269807e-07
41.7752196304 3.78716618509e-07
41.8055134808 3.78624959056e-07
41.8358073311 3.7851991776e-07
41.8661011815 3.78420227883e-07
41.8963950318 3.78334954158e-07
41.9266888822 3.78232269151e-07
41.9569827325 3.78139064714e-07
41.9872765829 3.78047986902e-07
42.0175704332 3.77951023189e-07
42.0478642836 3.77860255407e-07
42.0781581339 3.77762929578e-07
42.1084519842 3.77670031448e-07
42.1387458346 3.7757963354e-07
42.1690396849 3.77488722927e-07
42.1993335353 3.77394740608e-07
42.2296273856 3.77304115547e-07
42.259921236 3.77211767146e-07
42.2902150863 3.77121423366e-07
42.3205089367 3.77031693025e-07
42.350802787 3.76939132096e-07
42.3810966374 3.76848659503e-07
42.4113904877 3.76761246898e-07
42.4416843381 3.76671619315e-07
42.4719781884 3.76581021586e-07
42.5022720388 3.76499078902e-07
42.5325658891 3.76407462396e-07
42.5628597395 3.76321305479e-07
42.5931535898 3.76233809874e-07
42.6234474402 3.76148313106e-07
42.6537412905 3.76062505631e-07
42.6840351409 3.75977131899e-07
42.7143289912 3.75890663195e-07
42.7446228416 3.75807213806e-07
42.7749166919 3.75722070845e-07
42.8052105423 3.75636105209e-07
42.8355043926 3.75553112446e-07
42.865798243 3.75468588388e-07
42.8960920933 3.75386551408e-07
42.9263859437 3.75303626912e-07
42.956679794 3.75223090018e-07
42.9869736444 3.75138880067e-07
43.0172674947 3.75058953956e-07
43.047561345 3.74977661647e-07
43.0778551954 3.74895733352e-07
43.1081490457 3.74817200966e-07
43.1384428961 3.74736218566e-07
43.1687367464 3.74657482979e-07
43.1990305968 3.74578178862e-07
43.2293244471 3.74498263048e-07
43.2596182975 3.74420767571e-07
43.2899121478 3.74342689958e-07
43.3202059982 3.7426533101e-07
43.3504998485 3.7418772588e-07
43.3807936989 3.74112509127e-07
43.4110875492 3.74034814089e-07
43.4413813996 3.73958935462e-07
43.4716752499 3.73882163975e-07
43.5019691003 3.73807017929e-07
43.5322629506 3.73732835246e-07
43.562556801 3.73657609149e-07
43.5928506513 3.73583534831e-07
43.6231445017 3.73509029142e-07
43.653438352 3.73435633576e-07
43.6837322024 3.73363032084e-07
43.7140260527 3.7329020883e-07
43.7443199031 3.73218946047e-07
43.7746137534 3.7314582795e-07
43.8049076038 3.73073786121e-07
43.8352014541 3.73003073048e-07
43.8654953045 3.7293205182e-07
43.8957891548 3.72861117642e-07
43.9260830051 3.72790906514e-07
43.9563768555 3.7272215038e-07
43.9866707058 3.72652332704e-07
44.0169645562 3.72582615232e-07
44.0472584065 3.72514399462e-07
44.0775522569 3.72446421846e-07
44.1078461072 3.7237799105e-07
44.1381399576 3.72310828458e-07
44.1684338079 3.72243118101e-07
44.1987276583 3.7217638955e-07
44.2290215086 3.72110080339e-07
44.259315359 3.72043716122e-07
44.2896092093 3.71978311172e-07
44.3199030597 3.71913051669e-07
44.35019691 3.71848191026e-07
44.3804907604 3.71783603377e-07
44.4107846107 3.71718922345e-07
44.4410784611 3.71655585227e-07
44.4713723114 3.71592008221e-07
44.5016661618 3.71528587543e-07
44.5319600121 3.7146590273e-07
44.5622538625 3.7140354847e-07
44.5925477128 3.71341467083e-07
44.6228415632 3.71279802561e-07
44.6531354135 3.71218646933e-07
44.6834292639 3.71157464549e-07
44.7137231142 3.71096560743e-07
44.7440169646 3.71036591986e-07
44.7743108149 3.70976529209e-07
44.8046046653 3.70917053448e-07
44.8348985156 3.70857888707e-07
44.8651923659 3.70799504577e-07
44.8954862163 3.70740711401e-07
44.9257800666 3.70682772733e-07
44.956073917 3.70624978209e-07
44.9863677673 3.70567310155e-07
45.0166616177 3.70510578367e-07
45.046955468 3.70454174887e-07
45.0772493184 3.70397610122e-07
45.1075431687 3.70341699096e-07
45.1378370191 3.70286530454e-07
45.1681308694 3.70230973446e-07
45.1984247198 3.70176327455e-07
45.2287185701 3.70121735004e-07
45.2590124205 3.70067751967e-07
45.2893062708 3.70014010447e-07
45.3196001212 3.69960571193e-07
45.3498939715 3.69907596701e-07
45.3801878219 3.69854748514e-07
45.4104816722 3.69802547927e-07
45.4407755226 3.69750536752e-07
45.4710693729 3.69698882989e-07
45.5013632233 3.69647803243e-07
45.5316570736 3.69596801939e-07
45.561950924 3.69546175945e-07
45.5922447743 3.69496105046e-07
45.6225386247 3.69446201792e-07
45.652832475 3.69396686564e-07
45.6831263254 3.69347719356e-07
45.7134201757 3.69298830565e-07
45.7437140261 3.6925043197e-07
45.7740078764 3.69202353923e-07
45.8043017267 3.69154677546e-07
45.8345955771 3.69107317845e-07
45.8648894274 3.69060312103e-07
45.8951832778 3.69013692567e-07
45.9254771281 3.68967263546e-07
45.9557709785 3.68921411087e-07
45.9860648288 3.68875877823e-07
46.0163586792 3.6883061706e-07
46.0466525295 3.68785704948e-07
46.0769463799 3.68741188577e-07
46.1072402302 3.68697000779e-07
46.1375340806 3.68653201763e-07
46.1678279309 3.68609702041e-07
46.1981217813 3.68566625068e-07
46.2284156316 3.68523800141e-07
46.258709482 3.68481345144e-07
46.2890033323 3.68439332387e-07
46.3192971827 3.68397538919e-07
46.349591033 3.68356219776e-07
46.3798848834 3.68315174387e-07
46.4101787337 3.6827451918e-07
46.4404725841 3.68234192202e-07
46.4707664344 3.68194194385e-07
46.5010602848 3.68154564493e-07
46.5313541351 3.68115325687e-07
46.5616479855 3.68076357385e-07
46.5919418358 3.68037774154e-07
46.6222356862 3.67999535673e-07
46.6525295365 3.67961650539e-07
46.6828233869 3.67924153546e-07
46.7131172372 3.67886922396e-07
46.7434110875 3.67850095547e-07
46.7737049379 3.67813607536e-07
46.8039987882 3.67777442883e-07
46.8342926386 3.67741643709e-07
46.8645864889 3.67706198111e-07
46.8948803393 3.67671083863e-07
46.9251741896 3.67636326516e-07
46.95546804 3.67601915566e-07
46.9857618903 3.67567846756e-07
47.0160557407 3.67534122426e-07
47.046349591 3.67500741583e-07
47.0766434414 3.67467711397e-07
47.1069372917 3.67435023155e-07
47.1372311421 3.67402688001e-07
47.1675249924 3.67370687866e-07
47.1978188428 3.67339029868e-07
47.2281126931 3.67307728192e-07
47.2584065435 3.67276769929e-07
47.2887003938 3.67246156181e-07
47.3189942442 3.67215874429e-07
47.3492880945 3.67185948482e-07
47.3795819449 3.67156368641e-07
47.4098757952 3.67127125566e-07
47.4401696456 3.67098233255e-07
47.4704634959 3.67069680482e-07
47.5007573463 3.67041472658e-07
47.5310511966 3.6701361075e-07
47.561345047 3.66986087006e-07
47.5916388973 3.66958908338e-07
47.6219327477 3.66932073143e-07
47.652226598 3.66905583867e-07
47.6825204483 3.66879432436e-07
47.7128142987 3.66853626197e-07
47.743108149 3.66828163646e-07
47.7734019994 3.66803041177e-07
47.8036958497 3.66778261696e-07
47.8339897001 3.66753824035e-07
47.8642835504 3.66729729333e-07
47.8945774008 3.66705976884e-07
47.9248712511 3.66682565293e-07
47.9551651015 3.66659495887e-07
47.9854589518 3.66636769006e-07
48.0157528022 3.66614382609e-07
48.0460466525 3.66592337785e-07
48.0763405029 3.66570634731e-07
48.1066343532 3.66549272698e-07
48.1369282036 3.66528251463e-07
48.1672220539 3.66507571792e-07
48.1975159043 3.66487233161e-07
48.2278097546 3.66467234883e-07
48.258103605 3.6644757767e-07
48.2883974553 3.66428261133e-07
48.3186913057 3.66409285068e-07
48.348985156 3.6639064948e-07
48.3792790064 3.66372354372e-07
48.4095728567 3.66354399497e-07
48.4398667071 3.66336784849e-07
48.4701605574 3.66319510356e-07
48.5004544078 3.66302575949e-07
48.5307482581 3.66285981476e-07
48.5610421085 3.66269726923e-07
48.5913359588 3.66253812182e-07
48.6216298091 3.66238237192e-07
48.6519236595 3.66223001875e-07
48.6822175098 3.66208106171e-07
48.7125113602 3.66193549993e-07
48.7428052105 3.66179333279e-07
48.7730990609 3.66165455962e-07
48.8033929112 3.66151917976e-07
48.8336867616 3.66138719258e-07
48.8639806119 3.66125859745e-07
48.8942744623 3.66113339377e-07
48.9245683126 3.66101158095e-07
48.954862163 3.66089315842e-07
48.9851560133 3.66077812561e-07
49.0154498637 3.66066648198e-07
49.045743714 3.66055822702e-07
49.0760375644 3.6604533602e-07
49.1063314147 3.66035188104e-07
49.1366252651 3.66025378906e-07
49.1669191154 3.66015908379e-07
49.1972129658 3.6600677648e-07
49.2275068161 3.65997983164e-07
49.2578006665 3.65989528391e-07
49.2880945168 3.6598141212e-07
49.3183883672 3.65973634315e-07
49.3486822175 3.65966194937e-07
49.3789760679 3.65959093952e-07
49.4092699182 3.65952331327e-07
49.4395637686 3.65945907029e-07
49.4698576189 3.65939821029e-07
49.5001514693 3.65934073298e-07
49.5304453196 3.65928663809e-07
49.5607391699 3.65923592536e-07
49.5910330203 3.65918859455e-07
49.6213268706 3.65914464545e-07
49.651620721 3.65910407784e-07
49.6819145713 3.65906689154e-07
49.7122084217 3.65903308636e-07
49.742502272 3.65900266216e-07
49.7727961224 3.65897561878e-07
49.8030899727 3.65895195611e-07
49.8333838231 3.65893167402e-07
49.8636776734 3.65891477243e-07
49.8939715238 3.65890125125e-07
49.9242653741 3.65889111042e-07
49.9545592245 3.6588843499e-07
49.9848530748 3.65888096964e-07
