0.0 1.23336100759e-05
0.0302938503484 0.000330492807965
0.0605877006968 0.000195243359458
0.0908815510451 0.000126326475469
0.121175401394 0.000234179357857
0.151469251742 0.000346894497107
0.18176310209 0.000322698968655
0.212056952439 0.000356502966928
0.242350802787 0.000280587361801
0.272644653135 0.000294043314497
0.302938503484 0.000297895198574
0.333232353832 0.00035105558518
0.363526204181 0.000474250124623
0.393820054529 0.000430316083447
0.424113904877 0.000342217349736
0.454407755226 0.000463843285776
0.484701605574 0.000275453131631
0.514995455922 0.000162173386972
0.545289306271 0.000138758057633
0.575583156619 0.000205223492649
0.605877006968 0.000115022751866
0.636170857316 0.000204627532215
0.666464707664 7.08974998127e-05
0.696758558013 0.000169682769892
0.727052408361 0.00012150839094
0.757346258709 5.48180516012e-05
0.787640109058 0.000195625817699
0.817933959406 0.00019600825558
0.848227809755 0.000228429936443
0.878521660103 0.000289309273749
0.908815510451 0.000251523220953
0.9391093608 0.000136357940261
0.969403211148 0.000187915690568
0.999697061497 1.67512018865e-05
1.02999091184 0.000108441259952
1.06028476219 0.000178896629015
1.09057861254 0.000197877851523
1.12087246289 7.97414336205e-05
1.15116631324 2.40737819048e-05
1.18146016359 2.283339272e-05
1.21175401394 3.78701090303e-05
1.24204786428 1.2802132101e-05
1.27234171463 5.0955608126e-05
1.30263556498 3.97887170687e-05
1.33292941533 2.57084345003e-05
1.36322326568 4.38405138178e-06
1.39351711603 2.19269417986e-05
1.42381096637 3.0317614884e-05
1.45410481672 5.20218185353e-05
1.48439866707 2.99537910953e-05
1.51469251742 2.1573765066e-05
1.54498636777 3.45819183946e-05
1.57528021812 2.53944868173e-05
1.60557406846 2.42135667711e-05
1.63586791881 2.63922614367e-05
1.66616176916 4.60533284368e-05
1.69645561951 6.59357536864e-05
1.72674946986 3.89303831561e-05
1.75704332021 5.32164405394e-05
1.78733717055 2.52269359211e-05
1.8176310209 3.44824488462e-05
1.84792487125 4.2124694181e-05
1.8782187216 6.04877848258e-05
1.90851257195 3.28962120963e-05
1.9388064223 1.08173117524e-05
1.96910027264 2.39946810521e-05
1.99939412299 1.85299421258e-05
2.02968797334 4.22662691374e-06
2.05998182369 7.88368690461e-06
2.09027567404 6.82584399663e-05
2.12056952439 2.56551754933e-05
2.15086337473 2.76712697258e-05
2.18115722508 4.62575043466e-05
2.21145107543 2.93578557098e-05
2.24174492578 3.32831779276e-05
2.27203877613 5.0134377681e-05
2.30233262648 6.24203572478e-05
2.33262647683 7.89015874148e-05
2.36292032717 0.000105242758234
2.39321417752 9.20423756864e-05
2.42350802787 7.79581015279e-05
2.45380187822 0.000111054713553
2.48409572857 0.000115867964867
2.51438957892 6.30818095942e-05
2.54468342926 7.07007899434e-05
2.57497727961 9.7418020522e-05
2.60527112996 9.19515924074e-05
2.63556498031 9.26110161762e-05
2.66585883066 5.27976388884e-05
2.69615268101 5.47873528446e-05
2.72644653135 7.55489551808e-05
2.7567403817 6.69845589072e-05
2.78703423205 9.53101411448e-05
2.8173280824 4.25090540123e-05
2.84762193275 6.24992604332e-05
2.8779157831 4.89361814895e-05
2.90820963344 7.12738901022e-05
2.93850348379 8.66634351837e-05
2.96879733414 5.59234821023e-05
2.99909118449 3.62395151523e-05
3.02938503484 4.72380511943e-05
3.05967888519 3.61328804835e-05
3.08997273553 1.31166834105e-05
3.12026658588 3.28581109772e-05
3.15056043623 2.00488422294e-05
3.18085428658 3.67988971935e-05
3.21114813693 4.05150873696e-05
3.24144198728 2.23015316177e-05
3.27173583762 5.78580688742e-06
3.30202968797 6.66699864434e-06
3.33232353832 2.91093409427e-05
3.36261738867 6.53686688634e-05
3.39291123902 5.97035097811e-05
3.42320508937 3.9129139437e-05
3.45349893972 3.45240749304e-05
3.48379279006 2.97719271812e-05
3.51408664041 2.05870477294e-05
3.54438049076 3.84009485703e-05
3.57467434111 2.82568891827e-05
3.60496819146 3.23285842871e-05
3.63526204181 2.91981834614e-05
3.66555589215 1.1101457995e-05
3.6958497425 1.04827865652e-05
3.72614359285 5.14828501448e-06
3.7564374432 2.04925508538e-05
3.78673129355 1.51777072273e-05
3.8170251439 2.95176693814e-05
3.84731899424 9.33080642738e-06
3.87761284459 2.37652554813e-05
3.90790669494 1.80310254363e-05
3.93820054529 9.01469947954e-06
3.96849439564 2.39730107741e-05
3.99878824599 1.85324980488e-05
4.02908209633 8.82943928796e-06
4.05937594668 1.65737305379e-05
4.08966979703 1.01212103891e-05
4.11996364738 1.23906308852e-05
4.15025749773 1.05495860687e-05
4.18055134808 1.43550828523e-05
4.21084519842 8.78982814512e-06
4.24113904877 1.42012423748e-05
4.27143289912 2.24831345705e-05
4.30172674947 2.37084163132e-05
4.33202059982 2.27416872926e-05
4.36231445017 9.45857693992e-06
4.39260830051 8.6651237101e-06
4.42290215086 1.59056307626e-05
4.45319600121 1.16275374901e-05
4.48348985156 1.77697726307e-05
4.51378370191 1.43748396161e-05
4.54407755226 1.46770655301e-05
4.57437140261 2.17838660321e-05
4.60466525295 1.07810611351e-05
4.6349591033 5.92204349334e-06
4.66525295365 1.73104199826e-05
4.695546804 7.83493231482e-06
4.72584065435 1.41509563366e-05
4.7561345047 6.10784490177e-06
4.78642835504 6.70051350809e-06
4.81672220539 3.84426711975e-06
4.84701605574 1.18654492765e-05
4.87730990609 1.8350926132e-05
4.90760375644 2.31651477834e-05
4.93789760679 2.09370043355e-05
4.96819145713 9.12612819888e-06
4.99848530748 2.29179170528e-05
5.02877915783 1.49439145073e-05
5.05907300818 1.0084173123e-05
5.08936685853 6.86680129742e-06
5.11966070888 2.81746717542e-06
5.14995455922 5.84166601344e-06
5.18024840957 1.42421555995e-05
5.21054225992 2.79632031565e-05
5.24083611027 2.54628789483e-05
5.27112996062 1.40335121752e-05
5.30142381097 1.25249604136e-05
5.33171766131 7.49882576259e-06
5.36201151166 7.62535831565e-06
5.39230536201 1.65354436834e-05
5.42259921236 1.71887670246e-05
5.45289306271 1.59548325107e-05
5.48318691306 2.40678689722e-05
5.51348076341 2.84000968113e-05
5.54377461375 2.55337270432e-05
5.5740684641 2.17478190034e-05
5.60436231445 2.17416318404e-05
5.6346561648 2.14564057008e-05
5.66495001515 2.15409871965e-05
5.6952438655 1.38507223293e-05
5.72553771584 8.02964831674e-06
5.75583156619 5.94038990387e-06
5.78612541654 3.37382564222e-06
5.81641926689 6.63099277139e-06
5.84671311724 1.71448734304e-06
5.87700696759 1.30819334822e-05
5.90730081793 1.34017078735e-05
5.93759466828 1.90830829306e-05
5.96788851863 1.11073704091e-05
5.99818236898 4.83497493141e-06
6.02847621933 1.80113609243e-05
6.05877006968 1.47631464795e-05
6.08906392002 4.41449671476e-06
6.11935777037 6.34945340991e-06
6.14965162072 2.53798528974e-06
6.17994547107 9.41329926718e-06
6.21023932142 4.40543105832e-06
6.24053317177 2.23131120048e-06
6.27082702211 1.23306370797e-05
6.30112087246 4.40392571652e-06
6.33141472281 7.77352612871e-06
6.36170857316 8.02561759946e-06
6.39200242351 4.03643403356e-06
6.42229627386 2.51327920167e-06
6.4525901242 5.53176727558e-06
6.48288397455 1.07381014907e-05
6.5131778249 8.08510642338e-06
6.54347167525 1.2312867218e-05
6.5737655256 9.28665282241e-06
6.60405937595 1.25139391667e-05
6.6343532263 9.12760543871e-06
6.66464707664 7.90226438002e-06
6.69494092699 1.60633782716e-05
6.72523477734 9.53141784589e-06
6.75552862769 5.02965023093e-06
6.78582247804 8.80267628645e-06
6.81611632839 7.07105070691e-06
6.84641017873 7.65411152158e-06
6.87670402908 7.79362052898e-06
6.90699787943 1.09342547919e-05
6.93729172978 1.51228986347e-06
6.96758558013 7.29692681165e-06
6.99787943048 5.591045554e-06
7.02817328082 5.57184936496e-06
7.05846713117 1.08155210562e-05
7.08876098152 9.41321938093e-06
7.11905483187 9.04291169899e-06
7.14934868222 8.87219460252e-06
7.17964253257 5.47258739876e-06
7.20993638291 2.80542765268e-06
7.24023023326 8.02876141276e-06
7.27052408361 6.28318889004e-06
7.30081793396 8.35187009227e-06
7.33111178431 8.77902221279e-06
7.36140563466 9.03147533658e-06
7.391699485 1.19932317799e-05
7.42199333535 5.73720039006e-06
7.4522871857 1.08310042526e-05
7.48258103605 6.14054694479e-06
7.5128748864 9.47539192381e-06
7.54316873675 6.6211910053e-06
7.57346258709 8.15170313337e-06
7.60375643744 1.00010422987e-05
7.63405028779 8.87171639025e-06
7.66434413814 5.36031998352e-06
7.69463798849 6.71373450253e-06
7.72493183884 1.11029715127e-05
7.75522568919 5.05114219452e-06
7.78551953953 5.98734219394e-06
7.81581338988 4.10573400723e-06
7.84610724023 1.228272328e-06
7.87640109058 5.47993851778e-06
7.90669494093 1.98579317057e-06
7.93698879128 2.59102542105e-06
7.96728264162 5.7287737849e-06
7.99757649197 1.13381710818e-05
8.02787034232 7.45374217808e-06
8.05816419267 6.34597995337e-06
8.08845804302 4.40559466519e-06
8.11875189337 2.66943945592e-06
8.14904574371 4.3409674758e-06
8.17933959406 1.20864201833e-06
8.20963344441 2.4644383095e-06
8.23992729476 3.2829164518e-06
8.27022114511 3.8504049576e-06
8.30051499546 6.81577460113e-06
8.3308088458 3.29993102602e-06
8.36110269615 2.41365214729e-06
8.3913965465 2.3407263806e-06
8.42169039685 1.78492040563e-06
8.4519842472 4.29464819263e-06
8.48227809755 8.33130725126e-06
8.51257194789 5.80381149519e-06
8.54286579824 4.8487528661e-06
8.57315964859 5.75267923183e-06
8.60345349894 1.68047948683e-06
8.63374734929 3.12838434693e-06
8.66404119964 3.75358676349e-06
8.69433504998 3.0333332502e-06
8.72462890033 1.07552608945e-06
8.75492275068 3.36545724583e-06
8.78521660103 1.41629759412e-06
8.81551045138 3.22675416455e-06
8.84580430173 2.50969595158e-06
8.87609815208 2.6959299973e-06
8.90639200242 4.85055902395e-07
8.93668585277 2.36427112088e-06
8.96697970312 5.99128079605e-06
8.99727355347 3.72279057469e-06
9.02756740382 2.41375786409e-06
9.05786125417 1.56434247214e-06
9.08815510451 4.17469314766e-06
9.11844895486 5.88645834039e-06
9.14874280521 4.67616813437e-07
9.17903665556 3.71154817212e-06
9.20933050591 4.797682626e-06
9.23962435626 1.85228262262e-06
9.2699182066 3.01618515093e-06
9.30021205695 1.50439304413e-06
9.3305059073 1.90549182015e-07
9.36079975765 6.51744921644e-06
9.391093608 3.88364539033e-06
9.42138745835 3.58773241671e-06
9.45168130869 3.10491753412e-06
9.48197515904 1.08388919443e-06
9.51226900939 4.13788138067e-06
9.54256285974 2.75110632885e-06
9.57285671009 2.89565547021e-06
9.60315056044 1.44415334596e-06
9.63344441078 3.1363876455e-06
9.66373826113 2.55723378276e-06
9.69403211148 2.30197866858e-06
9.72432596183 1.04220447929e-06
9.75461981218 1.17441809054e-06
9.78491366253 3.59001580238e-06
9.81520751287 3.50817730517e-06
9.84550136322 3.77007998058e-06
9.87579521357 3.54981953992e-06
9.90608906392 4.76287803811e-06
9.93638291427 4.30735798329e-06
9.96667676462 4.16893445598e-06
9.99697061497 2.64189137024e-06
10.0272644653 2.43046172887e-06
10.0575583157 1.73976123294e-06
10.087852166 1.61873487586e-06
10.1181460164 3.67722171265e-06
10.1484398667 2.08648822891e-06
10.1787337171 1.68849061073e-06
10.2090275674 4.5191618546e-07
10.2393214178 1.74676523171e-06
10.2696152681 2.56447288076e-06
10.2999091184 1.98301534731e-06
10.3302029688 2.23902878485e-06
10.3604968191 5.03461344419e-07
10.3907906695 1.36574014657e-06
10.4210845198 3.85412918479e-06
10.4513783702 5.18918446979e-06
10.4816722205 4.50366776379e-06
10.5119660709 6.00786634477e-06
10.5422599212 3.83949956952e-06
10.5725537716 4.1222438713e-06
10.6028476219 4.20683304942e-06
10.6331414723 1.97126172005e-06
10.6634353226 2.41797079692e-06
10.693729173 2.23007972243e-06
10.7240230233 2.84035376058e-06
10.7543168737 5.21971852001e-06
10.784610724 2.92905917701e-06
10.8149045744 4.05128401207e-06
10.8451984247 1.87603673235e-06
10.8754922751 2.35052298652e-06
10.9057861254 1.14548607588e-06
10.9360799758 1.93744900843e-06
10.9663738261 2.13890290487e-06
10.9966676765 1.56914446274e-06
11.0269615268 9.81307879601e-07
11.0572553772 1.8694824022e-06
11.0875492275 1.85493809939e-06
11.1178430779 2.3097956713e-06
11.1481369282 3.32008089667e-06
11.1784307786 2.2858778198e-06
11.2087246289 2.09917010907e-06
11.2390184792 5.49152759439e-07
11.2693123296 1.07380342586e-06
11.2996061799 1.18734929532e-06
11.3299000303 1.56752082314e-06
11.3601938806 3.80480220864e-06
11.390487731 4.3203850373e-06
11.4207815813 1.97281677019e-06
11.4510754317 3.03899052603e-06
11.481369282 2.3494120824e-06
11.5116631324 1.41239803526e-06
11.5419569827 1.30944054437e-06
11.5722508331 2.84335803894e-06
11.6025446834 1.58917273368e-06
11.6328385338 2.34489567055e-06
11.6631323841 2.74106342907e-06
11.6934262345 2.75587581579e-06
11.7237200848 1.23684566975e-06
11.7540139352 4.72428323998e-07
11.7843077855 3.47916173515e-07
11.8146016359 1.04756003224e-06
11.8448954862 2.11818424989e-06
11.8751893366 1.93646955144e-06
11.9054831869 1.70111686865e-06
11.9357770373 1.64538837765e-06
11.9660708876 1.12889162001e-06
11.996364738 9.49194151528e-07
12.0266585883 1.05807543385e-06
12.0569524387 2.34485641113e-06
12.087246289 1.98952502703e-06
12.1175401394 1.62588394109e-06
12.1478339897 1.39153045504e-06
12.17812784 2.02727863028e-06
12.2084216904 4.00293722438e-07
12.2387155407 1.07131763389e-06
12.2690093911 2.15136244915e-06
12.2993032414 1.39098878269e-06
12.3295970918 1.46975455471e-06
12.3598909421 1.73066408296e-06
12.3901847925 2.29349785957e-06
12.4204786428 2.3390655347e-06
12.4507724932 1.14728678367e-06
12.4810663435 4.41470440803e-07
12.5113601939 1.09061233544e-06
12.5416540442 1.40274085976e-06
12.5719478946 2.50626700384e-06
12.6022417449 2.25141916913e-06
12.6325355953 2.40555745734e-06
12.6628294456 3.56061782125e-07
12.693123296 1.53633389295e-06
12.7234171463 2.36702870225e-06
12.7537109967 6.23384060497e-07
12.784004847 8.60869209233e-07
12.8142986974 5.87099597131e-07
12.8445925477 4.55651814303e-07
12.8748863981 2.77490304241e-07
12.9051802484 1.90636841451e-07
12.9354740988 1.02463140109e-06
12.9657679491 2.8758546112e-07
12.9960617995 1.07592479827e-06
13.0263556498 8.39050088274e-07
13.0566495002 3.86291628524e-07
13.0869433505 1.58514495467e-06
13.1172372008 7.35586718216e-07
13.1475310512 9.08147195763e-07
13.1778249015 1.12168592755e-06
13.2081187519 1.71090779804e-06
13.2384126022 1.91826253973e-06
13.2687064526 1.30623356444e-06
13.2990003029 3.85524113827e-07
13.3292941533 7.06863331552e-07
13.3595880036 3.399226918e-07
13.389881854 3.32931933863e-07
13.4201757043 4.58833184134e-07
13.4504695547 5.93204279338e-07
13.480763405 1.13693502438e-06
13.5110572554 8.86078572485e-07
13.5413511057 1.49930897713e-06
13.5716449561 6.84605940909e-07
13.6019388064 1.12447828892e-06
13.6322326568 6.52602500568e-07
13.6625265071 4.01367398774e-07
13.6928203575 6.36082950382e-07
13.7231142078 8.18220336282e-07
13.7534080582 3.2421241121e-07
13.7837019085 8.65993362837e-07
13.8139957589 1.34796195972e-06
13.8442896092 1.58966577539e-06
13.8745834596 9.52940056095e-07
13.9048773099 5.52487164784e-07
13.9351711603 8.53254415576e-07
13.9654650106 9.28275110024e-07
13.995758861 8.02635580573e-07
14.0260527113 5.06053444888e-07
14.0563465616 2.64863298367e-07
14.086640412 3.20497430938e-07
14.1169342623 3.98804444811e-07
14.1472281127 9.02440457952e-07
14.177521963 1.02179249283e-06
14.2078158134 6.28680008709e-07
14.2381096637 8.24040980097e-07
14.2684035141 2.04209298192e-07
14.2986973644 1.13554068928e-07
14.3289912148 1.57035346714e-07
14.3592850651 3.0156810265e-07
14.3895789155 5.20974503624e-07
14.4198727658 1.39100202988e-06
14.4501666162 1.25996349351e-06
14.4804604665 8.23587848995e-07
14.5107543169 9.48935702411e-07
14.5410481672 1.50281015589e-06
14.5713420176 9.21628503116e-07
14.6016358679 1.18001777049e-06
14.6319297183 1.11043130913e-06
14.6622235686 4.44258821464e-07
14.692517419 1.20230887103e-06
14.7228112693 8.56899755656e-07
14.7531051197 5.81570215563e-07
14.78339897 3.15477310918e-07
14.8136928204 8.23101619089e-07
14.8439866707 9.51112644543e-07
14.8742805211 4.41729857396e-07
14.9045743714 4.50856706208e-07
14.9348682218 9.15857882901e-07
14.9651620721 7.583706481e-07
14.9954559224 1.87884624065e-06
15.0257497728 2.23233730282e-06
15.0560436231 1.73971627042e-06
15.0863374735 1.18590025467e-06
15.1166313238 9.85902972244e-07
15.1469251742 1.04781079346e-06
15.1772190245 5.23419667927e-07
15.2075128749 1.19802629126e-07
15.2378067252 5.88211824273e-07
15.2681005756 6.03983898691e-07
15.2983944259 8.87452349192e-07
15.3286882763 8.81949342756e-07
15.3589821266 1.07915380045e-06
15.389275977 1.05486836154e-06
15.4195698273 4.11110849954e-07
15.4498636777 3.691171184e-07
15.480157528 2.75857015652e-07
15.5104513784 1.83152617982e-07
15.5407452287 6.03042981723e-07
15.5710390791 3.39509064572e-07
15.6013329294 4.54319158239e-07
15.6316267798 3.83282741648e-07
15.6619206301 6.3881226707e-07
15.6922144805 3.67889706464e-07
15.7225083308 4.28566728843e-07
15.7528021812 8.38613423263e-07
15.7830960315 2.7005171041e-07
15.8133898819 5.81915027636e-07
15.8436837322 8.08093873169e-07
15.8739775826 5.90964139637e-07
15.9042714329 3.63610276607e-07
15.9345652832 3.33425189154e-07
15.9648591336 6.96761283199e-07
15.9951529839 3.08668800491e-07
16.0254468343 6.26083635016e-07
16.0557406846 4.70671600143e-07
16.086034535 1.94672639431e-07
16.1163283853 2.71943260644e-07
16.1466222357 3.60112292209e-07
16.176916086 5.17266804974e-07
16.2072099364 9.22215648576e-07
16.2375037867 9.64066313452e-07
16.2677976371 9.49177534052e-07
16.2980914874 6.75748275298e-07
16.3283853378 1.7728156185e-07
16.3586791881 4.51290492595e-07
16.3889730385 4.61137790979e-07
16.4192668888 4.68768178955e-07
16.4495607392 1.51689178379e-07
16.4798545895 3.72097921826e-07
16.5101484399 5.04312600314e-07
16.5404422902 3.64112616584e-07
16.5707361406 1.39078913257e-07
16.6010299909 6.51819647758e-08
16.6313238413 2.07999078829e-07
16.6616176916 1.75623915169e-08
16.691911542 2.35816269307e-07
16.7222053923 2.75508626533e-07
16.7524992427 6.65993839538e-07
16.782793093 4.8174498256e-07
16.8130869434 5.77594630622e-07
16.8433807937 6.37821055869e-07
16.873674644 1.8594759523e-07
16.9039684944 1.57599419269e-07
16.9342623447 1.75003617682e-07
16.9645561951 4.73342142363e-07
16.9948500454 4.00810417435e-07
17.0251438958 1.59332425563e-07
17.0554377461 2.61605793053e-07
17.0857315965 3.13815049595e-07
17.1160254468 3.97062923688e-07
17.1463192972 2.68640668479e-07
17.1766131475 2.20359209535e-08
17.2069069979 2.87728535274e-07
17.2372008482 4.59101436158e-07
17.2674946986 1.85052888536e-07
17.2977885489 1.72409746265e-07
17.3280823993 1.12939837969e-07
17.3583762496 2.83861955986e-07
17.3886701 5.17841733203e-07
17.4189639503 1.19971453636e-07
17.4492578007 5.54286622561e-07
17.479551651 5.34759167882e-07
17.5098455014 4.16847669353e-07
17.5401393517 1.08963765471e-07
17.5704332021 2.46610276147e-07
17.6007270524 2.89453783261e-07
17.6310209028 4.55545674844e-07
17.6613147531 1.33043415153e-07
17.6916086035 2.07612319437e-07
17.7219024538 1.98430715265e-07
17.7521963042 2.5233087541e-07
17.7824901545 2.12366979671e-07
17.8127840048 3.97358970092e-07
17.8430778552 1.58777131033e-07
17.8733717055 1.0970534665e-07
17.9036655559 7.67380187501e-08
17.9339594062 1.54961998785e-07
17.9642532566 1.38193248754e-07
17.9945471069 9.17366257285e-08
18.0248409573 1.75516473235e-07
18.0551348076 1.87267169834e-07
18.085428658 3.13704363041e-07
18.1157225083 3.23367616435e-07
18.1460163587 4.22107250403e-07
18.176310209 6.29760778563e-08
18.2066040594 1.83599942758e-07
18.2368979097 3.57403492669e-07
18.2671917601 3.11216547392e-07
18.2974856104 1.40785158003e-07
18.3277794608 1.22265718875e-07
18.3580733111 1.56093494257e-07
18.3883671615 3.13314656276e-07
18.4186610118 2.93478749285e-07
18.4489548622 2.84349635343e-07
18.4792487125 3.26158046199e-07
18.5095425629 3.12754499829e-07
18.5398364132 1.60836203162e-07
18.5701302636 1.44518734924e-07
18.6004241139 3.67053719432e-07
18.6307179643 4.94936751589e-07
18.6610118146 2.31747065683e-07
18.691305665 1.89725874324e-07
18.7215995153 6.83008545747e-08
18.7518933656 2.40271717458e-07
18.782187216 1.75996890817e-07
18.8124810663 2.51407610678e-07
18.8427749167 3.03368355507e-07
18.873068767 1.67920775328e-07
18.9033626174 2.03027815829e-07
18.9336564677 1.186601367e-07
18.9639503181 1.02571077382e-07
18.9942441684 1.21942591574e-08
19.0245380188 1.63396200721e-07
19.0548318691 3.11028237213e-07
19.0851257195 2.71696584734e-07
19.1154195698 5.28189497014e-08
19.1457134202 7.18055530846e-08
19.1760072705 1.70476784605e-07
19.2063011209 1.08828334487e-07
19.2365949712 2.77418629313e-07
19.2668888216 4.27289939791e-07
19.2971826719 3.84024571298e-07
19.3274765223 2.44791847738e-07
19.3577703726 2.24843215733e-07
19.388064223 1.66028443856e-07
19.4183580733 1.7879915426e-07
19.4486519237 1.58393118607e-07
19.478945774 1.24854545993e-07
19.5092396244 4.54265969395e-07
19.5395334747 3.61251820214e-07
19.5698273251 1.71422456175e-07
19.6001211754 4.4115241278e-08
19.6304150257 9.30724941087e-08
19.6607088761 1.14393039822e-07
19.6910027264 3.05362118461e-07
19.7212965768 2.96372248134e-07
19.7515904271 3.25956597313e-07
19.7818842775 6.32615513971e-08
19.8121781278 1.37092781816e-07
19.8424719782 1.27680240562e-07
19.8727658285 1.53390811447e-07
19.9030596789 2.52260986967e-07
19.9333535292 2.74823726572e-07
19.9636473796 1.12645418863e-07
19.9939412299 1.93839703796e-07
20.0242350803 1.82489292304e-07
20.0545289306 1.09155764856e-07
20.084822781 1.22967802834e-07
20.1151166313 2.45730784304e-07
20.1454104817 4.52921677825e-08
20.175704332 1.9959248441e-07
20.2059981824 1.18087608443e-07
20.2362920327 1.02989858699e-07
20.2665858831 1.09981626824e-08
20.2968797334 1.82273344418e-07
20.3271735838 1.08117342288e-07
20.3574674341 1.49550517552e-07
20.3877612845 6.88364362041e-08
20.4180551348 2.37238754504e-07
20.4483489852 2.41941620672e-07
20.4786428355 1.86602938633e-07
20.5089366859 8.1859952159e-08
20.5392305362 1.59713838851e-07
20.5695243865 1.45282580868e-07
20.5998182369 4.36359650356e-07
20.6301120872 2.61561529934e-07
20.6604059376 8.23567618897e-08
20.6906997879 1.78557681538e-08
20.7209936383 3.04011683789e-08
20.7512874886 2.21502285099e-07
20.781581339 1.11968415062e-07
20.8118751893 1.57813201146e-07
20.8421690397 1.57167202788e-07
20.87246289 1.25433069575e-07
20.9027567404 1.17659052421e-07
20.9330505907 7.29348035187e-08
20.9633444411 1.29133137396e-07
20.9936382914 1.88883234811e-07
21.0239321418 2.21965010401e-07
21.0542259921 1.18908421568e-07
21.0845198425 1.33932997636e-07
21.1148136928 1.04763770775e-07
21.1451075432 1.62893743317e-07
21.1754013935 2.22742423594e-07
21.2056952439 1.72108441339e-08
21.2359890942 1.16686464454e-07
21.2662829446 1.49389608174e-07
21.2965767949 1.37523712128e-07
21.3268706453 1.13772613781e-07
21.3571644956 6.38324662207e-08
21.387458346 1.12342884573e-07
21.4177521963 1.51874081664e-07
21.4480460467 1.68716036566e-07
21.478339897 1.56374445773e-07
21.5086337473 1.85486660647e-07
21.5389275977 6.75704970707e-08
21.569221448 1.58511566533e-07
21.5995152984 1.51785772722e-07
21.6298091487 6.27812643772e-08
21.6601029991 1.72048136428e-07
21.6903968494 9.75360651464e-08
21.7206906998 2.21629983445e-07
21.7509845501 1.3764084608e-07
21.7812784005 6.35034262382e-08
21.8115722508 5.68050263929e-08
21.8418661012 1.54254964046e-07
21.8721599515 5.95059866564e-08
21.9024538019 1.62572172862e-07
21.9327476522 9.70676226202e-08
21.9630415026 1.71569064313e-07
21.9933353529 1.83655338761e-07
22.0236292033 9.7110615216e-08
22.0539230536 3.00016997425e-08
22.084216904 8.22752203005e-08
22.1145107543 1.49461899365e-07
22.1448046047 6.59240045152e-08
22.175098455 1.42774352742e-07
22.2053923054 1.66935801119e-07
22.2356861557 8.25408612046e-08
22.2659800061 1.21357808151e-07
22.2962738564 1.31302890745e-07
22.3265677068 7.80201067901e-08
22.3568615571 1.09253902494e-07
22.3871554075 1.45328789487e-07
22.4174492578 1.19010483544e-07
22.4477431081 8.84809367578e-08
22.4780369585 1.08478919692e-07
22.5083308088 1.05314628166e-07
22.5386246592 9.00279294807e-08
22.5689185095 7.83233281554e-08
22.5992123599 8.40810616973e-08
22.6295062102 1.02636139846e-07
22.6598000606 1.10082466588e-07
22.6900939109 6.55765611053e-08
22.7203877613 9.01838327261e-08
22.7506816116 7.08683806491e-08
22.780975462 1.77243110254e-07
22.8112693123 1.7906012962e-07
22.8415631627 1.06969282807e-07
22.871857013 7.26148048563e-08
22.9021508634 1.16241131154e-07
22.9324447137 1.15802029062e-07
22.9627385641 1.04516494307e-07
22.9930324144 1.13685998117e-07
23.0233262648 1.82945485595e-07
23.0536201151 9.10031178215e-08
23.0839139655 9.21675097619e-08
23.1142078158 8.8304603251e-08
23.1445016662 1.62569090553e-07
23.1747955165 9.14528567846e-08
23.2050893669 6.39767593771e-08
23.2353832172 8.99981213047e-08
23.2656770676 1.19016806828e-07
23.2959709179 8.521475858e-08
23.3262647683 1.16679765237e-07
23.3565586186 1.31543679171e-07
23.3868524689 6.91820308148e-08
23.4171463193 7.52887379671e-08
23.4474401696 9.49014995387e-08
23.47773402 9.16515650544e-08
23.5080278703 1.32359524603e-07
23.5383217207 1.06075021728e-07
23.568615571 3.43334935255e-08
23.5989094214 1.20140155982e-07
23.6292032717 8.19367683585e-08
23.6594971221 6.2559234066e-08
23.6897909724 1.0986502789e-07
23.7200848228 9.56496477228e-08
23.7503786731 1.28137978187e-07
23.7806725235 1.06779686323e-07
23.8109663738 1.41506279784e-07
23.8412602242 9.54054421448e-08
23.8715540745 3.39750837029e-08
23.9018479249 1.27643464794e-07
23.9321417752 8.03270613946e-08
23.9624356256 9.11825159174e-08
23.9927294759 9.96515297218e-08
24.0230233263 7.8768730122e-08
24.0533171766 5.8419615032e-08
24.083611027 1.35969831271e-07
24.1139048773 1.38088152667e-07
24.1441987277 1.21639003305e-07
24.174492578 3.96690108676e-08
24.2047864284 9.0191846634e-08
24.2350802787 1.13955941684e-07
24.2653741291 1.04849152668e-07
24.2956679794 9.90758896508e-08
24.3259618297 8.23451724054e-08
24.3562556801 6.29621719696e-08
24.3865495304 9.82796828279e-08
24.4168433808 1.11418276013e-07
24.4471372311 9.38154121415e-08
24.4774310815 9.43490739586e-08
24.5077249318 1.0357117269e-07
24.5380187822 1.03371822266e-07
24.5683126325 8.06318397421e-08
24.5986064829 9.59068013274e-08
24.6289003332 8.70073758113e-08
24.6591941836 9.83649922861e-08
24.6894880339 1.0419858246e-07
24.7197818843 1.06204441274e-07
24.7500757346 8.63508055628e-08
24.780369585 7.31364017131e-08
24.8106634353 7.60835060406e-08
24.8409572857 1.16772988345e-07
24.871251136 1.12021431219e-07
24.9015449864 9.82573474278e-08
24.9318388367 1.01509337665e-07
24.9621326871 9.42167448176e-08
24.9924265374 1.03238697097e-07
25.0227203878 9.0354055916e-08
25.0530142381 8.34424044873e-08
25.0833080885 9.35742949121e-08
25.1136019388 7.9832187166e-08
25.1438957892 9.00253432994e-08
25.1741896395 8.68927133163e-08
25.2044834899 8.75534015972e-08
25.2347773402 9.14555212738e-08
25.2650711905 8.60547371112e-08
25.2953650409 8.10802669853e-08
25.3256588912 9.47395099667e-08
25.3559527416 9.5391030573e-08
25.3862465919 1.00161607407e-07
25.4165404423 1.02512591074e-07
25.4468342926 8.71477306361e-08
25.477128143 1.01131360677e-07
25.5074219933 7.63065201049e-08
25.5377158437 8.67264956819e-08
25.568009694 7.87006712193e-08
25.5983035444 9.84724363164e-08
25.6285973947 8.95969857357e-08
25.6588912451 7.82358596861e-08
25.6891850954 7.55032492958e-08
25.7194789458 9.00020513889e-08
25.7497727961 7.7721288581e-08
25.7800666465 1.02135683018e-07
25.8103604968 9.46574512386e-08
25.8406543472 9.01675670448e-08
25.8709481975 1.07892049751e-07
25.9012420479 7.92132721426e-08
25.9315358982 8.32730663557e-08
25.9618297486 9.84354647254e-08
25.9921235989 1.04520705261e-07
26.0224174493 9.36790237887e-08
26.0527112996 9.42655353731e-08
26.08300515 7.98579995269e-08
26.1132990003 9.59177389439e-08
26.1435928507 9.11214059712e-08
26.173886701 9.92851299505e-08
26.2041805513 8.94635966743e-08
26.2344744017 8.59043488119e-08
26.264768252 7.68103805952e-08
26.2950621024 9.57939146301e-08
26.3253559527 8.11763049365e-08
26.3556498031 9.87838507517e-08
26.3859436534 8.20991813496e-08
26.4162375038 9.09464068798e-08
26.4465313541 8.44599409299e-08
26.4768252045 8.05742772303e-08
26.5071190548 7.84762629632e-08
26.5374129052 8.49501544356e-08
26.5677067555 8.93383344144e-08
26.5980006059 9.42308487266e-08
26.6282944562 9.75960932045e-08
26.6585883066 8.93352618255e-08
26.6888821569 7.17482421775e-08
26.7191760073 8.7651080129e-08
26.7494698576 9.46925486441e-08
26.779763708 8.25774242625e-08
26.8100575583 9.47620125832e-08
26.8403514087 8.80071822825e-08
26.870645259 9.24041906659e-08
26.9009391094 9.19807924168e-08
26.9312329597 8.07931802617e-08
26.9615268101 9.91117319634e-08
26.9918206604 8.54347541548e-08
27.0221145108 8.49276521589e-08
27.0524083611 8.88080820389e-08
27.0827022115 8.8180133598e-08
27.1129960618 8.42801402367e-08
27.1432899121 8.93380868326e-08
27.1735837625 8.97291307061e-08
27.2038776128 8.20732435933e-08
27.2341714632 8.80314943318e-08
27.2644653135 8.25553876736e-08
27.2947591639 1.0296176399e-07
27.3250530142 8.88119224166e-08
27.3553468646 8.15583331108e-08
27.3856407149 9.51964030922e-08
27.4159345653 8.4009561939e-08
27.4462284156 8.48803800596e-08
27.476522266 8.77349560925e-08
27.5068161163 8.63735590836e-08
27.5371099667 7.75717890606e-08
27.567403817 8.53344948823e-08
27.5976976674 8.8587031433e-08
27.6279915177 8.93578734876e-08
27.6582853681 8.50673676642e-08
27.6885792184 8.83746973123e-08
27.7188730688 8.50141726356e-08
27.7491669191 8.35055078273e-08
27.7794607695 7.57846849961e-08
27.8097546198 8.60618539684e-08
27.8400484702 8.80655506781e-08
27.8703423205 8.63860948695e-08
27.9006361709 8.74959246437e-08
27.9309300212 8.29332581254e-08
27.9612238716 8.82438277086e-08
27.9915177219 8.75617312978e-08
28.0218115723 8.77667105224e-08
28.0521054226 8.10274270146e-08
28.0823992729 7.96054779157e-08
28.1126931233 8.22355268455e-08
28.1429869736 8.70946605011e-08
28.173280824 8.5119618223e-08
28.2035746743 8.26114983632e-08
28.2338685247 8.80576314557e-08
28.264162375 8.52733001963e-08
28.2944562254 8.34026668601e-08
28.3247500757 8.54914838007e-08
28.3550439261 8.57297481516e-08
28.3853377764 8.43068174743e-08
28.4156316268 8.73026873398e-08
28.4459254771 8.31852385759e-08
28.4762193275 8.35332445662e-08
28.5065131778 8.51797705758e-08
28.5368070282 8.64963622756e-08
28.5671008785 8.43243028288e-08
28.5973947289 8.43583179431e-08
28.6276885792 8.23173614948e-08
28.6579824296 8.60537214144e-08
28.6882762799 8.38434568372e-08
28.7185701303 8.52460299224e-08
28.7488639806 8.43547002807e-08
28.779157831 8.18737472812e-08
28.8094516813 8.36327588802e-08
28.8397455317 8.29484139722e-08
28.870039382 8.46584424478e-08
28.9003332324 8.43867236805e-08
28.9306270827 8.07820532553e-08
28.9609209331 8.1833741809e-08
28.9912147834 8.06926313829e-08
29.0215086337 8.11574734083e-08
29.0518024841 8.36617327094e-08
29.0820963344 8.24489859771e-08
29.1123901848 7.93139647935e-08
29.1426840351 8.32960317061e-08
29.1729778855 8.37282259598e-08
29.2032717358 7.75881269564e-08
29.2335655862 8.12524673912e-08
29.2638594365 8.08778065001e-08
29.2941532869 8.26053776453e-08
29.3244471372 8.1879067053e-08
29.3547409876 8.1235315296e-08
29.3850348379 7.90862300734e-08
29.4153286883 8.15428479713e-08
29.4456225386 7.99434523863e-08
29.475916389 8.02113103944e-08
29.5062102393 8.3648287181e-08
29.5365040897 8.17040757177e-08
29.56679794 8.35908810765e-08
29.5970917904 8.18931004691e-08
29.6273856407 8.27718276122e-08
29.6576794911 8.50861240872e-08
29.6879733414 8.07702109238e-08
29.7182671918 8.04745542634e-08
29.7485610421 8.34576849728e-08
29.7788548925 8.07491555734e-08
29.8091487428 8.05325862996e-08
29.8394425932 8.12986213014e-08
29.8697364435 8.17340691652e-08
29.9000302939 8.24908306529e-08
29.9303241442 8.00193493479e-08
29.9606179945 7.91872117087e-08
29.9909118449 8.08885352825e-08
30.0212056952 7.95531925778e-08
30.0514995456 8.01977140848e-08
30.0817933959 7.92303326374e-08
30.1120872463 8.04787247675e-08
30.1423810966 8.1323369019e-08
30.172674947 7.90771377582e-08
30.2029687973 7.99621502484e-08
30.2332626477 8.12654737183e-08
30.263556498 8.01223991758e-08
30.2938503484 7.89024262008e-08
30.3241441987 8.13744314254e-08
30.3544380491 7.99064916916e-08
30.3847318994 8.01293334653e-08
30.4150257498 7.97955333078e-08
30.4453196001 8.09932843384e-08
30.4756134505 7.91049640769e-08
30.5059073008 8.0796657766e-08
30.5362011512 8.07539437318e-08
30.5664950015 8.00831958093e-08
30.5967888519 7.93157074687e-08
30.6270827022 7.96199836605e-08
30.6573765526 7.99481838832e-08
30.6876704029 7.8795280403e-08
30.7179642533 8.00298059741e-08
30.7482581036 7.93538495889e-08
30.778551954 7.929752322e-08
30.8088458043 7.91139246378e-08
30.8391396547 7.89400021727e-08
30.869433505 7.85983275213e-08
30.8997273553 7.93839439824e-08
30.9300212057 7.86305044581e-08
30.960315056 7.80724014979e-08
30.9906089064 7.76541618724e-08
31.0209027567 7.81670350386e-08
31.0511966071 7.81649362417e-08
31.0814904574 7.76407871299e-08
31.1117843078 7.77579191317e-08
31.1420781581 7.81305119475e-08
31.1723720085 7.73402785779e-08
31.2026658588 7.85029141955e-08
31.2329597092 7.90072255534e-08
31.2632535595 7.81652815684e-08
31.2935474099 7.81471948929e-08
31.3238412602 7.70800021302e-08
31.3541351106 7.69800178819e-08
31.3844289609 7.75664047917e-08
31.4147228113 7.78570094604e-08
31.4450166616 7.80984169859e-08
31.475310512 7.75308187024e-08
31.5056043623 7.67773296248e-08
31.5358982127 7.64636208628e-08
31.566192063 7.71173442442e-08
31.5964859134 7.72591114166e-08
31.6267797637 7.91865243675e-08
31.6570736141 7.75755101367e-08
31.6873674644 7.66423133815e-08
31.7176613148 7.67667792988e-08
31.7479551651 7.62840786056e-08
31.7782490154 7.73638470857e-08
31.8085428658 7.73140028798e-08
31.8388367161 7.73529154658e-08
31.8691305665 7.6831936585e-08
31.8994244168 7.7125344869e-08
31.9297182672 7.74608636973e-08
31.9600121175 7.64787049034e-08
31.9903059679 7.64466292712e-08
32.0205998182 7.67258508189e-08
32.0508936686 7.63158636083e-08
32.0811875189 7.55454684466e-08
32.1114813693 7.71974826762e-08
32.1417752196 7.75106139793e-08
32.17206907 7.68385859042e-08
32.2023629203 7.62086560343e-08
32.2326567707 7.68573530981e-08
32.262950621 7.65837017787e-08
32.2932444714 7.709039234e-08
32.3235383217 7.63089368335e-08
32.3538321721 7.69212821847e-08
32.3841260224 7.67467451462e-08
32.4144198728 7.71994772513e-08
32.4447137231 7.62910096432e-08
32.4750075735 7.63117676493e-08
32.5053014238 7.52466483549e-08
32.5355952742 7.57971563139e-08
32.5658891245 7.59439753512e-08
32.5961829749 7.70134698511e-08
32.6264768252 7.56581399171e-08
32.6567706756 7.56509286815e-08
32.6870645259 7.56618172891e-08
32.7173583762 7.61901657345e-08
32.7476522266 7.58603858516e-08
32.7779460769 7.50798809111e-08
32.8082399273 7.51843005846e-08
32.8385337776 7.53556296179e-08
32.868827628 7.54219581803e-08
32.8991214783 7.50191868817e-08
32.9294153287 7.58391840884e-08
32.959709179 7.56010499762e-08
32.9900030294 7.54858594165e-08
33.0202968797 7.54863184293e-08
33.0505907301 7.51018166566e-08
33.0808845804 7.50818858672e-08
33.1111784308 7.51705228416e-08
33.1414722811 7.56331755758e-08
33.1717661315 7.56020182228e-08
33.2020599818 7.47198561285e-08
33.2323538322 7.472086794e-08
33.2626476825 7.50205288748e-08
33.2929415329 7.51769473331e-08
33.3232353832 7.48285326501e-08
33.3535292336 7.47821369531e-08
33.3838230839 7.49953670518e-08
33.4141169343 7.48044917549e-08
33.4444107846 7.4758892047e-08
33.474704635 7.43600656913e-08
33.5049984853 7.43910525188e-08
33.5352923357 7.44691282327e-08
33.565586186 7.49988244611e-08
33.5958800364 7.47088549462e-08
33.6261738867 7.49781375993e-08
33.656467737 7.41893113592e-08
33.6867615874 7.44020201074e-08
33.7170554377 7.42444433194e-08
33.7473492881 7.45506485394e-08
33.7776431384 7.42814353912e-08
33.8079369888 7.42315245312e-08
33.8382308391 7.40255108178e-08
33.8685246895 7.39448234491e-08
33.8988185398 7.41345233748e-08
33.9291123902 7.45140286849e-08
33.9594062405 7.39515945649e-08
33.9897000909 7.37720612707e-08
34.0199939412 7.39719317235e-08
34.0502877916 7.41203293078e-08
34.0805816419 7.38310425248e-08
34.1108754923 7.38501130206e-08
34.1411693426 7.41586672204e-08
34.171463193 7.36087900135e-08
34.2017570433 7.37756272452e-08
34.2320508937 7.36638702471e-08
34.262344744 7.36584615017e-08
34.2926385944 7.34709714378e-08
34.3229324447 7.3600396951e-08
34.3532262951 7.33527125497e-08
34.3835201454 7.3507672631e-08
34.4138139958 7.35929323391e-08
34.4441078461 7.33538922056e-08
34.4744016965 7.3163248699e-08
34.5046955468 7.31348462447e-08
34.5349893972 7.33602095513e-08
34.5652832475 7.35129456078e-08
34.5955770978 7.34579520138e-08
34.6258709482 7.30954704734e-08
34.6561647985 7.26369254731e-08
34.6864586489 7.32949024222e-08
34.7167524992 7.2965504822e-08
34.7470463496 7.29024289769e-08
34.7773401999 7.26261667704e-08
34.8076340503 7.276403525e-08
34.8379279006 7.26066373834e-08
34.868221751 7.26809636924e-08
34.8985156013 7.29645960306e-08
34.9288094517 7.26610954966e-08
34.959103302 7.2910985971e-08
34.9893971524 7.26937765705e-08
35.0196910027 7.27314737879e-08
35.0499848531 7.26734827154e-08
35.0802787034 7.2626710043e-08
35.1105725538 7.24927416189e-08
35.1408664041 7.24860564081e-08
35.1711602545 7.24210231038e-08
35.2014541048 7.23003903515e-08
35.2317479552 7.20653446647e-08
35.2620418055 7.23236906549e-08
35.2923356559 7.24185964311e-08
35.3226295062 7.23097590045e-08
35.3529233566 7.26636410935e-08
35.3832172069 7.23478525413e-08
35.4135110573 7.19496451619e-08
35.4438049076 7.22337146283e-08
35.474098758 7.20021728763e-08
35.5043926083 7.22947384467e-08
35.5346864586 7.21514788514e-08
35.564980309 7.19455888591e-08
35.5952741593 7.17044968708e-08
35.6255680097 7.20346719203e-08
35.65586186 7.17032657136e-08
35.6861557104 7.20455653762e-08
35.7164495607 7.18281313572e-08
35.7467434111 7.1946039473e-08
35.7770372614 7.17478551766e-08
35.8073311118 7.16811695467e-08
35.8376249621 7.15539327503e-08
35.8679188125 7.16661616475e-08
35.8982126628 7.17127566177e-08
35.9285065132 7.17078352706e-08
35.9588003635 7.162490239e-08
35.9890942139 7.13914489796e-08
36.0193880642 7.13233630163e-08
36.0496819146 7.14015747327e-08
36.0799757649 7.14316567429e-08
36.1102696153 7.13994878254e-08
36.1405634656 7.1515921472e-08
36.170857316 7.13256465422e-08
36.2011511663 7.10748445037e-08
36.2314450167 7.12557503514e-08
36.261738867 7.12551050931e-08
36.2920327174 7.13499847454e-08
36.3223265677 7.11781749366e-08
36.3526204181 7.10969348193e-08
36.3829142684 7.10256313804e-08
36.4132081188 7.1021898436e-08
36.4435019691 7.09433028833e-08
36.4737958194 7.09216818971e-08
36.5040896698 7.10880046427e-08
36.5343835201 7.09529240898e-08
36.5646773705 7.09600072076e-08
36.5949712208 7.10955516969e-08
36.6252650712 7.095656336e-08
36.6555589215 7.08821151323e-08
36.6858527719 7.07223274147e-08
36.7161466222 7.06620847256e-08
36.7464404726 7.05017613627e-08
36.7767343229 7.06039382722e-08
36.8070281733 7.05649676982e-08
36.8373220236 7.06692897176e-08
36.867615874 7.04853887289e-08
36.8979097243 7.05858840627e-08
36.9282035747 7.04341413398e-08
36.958497425 7.05165880796e-08
36.9887912754 7.04653693646e-08
37.0190851257 7.0377628582e-08
37.0493789761 7.04218788229e-08
37.0796728264 7.03096977744e-08
37.1099666768 7.03381507758e-08
37.1402605271 7.03261085634e-08
37.1705543775 7.02519286121e-08
37.2008482278 7.02091168591e-08
37.2311420782 7.00426785298e-08
37.2614359285 7.01814863783e-08
37.2917297789 7.01551953763e-08
37.3220236292 7.00397354519e-08
37.3523174796 7.00529613656e-08
37.3826113299 6.99443715253e-08
37.4129051802 7.00334568464e-08
37.4431990306 7.00468656024e-08
37.4734928809 6.99302590567e-08
37.5037867313 6.985528513e-08
37.5340805816 6.9930733804e-08
37.564374432 6.99018628833e-08
37.5946682823 6.98863101032e-08
37.6249621327 6.97963975789e-08
37.655255983 6.98001416242e-08
37.6855498334 6.98370575874e-08
37.7158436837 6.98199047004e-08
37.7461375341 6.97956041768e-08
37.7764313844 6.97280004215e-08
37.8067252348 6.96946938204e-08
37.8370190851 6.96806997639e-08
37.8673129355 6.96104764767e-08
37.8976067858 6.95538250817e-08
37.9279006362 6.95658132705e-08
37.9581944865 6.94817396392e-08
37.9884883369 6.94927379074e-08
38.0187821872 6.94779720896e-08
38.0490760376 6.94146485404e-08
38.0793698879 6.94368135551e-08
38.1096637383 6.93916431118e-08
38.1399575886 6.93042685253e-08
38.170251439 6.93119049145e-08
38.2005452893 6.93292006341e-08
38.2308391397 6.9275993206e-08
38.26113299 6.92577474258e-08
38.2914268404 6.92683396161e-08
38.3217206907 6.91843163478e-08
38.352014541 6.91704689889e-08
38.3823083914 6.90971615089e-08
38.4126022417 6.91046037958e-08
38.4428960921 6.91176265466e-08
38.4731899424 6.90511054602e-08
38.5034837928 6.90556725858e-08
38.5337776431 6.9004616331e-08
38.5640714935 6.89878118771e-08
38.5943653438 6.89602956211e-08
38.6246591942 6.89219552541e-08
38.6549530445 6.88904316032e-08
38.6852468949 6.88557104427e-08
38.7155407452 6.88471374912e-08
38.7458345956 6.88254162787e-08
38.7761284459 6.8787626933e-08
38.8064222963 6.87927357647e-08
38.8367161466 6.87528640585e-08
38.867009997 6.8730779679e-08
38.8973038473 6.87096925484e-08
38.9275976977 6.86973122205e-08
38.957891548 6.86564238162e-08
38.9881853984 6.86310513209e-08
39.0184792487 6.85951965814e-08
39.0487730991 6.85692693276e-08
39.0790669494 6.85545314231e-08
39.1093607998 6.8536373724e-08
39.1396546501 6.85068351236e-08
39.1699485005 6.84800279206e-08
39.2002423508 6.84523937423e-08
39.2305362012 6.84297462696e-08
39.2608300515 6.8390985777e-08
39.2911239018 6.83796039823e-08
39.3214177522 6.83540114421e-08
39.3517116025 6.83353315715e-08
39.3820054529 6.83120841734e-08
39.4122993032 6.82866143414e-08
39.4425931536 6.82545602632e-08
39.4728870039 6.82393611323e-08
39.5031808543 6.82078852692e-08
39.5334747046 6.81942938209e-08
39.563768555 6.81778886983e-08
39.5940624053 6.81293853605e-08
39.6243562557 6.81188933061e-08
39.654650106 6.81069069314e-08
39.6849439564 6.80741986011e-08
39.7152378067 6.80563102498e-08
39.7455316571 6.80281040962e-08
39.7758255074 6.80109203447e-08
39.8061193578 6.79891270579e-08
39.8364132081 6.79526509236e-08
39.8667070585 6.79448885613e-08
39.8970009088 6.79116849372e-08
39.9272947592 6.78832858137e-08
39.9575886095 6.78599972046e-08
39.9878824599 6.78483352674e-08
40.0181763102 6.78230466992e-08
40.0484701606 6.78022648608e-08
40.0787640109 6.77708800991e-08
40.1090578613 6.77627947751e-08
40.1393517116 6.7736751553e-08
40.169645562 6.77158022394e-08
40.1999394123 6.76925207003e-08
40.2302332626 6.7680635839e-08
40.260527113 6.76542316332e-08
40.2908209633 6.76380395768e-08
40.3211148137 6.76128032716e-08
40.351408664 6.75784073166e-08
40.3817025144 6.75678918477e-08
40.4119963647 6.7548853549e-08
40.4422902151 6.75337117443e-08
40.4725840654 6.75111534359e-08
40.5028779158 6.74868856806e-08
40.5331717661 6.74573738983e-08
40.5634656165 6.74433666649e-08
40.5937594668 6.7429224796e-08
40.6240533172 6.74097261479e-08
40.6543471675 6.73866516211e-08
40.6846410179 6.73706450999e-08
40.7149348682 6.73334807163e-08
40.7452287186 6.73179508973e-08
40.7755225689 6.73096741424e-08
40.8058164193 6.72878783733e-08
40.8361102696 6.72599488517e-08
40.86640412 6.72430289459e-08
40.8966979703 6.72204881666e-08
40.9269918207 6.72018141158e-08
40.957285671 6.71825749735e-08
40.9875795214 6.71570414462e-08
41.0178733717 6.71451993104e-08
41.0481672221 6.71189116539e-08
41.0784610724 6.70995893426e-08
41.1087549228 6.70868559124e-08
41.1390487731 6.70693861106e-08
41.1693426234 6.70456508415e-08
41.1996364738 6.70234761969e-08
41.2299303241 6.70035928919e-08
41.2602241745 6.69856269526e-08
41.2905180248 6.69708693639e-08
41.3208118752 6.69480595268e-08
41.3511057255 6.69306217067e-08
41.3813995759 6.69156468858e-08
41.4116934262 6.69031650029e-08
41.4419872766 6.68766592015e-08
41.4722811269 6.68600787554e-08
41.5025749773 6.68436831798e-08
41.5328688276 6.68247511092e-08
41.563162678 6.68064227476e-08
41.5934565283 6.67857367987e-08
41.6237503787 6.67691019686e-08
41.654044229 6.67553616616e-08
41.6843380794 6.6732492955e-08
41.7146319297 6.67135674111e-08
41.7449257801 6.669630589e-08
41.7752196304 6.66811920067e-08
41.8055134808 6.66636235047e-08
41.8358073311 6.66413975707e-08
41.8661011815 6.66262800498e-08
41.8963950318 6.66094398279e-08
41.9266888822 6.65958806828e-08
41.9569827325 6.65779077013e-08
41.9872765829 6.6558671994e-08
42.0175704332 6.65428528553e-08
42.0478642836 6.65258254231e-08
42.0781581339 6.65068445415e-08
42.1084519842 6.64901852393e-08
42.1387458346 6.64765759558e-08
42.1690396849 6.64568558237e-08
42.1993335353 6.64408126923e-08
42.2296273856 6.6424430867e-08
42.259921236 6.64061610944e-08
42.2902150863 6.63899334422e-08
42.3205089367 6.6373350802e-08
42.350802787 6.63587105438e-08
42.3810966374 6.63406892137e-08
42.4113904877 6.63257234074e-08
42.4416843381 6.63102938051e-08
42.4719781884 6.62960162492e-08
42.5022720388 6.62770529449e-08
42.5325658891 6.62584165671e-08
42.5628597395 6.62457218144e-08
42.5931535898 6.62288560618e-08
42.6234474402 6.62143213826e-08
42.6537412905 6.61980567599e-08
42.6840351409 6.61852294955e-08
42.7143289912 6.61678688317e-08
42.7446228416 6.61515027534e-08
42.7749166919 6.61375253101e-08
42.8052105423 6.61239505374e-08
42.8355043926 6.61072090977e-08
42.865798243 6.60934916957e-08
42.8960920933 6.60773314614e-08
42.9263859437 6.60618932362e-08
42.956679794 6.60460853909e-08
42.9869736444 6.60335083528e-08
43.0172674947 6.6018216352e-08
43.047561345 6.60039666426e-08
43.0778551954 6.5990309744e-08
43.1081490457 6.59757288332e-08
43.1384428961 6.59613486392e-08
43.1687367464 6.59449562138e-08
43.1990305968 6.59307222862e-08
43.2293244471 6.59173262472e-08
43.2596182975 6.59039324339e-08
43.2899121478 6.58897210858e-08
43.3202059982 6.58744097544e-08
43.3504998485 6.58592208645e-08
43.3807936989 6.58482877272e-08
43.4110875492 6.58322707434e-08
43.4413813996 6.58196660346e-08
43.4716752499 6.58069947166e-08
43.5019691003 6.57912121451e-08
43.5322629506 6.57780826024e-08
43.562556801 6.57643718374e-08
43.5928506513 6.57519435489e-08
43.6231445017 6.57388634429e-08
43.653438352 6.57254197664e-08
43.6837322024 6.57110352847e-08
43.7140260527 6.5697426279e-08
43.7443199031 6.56850638803e-08
43.7746137534 6.56717169703e-08
43.8049076038 6.56589737419e-08
43.8352014541 6.56469220801e-08
43.8654953045 6.56333608093e-08
43.8957891548 6.56211771996e-08
43.9260830051 6.56075347307e-08
43.9563768555 6.55966779363e-08
43.9866707058 6.55828604751e-08
44.0169645562 6.55705108808e-08
44.0472584065 6.55584652652e-08
44.0775522569 6.55457747532e-08
44.1078461072 6.55336875184e-08
44.1381399576 6.5521627857e-08
44.1684338079 6.55094749184e-08
44.1987276583 6.54968565381e-08
44.2290215086 6.54851080037e-08
44.259315359 6.54737209413e-08
44.2896092093 6.5461708862e-08
44.3199030597 6.54491188186e-08
44.35019691 6.54382161799e-08
44.3804907604 6.54263534171e-08
44.4107846107 6.54144126621e-08
44.4410784611 6.54030231508e-08
44.4713723114 6.53914825976e-08
44.5016661618 6.53803024541e-08
44.5319600121 6.53690319243e-08
44.5622538625 6.53574858977e-08
44.5925477128 6.53464763973e-08
44.6228415632 6.53352482853e-08
44.6531354135 6.53237691281e-08
44.6834292639 6.53127641249e-08
44.7137231142 6.53021153157e-08
44.7440169646 6.52911647325e-08
44.7743108149 6.52801154101e-08
44.8046046653 6.52695215822e-08
44.8348985156 6.5258866269e-08
44.8651923659 6.52482544661e-08
44.8954862163 6.52376712013e-08
44.9257800666 6.52272815993e-08
44.956073917 6.52166847641e-08
44.9863677673 6.52063716721e-08
45.0166616177 6.51961322152e-08
45.046955468 6.51858433159e-08
45.0772493184 6.51757343399e-08
45.1075431687 6.51655720854e-08
45.1378370191 6.5155573166e-08
45.1681308694 6.51455884831e-08
45.1984247198 6.51357456509e-08
45.2287185701 6.51259193152e-08
45.2590124205 6.51160914215e-08
45.2893062708 6.51063235283e-08
45.3196001212 6.50967824063e-08
45.3498939715 6.50871992658e-08
45.3801878219 6.50776586046e-08
45.4104816722 6.50682585421e-08
45.4407755226 6.50588716093e-08
45.4710693729 6.50495055188e-08
45.5013632233 6.50402351215e-08
45.5316570736 6.50310659815e-08
45.561950924 6.50218760828e-08
45.5922447743 6.50128419635e-08
45.6225386247 6.50038373393e-08
45.652832475 6.49949167269e-08
45.6831263254 6.4986070691e-08
45.7134201757 6.49772371824e-08
45.7437140261 6.49684614691e-08
45.7740078764 6.49598250299e-08
45.8043017267 6.49512427392e-08
45.8345955771 6.49426640366e-08
45.8648894274 6.49341658981e-08
45.8951832778 6.49257470147e-08
45.9254771281 6.49173935404e-08
45.9557709785 6.49090981866e-08
45.9860648288 6.49008759525e-08
46.0163586792 6.48926973822e-08
46.0466525295 6.48846007303e-08
46.0769463799 6.48765680535e-08
46.1072402302 6.48685686021e-08
46.1375340806 6.48606482779e-08
46.1678279309 6.48528169945e-08
46.1981217813 6.48450208645e-08
46.2284156316 6.48372995681e-08
46.258709482 6.48296446753e-08
46.2890033323 6.48220447734e-08
46.3192971827 6.48145083878e-08
46.349591033 6.48070401084e-08
46.3798848834 6.4799629419e-08
46.4101787337 6.47922924768e-08
46.4404725841 6.47850071547e-08
46.4707664344 6.47777929702e-08
46.5010602848 6.47706309479e-08
46.5313541351 6.47635442202e-08
46.5616479855 6.47565144174e-08
46.5919418358 6.47495486927e-08
46.6222356862 6.47426496637e-08
46.6525295365 6.47358112348e-08
46.6828233869 6.4729029656e-08
46.7131172372 6.47223166484e-08
46.7434110875 6.47156673822e-08
46.7737049379 6.47090781137e-08
46.8039987882 6.47025524695e-08
46.8342926386 6.4696091172e-08
46.8645864889 6.46896905579e-08
46.8948803393 6.46833536213e-08
46.9251741896 6.46770792884e-08
46.95546804 6.46708657111e-08
46.9857618903 6.46647155949e-08
47.0160557407 6.46586285286e-08
47.046349591 6.46526035672e-08
47.0766434414 6.46466405034e-08
47.1069372917 6.46407406272e-08
47.1372311421 6.46349032343e-08
47.1675249924 6.462912747e-08
47.1978188428 6.462341472e-08
47.2281126931 6.46177640714e-08
47.2584065435 6.46121757594e-08
47.2887003938 6.46066492477e-08
47.3189942442 6.46011853917e-08
47.3492880945 6.45957834299e-08
47.3795819449 6.45904436092e-08
47.4098757952 6.45851660031e-08
47.4401696456 6.45799505659e-08
47.4704634959 6.4574797067e-08
47.5007573463 6.45697057332e-08
47.5310511966 6.45646765918e-08
47.561345047 6.45597092929e-08
47.5916388973 6.45548039854e-08
47.6219327477 6.45499605069e-08
47.652226598 6.45451791035e-08
47.6825204483 6.45404596076e-08
47.7128142987 6.45358018818e-08
47.743108149 6.45312060867e-08
47.7734019994 6.45266721201e-08
47.8036958497 6.45221999307e-08
47.8339897001 6.45177895637e-08
47.8642835504 6.45134409709e-08
47.8945774008 6.45091541111e-08
47.9248712511 6.4504928967e-08
47.9551651015 6.45007655513e-08
47.9854589518 6.44966638147e-08
48.0157528022 6.44926237387e-08
48.0460466525 6.44886452916e-08
48.0763405029 6.44847284798e-08
48.1066343532 6.44808732652e-08
48.1369282036 6.44770796534e-08
48.1672220539 6.44733475903e-08
48.1975159043 6.44696770814e-08
48.2278097546 6.44660680988e-08
48.258103605 6.44625206237e-08
48.2883974553 6.44590346481e-08
48.3186913057 6.44556101453e-08
48.348985156 6.44522471076e-08
48.3792790064 6.44489455097e-08
48.4095728567 6.44457053371e-08
48.4398667071 6.44425265757e-08
48.4701605574 6.44394092093e-08
48.5004544078 6.44363532222e-08
48.5307482581 6.44333585984e-08
48.5610421085 6.44304253245e-08
48.5913359588 6.44275533849e-08
48.6216298091 6.44247427658e-08
48.6519236595 6.44219934529e-08
48.6822175098 6.44193054332e-08
48.7125113602 6.44166786931e-08
48.7428052105 6.44141132195e-08
48.7730990609 6.44116089999e-08
48.8033929112 6.44091660217e-08
48.8336867616 6.4406784273e-08
48.8639806119 6.44044637419e-08
48.8942744623 6.4402204417e-08
48.9245683126 6.4400006287e-08
48.954862163 6.43978693412e-08
48.9851560133 6.43957935689e-08
49.0154498637 6.43937789598e-08
49.045743714 6.43918255041e-08
49.0760375644 6.4389933192e-08
49.1063314147 6.43881020142e-08
49.1366252651 6.43863319617e-08
49.1669191154 6.43846230256e-08
49.1972129658 6.43829751976e-08
49.2275068161 6.43813884695e-08
49.2578006665 6.43798628335e-08
49.2880945168 6.4378398282e-08
49.3183883672 6.43769948077e-08
49.3486822175 6.43756524038e-08
49.3789760679 6.43743710636e-08
49.4092699182 6.43731507808e-08
49.4395637686 6.43719915493e-08
49.4698576189 6.43708933636e-08
49.5001514693 6.43698562179e-08
49.5304453196 6.43688801073e-08
49.5607391699 6.43679650272e-08
49.5910330203 6.43671109725e-08
49.6213268706 6.43663179395e-08
49.651620721 6.43655859241e-08
49.6819145713 6.43649149226e-08
49.7122084217 6.43643049319e-08
49.742502272 6.43637559488e-08
49.7727961224 6.43632679707e-08
49.8030899727 6.43628409949e-08
49.8333838231 6.43624750198e-08
49.8636776734 6.43621700434e-08
49.8939715238 6.43619260639e-08
49.9242653741 6.43617430802e-08
49.9545592245 6.43616210918e-08
49.9848530748 6.43615600977e-08
