0.0 0.000546090410603
0.0302938503484 0.000500888747979
0.0605877006968 6.30174271653e-05
0.0908815510451 8.85965104745e-05
0.121175401394 0.000136290396933
0.151469251742 0.000134451867481
0.18176310209 0.000173405740594
0.212056952439 0.000172348755734
0.242350802787 0.000162163126826
0.272644653135 0.000215362205139
0.302938503484 0.000347700279311
0.333232353832 0.00030669003384
0.363526204181 0.000314297272142
0.393820054529 0.000237959625887
0.424113904877 0.000279203496297
0.454407755226 0.000332152638534
0.484701605574 0.000230051943965
0.514995455922 0.000146967816753
0.545289306271 0.000184494844274
0.575583156619 0.000162474663046
0.605877006968 0.000209509891963
0.636170857316 0.00019333642439
0.666464707664 5.38791801663e-05
0.696758558013 7.48334757103e-05
0.727052408361 2.05304096907e-05
0.757346258709 3.53416675395e-05
0.787640109058 0.000137565908703
0.817933959406 0.000238611846739
0.848227809755 9.52478179428e-05
0.878521660103 0.000176556811613
0.908815510451 8.38081318676e-05
0.9391093608 0.000119815357143
0.969403211148 0.000137578439741
0.999697061497 0.000105485818028
1.02999091184 7.36375360796e-05
1.06028476219 3.30377343133e-05
1.09057861254 5.73852097575e-05
1.12087246289 5.34187452944e-05
1.15116631324 6.73103454889e-05
1.18146016359 5.97672592696e-05
1.21175401394 2.86924086157e-05
1.24204786428 0.000108022016327
1.27234171463 6.92520588663e-05
1.30263556498 2.67589158938e-05
1.33292941533 5.11076571557e-05
1.36322326568 9.8127073144e-05
1.39351711603 4.73549647419e-05
1.42381096637 9.17893206739e-06
1.45410481672 0.00010141218473
1.48439866707 0.00010788113789
1.51469251742 0.000101764778767
1.54498636777 6.88521171483e-05
1.57528021812 6.78491211048e-05
1.60557406846 3.68765886159e-05
1.63586791881 2.43191007325e-05
1.66616176916 6.27718886254e-05
1.69645561951 4.72962296638e-05
1.72674946986 5.78370166117e-05
1.75704332021 7.38891206692e-05
1.78733717055 5.15913706665e-05
1.8176310209 3.80303561192e-05
1.84792487125 4.51246974608e-05
1.8782187216 1.82586080587e-05
1.90851257195 3.00451888166e-05
1.9388064223 3.75938620957e-05
1.96910027264 9.417749997e-06
1.99939412299 7.19645313836e-06
2.02968797334 3.84733920358e-05
2.05998182369 3.88508367258e-05
2.09027567404 2.51185683583e-05
2.12056952439 2.81155481418e-05
2.15086337473 3.49133835933e-05
2.18115722508 5.41293264311e-05
2.21145107543 5.87178368609e-05
2.24174492578 2.61699380098e-05
2.27203877613 3.92013847431e-05
2.30233262648 2.2394779165e-05
2.33262647683 1.89727369437e-05
2.36292032717 4.34469341433e-06
2.39321417752 2.14531195661e-05
2.42350802787 3.59171705778e-05
2.45380187822 2.11021093983e-05
2.48409572857 4.70857302919e-05
2.51438957892 3.23092150627e-05
2.54468342926 7.18787479054e-05
2.57497727961 4.65724484635e-05
2.60527112996 4.74596302767e-05
2.63556498031 3.80706747938e-05
2.66585883066 2.87959485247e-05
2.69615268101 4.43804057175e-05
2.72644653135 1.60397935232e-05
2.7567403817 3.03370382251e-05
2.78703423205 3.98367879129e-05
2.8173280824 5.39033914744e-05
2.84762193275 4.02258241039e-05
2.8779157831 1.2972252915e-05
2.90820963344 1.68936331103e-05
2.93850348379 4.96583294603e-05
2.96879733414 5.840996625e-05
2.99909118449 5.07496246119e-05
3.02938503484 5.21713887677e-05
3.05967888519 4.93790831356e-05
3.08997273553 5.39069578133e-05
3.12026658588 3.06814529438e-05
3.15056043623 2.91637061385e-05
3.18085428658 5.01103375025e-05
3.21114813693 6.68508774029e-05
3.24144198728 3.63168905218e-05
3.27173583762 2.95818502272e-05
3.30202968797 1.69269345628e-05
3.33232353832 4.05900459813e-05
3.36261738867 2.2799409346e-05
3.39291123902 2.83376036268e-05
3.42320508937 4.1926660098e-05
3.45349893972 2.59794186207e-05
3.48379279006 5.09395017373e-05
3.51408664041 3.94042851422e-05
3.54438049076 4.89706162296e-05
3.57467434111 4.64361221391e-05
3.60496819146 4.79484845928e-05
3.63526204181 6.08916061782e-05
3.66555589215 5.79452444643e-05
3.6958497425 6.20142716902e-05
3.72614359285 6.09372139975e-05
3.7564374432 5.3491845309e-05
3.78673129355 4.49513934894e-05
3.8170251439 3.70299919716e-05
3.84731899424 3.28540872049e-05
3.87761284459 3.57428345534e-05
3.90790669494 4.18454164605e-05
3.93820054529 5.22046117078e-05
3.96849439564 4.55316415798e-05
3.99878824599 3.99505340367e-05
4.02908209633 3.35041326529e-05
4.05937594668 1.20214660424e-05
4.08966979703 2.85066997746e-05
4.11996364738 3.35827704944e-05
4.15025749773 3.80025296402e-05
4.18055134808 3.95275278194e-05
4.21084519842 3.19072578783e-05
4.24113904877 4.5582495135e-05
4.27143289912 4.07353215055e-05
4.30172674947 5.14098840829e-05
4.33202059982 4.60497565875e-05
4.36231445017 5.25240691083e-05
4.39260830051 4.89759745455e-05
4.42290215086 4.98775072767e-05
4.45319600121 3.40439243451e-05
4.48348985156 2.08556127932e-05
4.51378370191 3.03019082337e-05
4.54407755226 3.3950513312e-05
4.57437140261 4.69709047683e-05
4.60466525295 5.33478092712e-05
4.6349591033 5.45425637979e-05
4.66525295365 6.09892697395e-05
4.695546804 4.15691267348e-05
4.72584065435 4.41363152074e-05
4.7561345047 4.96322467461e-05
4.78642835504 4.53614996428e-05
4.81672220539 3.46223344597e-05
4.84701605574 4.31976925059e-05
4.87730990609 3.43472112747e-05
4.90760375644 2.97354771571e-05
4.93789760679 2.51555569281e-05
4.96819145713 3.42430132509e-05
4.99848530748 3.74218981422e-05
5.02877915783 3.5259722491e-05
5.05907300818 3.10220580883e-05
5.08936685853 2.42972180621e-05
5.11966070888 2.60447917278e-05
5.14995455922 2.60112770187e-05
5.18024840957 1.61085940486e-05
5.21054225992 8.43154783164e-06
5.24083611027 1.64996465609e-05
5.27112996062 1.18996834975e-05
5.30142381097 6.87023690654e-06
5.33171766131 3.35337470881e-06
5.36201151166 9.36883738324e-06
5.39230536201 9.63719966559e-06
5.42259921236 9.57931410258e-06
5.45289306271 6.81586661599e-06
5.48318691306 1.5725045235e-05
5.51348076341 1.24046763873e-05
5.54377461375 5.29780466454e-06
5.5740684641 2.23450336287e-06
5.60436231445 1.56230152325e-05
5.6346561648 1.68718741606e-05
5.66495001515 1.64141553207e-05
5.6952438655 1.02930651716e-05
5.72553771584 1.13656672018e-05
5.75583156619 7.49055808512e-06
5.78612541654 9.7337718155e-06
5.81641926689 8.30571071466e-06
5.84671311724 1.02312974885e-05
5.87700696759 1.15501499469e-05
5.90730081793 1.33723603058e-05
5.93759466828 1.72314428446e-05
5.96788851863 1.90599182504e-05
5.99818236898 1.63972153691e-05
6.02847621933 2.13970005901e-05
6.05877006968 1.01675599965e-05
6.08906392002 2.26230827908e-06
6.11935777037 8.88317499403e-06
6.14965162072 1.38842303276e-05
6.17994547107 1.72661654486e-05
6.21023932142 1.02293796956e-05
6.24053317177 6.35848705508e-06
6.27082702211 4.86543962855e-06
6.30112087246 7.53174743207e-06
6.33141472281 9.20591117872e-06
6.36170857316 3.70445031161e-06
6.39200242351 2.99256876748e-06
6.42229627386 7.60093299198e-06
6.4525901242 8.45076574357e-06
6.48288397455 1.38592354332e-05
6.5131778249 5.21545366175e-06
6.54347167525 8.66297965915e-06
6.5737655256 1.12329252745e-05
6.60405937595 1.04733036319e-05
6.6343532263 1.00370795841e-05
6.66464707664 9.21181478252e-06
6.69494092699 6.6494503403e-06
6.72523477734 5.87727278474e-06
6.75552862769 1.07011501711e-05
6.78582247804 1.42519332823e-05
6.81611632839 1.05642638503e-05
6.84641017873 2.22851457111e-06
6.87670402908 1.57581637027e-06
6.90699787943 2.22984296356e-06
6.93729172978 6.20979405567e-06
6.96758558013 3.66588731195e-06
6.99787943048 1.043060991e-05
7.02817328082 3.84723123686e-06
7.05846713117 6.34911192667e-06
7.08876098152 2.73327363811e-06
7.11905483187 8.31629692416e-06
7.14934868222 8.11776028618e-06
7.17964253257 8.77192376237e-06
7.20993638291 7.81534332101e-06
7.24023023326 9.09693695924e-06
7.27052408361 1.00195172565e-05
7.30081793396 6.59801664985e-06
7.33111178431 9.84662716153e-06
7.36140563466 3.08177779585e-06
7.391699485 6.25033520359e-06
7.42199333535 2.37465005869e-06
7.4522871857 7.6368707714e-06
7.48258103605 7.53283007691e-06
7.5128748864 8.42725624995e-06
7.54316873675 3.06898048001e-06
7.57346258709 3.26586938151e-06
7.60375643744 3.38652755874e-06
7.63405028779 3.60642989801e-06
7.66434413814 4.60540896582e-06
7.69463798849 4.50043026166e-06
7.72493183884 7.57969849557e-06
7.75522568919 5.91182759582e-06
7.78551953953 2.72699071341e-06
7.81581338988 3.5776799124e-06
7.84610724023 3.31054877506e-06
7.87640109058 2.91164792855e-06
7.90669494093 1.36108795408e-06
7.93698879128 2.06861387195e-06
7.96728264162 5.69812974864e-06
7.99757649197 9.6528413504e-06
8.02787034232 6.6946849771e-06
8.05816419267 7.23012137819e-06
8.08845804302 1.23894359994e-05
8.11875189337 9.6466838791e-06
8.14904574371 1.06640773772e-05
8.17933959406 7.4023214171e-06
8.20963344441 7.68466223072e-06
8.23992729476 7.74369366326e-06
8.27022114511 6.58463015731e-06
8.30051499546 9.46118067991e-06
8.3308088458 2.75948520833e-06
8.36110269615 3.78100636718e-06
8.3913965465 2.60760360212e-06
8.42169039685 1.04357085903e-05
8.4519842472 6.90628267735e-06
8.48227809755 5.36027737416e-06
8.51257194789 3.24436102405e-06
8.54286579824 5.03591926043e-06
8.57315964859 2.56542096219e-06
8.60345349894 2.53520515898e-06
8.63374734929 2.26818984186e-06
8.66404119964 1.76834263459e-06
8.69433504998 1.06440945741e-06
8.72462890033 2.00071481591e-06
8.75492275068 2.01884674792e-06
8.78521660103 2.16860638742e-06
8.81551045138 2.36508344815e-06
8.84580430173 3.85454888262e-07
8.87609815208 1.39180636875e-06
8.90639200242 4.57265972078e-06
8.93668585277 5.77630743186e-06
8.96697970312 4.17228944021e-06
8.99727355347 4.92473123574e-06
9.02756740382 3.48913957744e-06
9.05786125417 2.21778978922e-06
9.08815510451 2.64811356669e-06
9.11844895486 3.55033986872e-06
9.14874280521 4.53938326022e-06
9.17903665556 4.02542126654e-06
9.20933050591 4.52456832189e-06
9.23962435626 4.75984520099e-06
9.2699182066 2.65397602428e-06
9.30021205695 2.22138344508e-06
9.3305059073 2.33675372618e-06
9.36079975765 5.10543864317e-06
9.391093608 3.46589897941e-06
9.42138745835 5.04507671236e-07
9.45168130869 8.61990782552e-07
9.48197515904 3.30611741579e-07
9.51226900939 2.47161018061e-06
9.54256285974 3.55277100539e-06
9.57285671009 1.32620767649e-06
9.60315056044 2.93138055696e-06
9.63344441078 3.93718430752e-06
9.66373826113 1.94459699866e-06
9.69403211148 1.87963293799e-06
9.72432596183 1.68802362157e-06
9.75461981218 2.39304164372e-06
9.78491366253 2.85417762127e-06
9.81520751287 1.19936198986e-06
9.84550136322 1.91169303676e-06
9.87579521357 1.9364108882e-06
9.90608906392 2.95584174638e-06
9.93638291427 7.31244287533e-07
9.96667676462 2.3779311509e-06
9.99697061497 1.45022421793e-06
10.0272644653 3.41934591092e-06
10.0575583157 1.91057946031e-06
10.087852166 8.87563473436e-07
10.1181460164 1.39924365703e-06
10.1484398667 2.08984787135e-06
10.1787337171 2.763168647e-06
10.2090275674 1.12287514704e-06
10.2393214178 2.32350744861e-06
10.2696152681 3.15367761761e-06
10.2999091184 2.91566785497e-06
10.3302029688 2.35305844188e-06
10.3604968191 3.20945943758e-06
10.3907906695 2.00675530952e-06
10.4210845198 8.71802647549e-07
10.4513783702 1.02298158646e-06
10.4816722205 1.06909902345e-06
10.5119660709 2.21455451841e-06
10.5422599212 1.98367596857e-06
10.5725537716 5.27280837299e-07
10.6028476219 7.89581235853e-07
10.6331414723 1.28393311665e-06
10.6634353226 1.49763156977e-06
10.693729173 1.48300792933e-06
10.7240230233 2.89018782458e-06
10.7543168737 2.14818064119e-06
10.784610724 1.34335180604e-06
10.8149045744 9.63654322457e-07
10.8451984247 5.46389367442e-07
10.8754922751 1.39045646028e-06
10.9057861254 8.32039960649e-07
10.9360799758 4.18802988189e-07
10.9663738261 3.06421886046e-06
10.9966676765 1.11071241629e-06
11.0269615268 2.33450985252e-06
11.0572553772 1.94916469055e-06
11.0875492275 1.23868946126e-06
11.1178430779 2.99898446022e-06
11.1481369282 2.41920166034e-06
11.1784307786 1.98263629663e-06
11.2087246289 2.00881471129e-06
11.2390184792 2.22283206734e-06
11.2693123296 6.24098800273e-07
11.2996061799 1.77080390915e-06
11.3299000303 4.52900943891e-07
11.3601938806 8.90371627654e-07
11.390487731 1.4936994424e-06
11.4207815813 1.69600483294e-06
11.4510754317 3.444584807e-06
11.481369282 2.1025515644e-06
11.5116631324 1.54768152227e-06
11.5419569827 1.82888554193e-06
11.5722508331 1.3289909775e-06
11.6025446834 1.62786870088e-06
11.6328385338 1.7751654498e-06
11.6631323841 2.25321055349e-06
11.6934262345 1.25252402338e-06
11.7237200848 4.60763208591e-07
11.7540139352 1.33897520533e-06
11.7843077855 3.55406091858e-06
11.8146016359 2.83559918933e-06
11.8448954862 3.77445330999e-06
11.8751893366 3.62364939391e-06
11.9054831869 2.70566832749e-06
11.9357770373 2.42755730875e-06
11.9660708876 2.51029214006e-06
11.996364738 1.15856273199e-06
12.0266585883 1.04783827055e-06
12.0569524387 2.70945449672e-06
12.087246289 2.07604642096e-06
12.1175401394 2.80015876379e-06
12.1478339897 1.65511569721e-06
12.17812784 5.41209600878e-07
12.2084216904 1.67472755922e-06
12.2387155407 1.52347528901e-06
12.2690093911 1.37956628555e-06
12.2993032414 5.9000489588e-07
12.3295970918 1.00161779123e-06
12.3598909421 7.3553984892e-07
12.3901847925 4.6194925541e-07
12.4204786428 1.60719895443e-06
12.4507724932 5.24068058462e-07
12.4810663435 2.62748435043e-07
12.5113601939 8.95131080053e-07
12.5416540442 2.29758458642e-06
12.5719478946 2.70261818324e-06
12.6022417449 1.58618260998e-06
12.6325355953 1.72963553423e-06
12.6628294456 1.78045237977e-06
12.693123296 1.31642165389e-06
12.7234171463 1.70232068448e-07
12.7537109967 5.67620432337e-07
12.784004847 1.19548071997e-06
12.8142986974 1.78440689612e-06
12.8445925477 1.32595851772e-06
12.8748863981 1.54649412053e-06
12.9051802484 1.59179402238e-06
12.9354740988 1.37766828644e-06
12.9657679491 1.06175331553e-06
12.9960617995 9.72083902657e-07
13.0263556498 7.42417678439e-07
13.0566495002 1.21480800604e-06
13.0869433505 1.15389131298e-06
13.1172372008 5.20600049278e-07
13.1475310512 1.00221128053e-06
13.1778249015 3.58686049057e-07
13.2081187519 1.09353306471e-06
13.2384126022 1.62176760403e-06
13.2687064526 6.71621489344e-07
13.2990003029 8.81376105621e-07
13.3292941533 5.0054329485e-07
13.3595880036 1.44095881384e-07
13.389881854 9.46202662486e-07
13.4201757043 1.27602756798e-07
13.4504695547 7.57606199036e-07
13.480763405 2.68899149887e-07
13.5110572554 1.94388209805e-06
13.5413511057 1.48820112144e-06
13.5716449561 1.63237185156e-06
13.6019388064 9.67882774947e-07
13.6322326568 7.13052392092e-07
13.6625265071 1.29378191217e-07
13.6928203575 8.01469220677e-07
13.7231142078 6.66693031628e-07
13.7534080582 1.59633367924e-07
13.7837019085 1.08768322943e-06
13.8139957589 1.16855624807e-06
13.8442896092 1.55956760155e-06
13.8745834596 1.08552993156e-06
13.9048773099 1.05775127707e-06
13.9351711603 1.42731442047e-06
13.9654650106 6.00540947765e-07
13.995758861 4.26005680133e-07
14.0260527113 3.5080042908e-07
14.0563465616 1.04064478339e-06
14.086640412 5.70084850807e-07
14.1169342623 7.79263496763e-07
14.1472281127 1.04794877522e-06
14.177521963 6.85793483561e-07
14.2078158134 1.01166236733e-06
14.2381096637 1.20843010524e-06
14.2684035141 9.68286271261e-07
14.2986973644 1.29290352528e-06
14.3289912148 8.51412396592e-07
14.3592850651 8.62965731019e-07
14.3895789155 1.17413757429e-07
14.4198727658 4.47376896875e-07
14.4501666162 1.26657222727e-06
14.4804604665 1.91624564818e-06
14.5107543169 1.07184606014e-06
14.5410481672 1.01079735682e-06
14.5713420176 9.60593407126e-07
14.6016358679 9.6185120535e-07
14.6319297183 1.0565223989e-06
14.6622235686 1.30760926527e-06
14.692517419 5.6205205957e-07
14.7228112693 3.00567080025e-07
14.7531051197 8.8287579297e-07
14.78339897 3.61845373777e-07
14.8136928204 3.91966390135e-07
14.8439866707 6.82507300423e-07
14.8742805211 1.20237335721e-06
14.9045743714 1.11212178781e-06
14.9348682218 9.21626941092e-07
14.9651620721 2.98382673972e-07
14.9954559224 7.86199114736e-07
15.0257497728 2.62293541605e-07
15.0560436231 5.39067026452e-07
15.0863374735 2.41824348348e-07
15.1166313238 1.51794650068e-06
15.1469251742 1.44222957137e-06
15.1772190245 5.69052598518e-07
15.2075128749 7.97360392587e-07
15.2378067252 1.86141149832e-06
15.2681005756 1.10816321437e-06
15.2983944259 5.29706302682e-07
15.3286882763 1.50729105717e-06
15.3589821266 6.71556091273e-07
15.389275977 5.3155159553e-07
15.4195698273 3.59982343417e-07
15.4498636777 8.11511304026e-08
15.480157528 5.76978477816e-07
15.5104513784 3.96090983241e-07
15.5407452287 4.78106269529e-07
15.5710390791 1.54010330426e-06
15.6013329294 1.02104429056e-06
15.6316267798 2.78093358748e-07
15.6619206301 3.06165661967e-07
15.6922144805 6.14236502268e-07
15.7225083308 3.40621990731e-07
15.7528021812 1.04586799552e-06
15.7830960315 3.27299647125e-07
15.8133898819 4.04069175274e-07
15.8436837322 1.14850384137e-06
15.8739775826 4.40634866859e-07
15.9042714329 5.18970822344e-07
15.9345652832 6.98517214797e-07
15.9648591336 7.26445924424e-07
15.9951529839 9.64000447697e-07
16.0254468343 8.41878952027e-07
16.0557406846 8.61655970827e-07
16.086034535 2.12934447689e-07
16.1163283853 8.21217516789e-07
16.1466222357 9.52981401826e-07
16.176916086 7.58391277225e-07
16.2072099364 6.72433560463e-07
16.2375037867 9.73973497567e-07
16.2677976371 1.18263064444e-06
16.2980914874 1.12860380037e-06
16.3283853378 7.51779729676e-07
16.3586791881 9.11400927537e-07
16.3889730385 4.81907566112e-07
16.4192668888 2.38654881447e-07
16.4495607392 3.96982795836e-07
16.4798545895 1.68065983167e-07
16.5101484399 2.04156707153e-07
16.5404422902 3.48915970394e-07
16.5707361406 3.59396135972e-07
16.6010299909 5.2195899719e-07
16.6313238413 1.88264203463e-07
16.6616176916 4.79628293354e-07
16.691911542 4.704884072e-07
16.7222053923 5.19287018754e-07
16.7524992427 2.37513796516e-07
16.782793093 5.89148826011e-07
16.8130869434 4.76802786566e-07
16.8433807937 5.30189947406e-07
16.873674644 9.67377636021e-07
16.9039684944 8.01792494095e-07
16.9342623447 3.59956239154e-07
16.9645561951 6.53463000534e-07
16.9948500454 4.5769771876e-07
17.0251438958 6.42949106112e-07
17.0554377461 4.5187215752e-07
17.0857315965 3.77285314947e-07
17.1160254468 5.69688269218e-07
17.1463192972 6.83255864635e-07
17.1766131475 6.40786459281e-07
17.2069069979 1.09486769616e-07
17.2372008482 5.41478261637e-07
17.2674946986 3.54398760556e-07
17.2977885489 2.22592576368e-07
17.3280823993 2.9196363229e-07
17.3583762496 1.67655409628e-07
17.3886701 2.77326402409e-07
17.4189639503 3.68637843899e-07
17.4492578007 2.72209752237e-07
17.479551651 2.86898132238e-08
17.5098455014 2.16888951184e-07
17.5401393517 3.52037192371e-07
17.5704332021 2.74358669667e-07
17.6007270524 1.27704150956e-07
17.6310209028 6.76073456379e-07
17.6613147531 3.75232400862e-07
17.6916086035 4.06081178229e-07
17.7219024538 2.49862277476e-07
17.7521963042 1.75604325956e-07
17.7824901545 3.36537037851e-07
17.8127840048 4.85868823689e-07
17.8430778552 2.67888937761e-07
17.8733717055 2.77030821041e-07
17.9036655559 5.22324942148e-07
17.9339594062 2.16303281184e-07
17.9642532566 3.67599152698e-07
17.9945471069 1.76295506066e-07
18.0248409573 3.41003985212e-07
18.0551348076 2.64732431519e-07
18.085428658 3.44466127118e-07
18.1157225083 2.7675510472e-07
18.1460163587 4.28338616784e-07
18.176310209 2.98313857062e-07
18.2066040594 3.24302639697e-07
18.2368979097 4.08956962364e-07
18.2671917601 4.63083078617e-07
18.2974856104 1.11149372159e-07
18.3277794608 6.92368812181e-08
18.3580733111 2.2186898712e-07
18.3883671615 4.01826102851e-08
18.4186610118 3.58201502711e-07
18.4489548622 3.91817523891e-07
18.4792487125 4.54341969354e-07
18.5095425629 2.33968694169e-07
18.5398364132 1.33757549081e-07
18.5701302636 1.4682049422e-07
18.6004241139 2.70908108415e-07
18.6307179643 2.49358344304e-07
18.6610118146 1.51281129273e-07
18.691305665 2.42581684413e-07
18.7215995153 1.79627734734e-07
18.7518933656 2.20344651782e-07
18.782187216 1.17940150679e-08
18.8124810663 1.77245087214e-07
18.8427749167 1.6619934945e-07
18.873068767 1.54096682094e-07
18.9033626174 2.55929395925e-07
18.9336564677 2.40507596888e-07
18.9639503181 2.53206185271e-07
18.9942441684 1.25877021908e-07
19.0245380188 1.12063388329e-07
19.0548318691 4.0837135191e-07
19.0851257195 2.40134978761e-07
19.1154195698 1.15499781398e-07
19.1457134202 7.1703218548e-08
19.1760072705 1.88384939184e-07
19.2063011209 3.39599384579e-08
19.2365949712 6.91846731979e-08
19.2668888216 2.95541934266e-07
19.2971826719 2.66550923098e-07
19.3274765223 2.2751548922e-07
19.3577703726 4.43803850361e-08
19.388064223 7.17721971897e-08
19.4183580733 5.16035100081e-08
19.4486519237 1.19002021033e-07
19.478945774 6.52821284819e-08
19.5092396244 2.38561703353e-07
19.5395334747 3.29567433861e-07
19.5698273251 2.04996715586e-07
19.6001211754 1.18322336794e-07
19.6304150257 9.23951087719e-08
19.6607088761 5.29714864293e-08
19.6910027264 1.9892812704e-07
19.7212965768 4.35746702726e-08
19.7515904271 1.98032042477e-07
19.7818842775 1.64464721537e-07
19.8121781278 3.25215474602e-08
19.8424719782 1.01410482562e-07
19.8727658285 9.08322442205e-08
19.9030596789 1.17476535947e-07
19.9333535292 1.04673043598e-07
19.9636473796 7.43256816637e-08
19.9939412299 1.17975705551e-07
20.0242350803 1.19980090121e-07
20.0545289306 1.53360642733e-07
20.084822781 1.45773962842e-07
20.1151166313 9.84273122178e-08
20.1454104817 1.59217446298e-07
20.175704332 1.11929398719e-07
20.2059981824 7.74419358692e-08
20.2362920327 1.10444645814e-07
20.2665858831 1.42334471155e-07
20.2968797334 1.22765321904e-07
20.3271735838 1.39220543823e-07
20.3574674341 7.60922468009e-08
20.3877612845 2.67721145338e-08
20.4180551348 8.46829356146e-08
20.4483489852 4.24568381001e-08
20.4786428355 1.39184880012e-08
20.5089366859 1.47285504992e-07
20.5392305362 9.73356757814e-08
20.5695243865 4.92305308569e-08
20.5998182369 6.56546452857e-08
20.6301120872 1.0352514376e-07
20.6604059376 1.4451845202e-07
20.6906997879 9.5005483686e-08
20.7209936383 1.56557695405e-07
20.7512874886 9.84369042869e-08
20.781581339 6.57725360592e-08
20.8118751893 1.16720334772e-07
20.8421690397 5.78714093507e-08
20.87246289 3.70885676425e-08
20.9027567404 9.09569025947e-09
20.9330505907 9.83458724547e-08
20.9633444411 6.70614862068e-08
20.9936382914 3.1867641853e-09
21.0239321418 1.01545884482e-07
21.0542259921 5.36864221613e-08
21.0845198425 9.07948434607e-08
21.1148136928 1.76131173372e-08
21.1451075432 7.23374396478e-08
21.1754013935 8.51943058787e-08
21.2056952439 1.35946878462e-07
21.2359890942 1.68345813963e-08
21.2662829446 6.94028492441e-08
21.2965767949 5.15464962145e-08
21.3268706453 1.13541527806e-07
21.3571644956 8.08909408384e-08
21.387458346 1.50150723741e-08
21.4177521963 2.12950432887e-08
21.4480460467 8.60908913863e-08
21.478339897 6.17990665418e-08
21.5086337473 2.81535015694e-08
21.5389275977 8.57084297007e-08
21.569221448 3.93039199835e-08
21.5995152984 8.28171626301e-08
21.6298091487 6.66417065593e-08
21.6601029991 5.26690329644e-08
21.6903968494 8.72510687198e-08
21.7206906998 1.34065864119e-08
21.7509845501 8.54406437261e-08
21.7812784005 7.32207855138e-08
21.8115722508 5.2325080468e-08
21.8418661012 2.15146752224e-08
21.8721599515 5.29965106651e-08
21.9024538019 9.98890230322e-09
21.9327476522 5.79930930214e-08
21.9630415026 2.75931388514e-08
21.9933353529 6.37276917601e-08
22.0236292033 5.61685656878e-08
22.0539230536 2.39778136658e-08
22.084216904 7.76675671134e-08
22.1145107543 8.80459040897e-08
22.1448046047 1.04755455219e-07
22.175098455 2.95423596973e-08
22.2053923054 2.49457421499e-08
22.2356861557 9.26588310253e-08
22.2659800061 6.87927339117e-08
22.2962738564 4.25473431639e-08
22.3265677068 3.17008211939e-08
22.3568615571 7.09730549019e-08
22.3871554075 9.06400998551e-08
22.4174492578 4.61321766895e-08
22.4477431081 1.23163310806e-07
22.4780369585 4.62983191646e-08
22.5083308088 4.16901919539e-08
22.5386246592 4.68953885991e-08
22.5689185095 1.14343941051e-07
22.5992123599 8.00238277305e-08
22.6295062102 2.06500636334e-08
22.6598000606 2.44599660635e-08
22.6900939109 1.76075347987e-08
22.7203877613 4.87465750063e-08
22.7506816116 7.88218818201e-08
22.780975462 3.23674638842e-08
22.8112693123 2.46382810545e-08
22.8415631627 4.25655322642e-08
22.871857013 4.16870232201e-08
22.9021508634 5.75373949386e-08
22.9324447137 4.68880887435e-08
22.9627385641 6.12346222992e-08
22.9930324144 2.23639630212e-08
23.0233262648 4.04642080576e-08
23.0536201151 4.73104816996e-08
23.0839139655 3.57846879077e-08
23.1142078158 4.3312364614e-08
23.1445016662 4.43303057339e-08
23.1747955165 5.45167000227e-08
23.2050893669 4.46697794643e-08
23.2353832172 5.84658058527e-08
23.2656770676 4.55922323757e-08
23.2959709179 6.97174712854e-08
23.3262647683 3.17497368163e-08
23.3565586186 3.25454050852e-08
23.3868524689 8.39277937006e-08
23.4171463193 7.95643385588e-08
23.4474401696 4.70556549825e-08
23.47773402 4.45969102504e-08
23.5080278703 2.53276589539e-08
23.5383217207 6.01368850105e-08
23.568615571 6.27337054517e-08
23.5989094214 4.03308794294e-08
23.6292032717 4.08967719459e-08
23.6594971221 4.70639869629e-08
23.6897909724 3.06735944097e-08
23.7200848228 5.58884939028e-08
23.7503786731 4.99162361134e-08
23.7806725235 3.19486900593e-08
23.8109663738 3.37117135848e-08
23.8412602242 5.29167524862e-08
23.8715540745 6.26595574251e-08
23.9018479249 7.64846249236e-08
23.9321417752 6.53824805584e-08
23.9624356256 2.39473594888e-08
23.9927294759 4.42151020053e-08
24.0230233263 3.67298524253e-08
24.0533171766 5.68250079101e-08
24.083611027 4.45527605267e-08
24.1139048773 3.87799386989e-08
24.1441987277 4.97345302439e-08
24.174492578 3.58139474756e-08
24.2047864284 4.10646766468e-08
24.2350802787 3.23117888901e-08
24.2653741291 4.58534063217e-08
24.2956679794 4.93867650078e-08
24.3259618297 5.14410369927e-08
24.3562556801 4.21269365596e-08
24.3865495304 2.95127751997e-08
24.4168433808 4.25621301855e-08
24.4471372311 2.80713134327e-08
24.4774310815 3.03567334656e-08
24.5077249318 4.25665832645e-08
24.5380187822 5.59873786012e-08
24.5683126325 3.66517449139e-08
24.5986064829 5.45304695569e-08
24.6289003332 5.30458128023e-08
24.6591941836 2.66275333349e-08
24.6894880339 2.53641273859e-08
24.7197818843 5.14779739064e-08
24.7500757346 4.25039713946e-08
24.780369585 3.67622450561e-08
24.8106634353 5.33127066405e-08
24.8409572857 4.95340913268e-08
24.871251136 3.61383027562e-08
24.9015449864 4.27058743227e-08
24.9318388367 3.27686668655e-08
24.9621326871 5.4111077376e-08
24.9924265374 4.50383396481e-08
25.0227203878 3.45113329398e-08
25.0530142381 4.53289244512e-08
25.0833080885 3.3767102313e-08
25.1136019388 1.90349468129e-08
25.1438957892 3.56823930438e-08
25.1741896395 4.22360614294e-08
25.2044834899 2.78565297074e-08
25.2347773402 2.77334480131e-08
25.2650711905 3.40584865088e-08
25.2953650409 3.51408415311e-08
25.3256588912 4.93330064542e-08
25.3559527416 5.44823947301e-08
25.3862465919 3.41065441385e-08
25.4165404423 6.07099008417e-08
25.4468342926 5.25105988448e-08
25.477128143 3.225411826e-08
25.5074219933 2.82304455837e-08
25.5377158437 4.43715941512e-08
25.568009694 3.8956398829e-08
25.5983035444 2.9110291028e-08
25.6285973947 2.66890127639e-08
25.6588912451 5.55726564275e-08
25.6891850954 5.62703898752e-08
25.7194789458 3.61684524593e-08
25.7497727961 4.11661540259e-08
25.7800666465 5.80087212964e-08
25.8103604968 4.39017465905e-08
25.8406543472 2.78874203846e-08
25.8709481975 3.63454699309e-08
25.9012420479 4.18813117806e-08
25.9315358982 5.3374491945e-08
25.9618297486 3.82999356056e-08
25.9921235989 3.60678776824e-08
26.0224174493 3.57690567056e-08
26.0527112996 4.08113864069e-08
26.08300515 5.32737357741e-08
26.1132990003 5.0274278019e-08
26.1435928507 2.6149599107e-08
26.173886701 4.69609475606e-08
26.2041805513 4.81789855644e-08
26.2344744017 2.41921145598e-08
26.264768252 2.94642964226e-08
26.2950621024 2.57842210144e-08
26.3253559527 4.11637066261e-08
26.3556498031 4.70486662691e-08
26.3859436534 4.34610550809e-08
26.4162375038 3.22243076423e-08
26.4465313541 3.8514946318e-08
26.4768252045 3.88501417554e-08
26.5071190548 3.96058831825e-08
26.5374129052 4.02336922123e-08
26.5677067555 3.93214649055e-08
26.5980006059 3.61383876037e-08
26.6282944562 4.41700476735e-08
26.6585883066 3.48071587959e-08
26.6888821569 3.17725373046e-08
26.7191760073 4.07260270832e-08
26.7494698576 6.00485452443e-08
26.779763708 4.27828612722e-08
26.8100575583 3.35079347603e-08
26.8403514087 3.51329666434e-08
26.870645259 5.00071173221e-08
26.9009391094 4.75223618851e-08
26.9312329597 3.20338798064e-08
26.9615268101 3.50510773521e-08
26.9918206604 4.41899681684e-08
27.0221145108 3.7631144569e-08
27.0524083611 4.54921420939e-08
27.0827022115 4.05511009751e-08
27.1129960618 4.09219962397e-08
27.1432899121 4.42977330011e-08
27.1735837625 3.437637711e-08
27.2038776128 3.55812193753e-08
27.2341714632 3.85793302918e-08
27.2644653135 4.65662326835e-08
27.2947591639 4.00723157154e-08
27.3250530142 4.32521646366e-08
27.3553468646 4.34655094909e-08
27.3856407149 4.96180227517e-08
27.4159345653 3.24301127143e-08
27.4462284156 3.89695500277e-08
27.476522266 3.43500823599e-08
27.5068161163 3.94811800553e-08
27.5371099667 3.57476155678e-08
27.567403817 4.27050095468e-08
27.5976976674 4.15543694055e-08
27.6279915177 3.36645265581e-08
27.6582853681 4.1116414408e-08
27.6885792184 3.16580576636e-08
27.7188730688 3.19611553677e-08
27.7491669191 3.51302472674e-08
27.7794607695 3.82172265885e-08
27.8097546198 3.57245991497e-08
27.8400484702 3.70477873785e-08
27.8703423205 3.82613781141e-08
27.9006361709 4.27077780034e-08
27.9309300212 3.22283906632e-08
27.9612238716 4.07198137901e-08
27.9915177219 4.08651041994e-08
28.0218115723 3.7280687749e-08
28.0521054226 4.13688156588e-08
28.0823992729 3.66605229025e-08
28.1126931233 3.8630096092e-08
28.1429869736 3.76927426312e-08
28.173280824 4.11955421068e-08
28.2035746743 4.43003514231e-08
28.2338685247 2.4723330566e-08
28.264162375 3.61899055159e-08
28.2944562254 4.10961377632e-08
28.3247500757 3.82324284835e-08
28.3550439261 3.52693419083e-08
28.3853377764 4.1822000879e-08
28.4156316268 4.38909416508e-08
28.4459254771 3.72268006586e-08
28.4762193275 3.79009930016e-08
28.5065131778 4.07272964329e-08
28.5368070282 3.71727823768e-08
28.5671008785 3.75269652372e-08
28.5973947289 4.36017868665e-08
28.6276885792 3.94292588605e-08
28.6579824296 3.60365043259e-08
28.6882762799 3.86057500057e-08
28.7185701303 3.844003006e-08
28.7488639806 4.35583400322e-08
28.779157831 4.07465849651e-08
28.8094516813 4.02652061341e-08
28.8397455317 3.55814526246e-08
28.870039382 3.39211037568e-08
28.9003332324 3.76869808291e-08
28.9306270827 4.00395299831e-08
28.9609209331 3.75428323432e-08
28.9912147834 3.65030060701e-08
29.0215086337 3.76967575446e-08
29.0518024841 3.55848959571e-08
29.0820963344 3.82637424353e-08
29.1123901848 4.12512738298e-08
29.1426840351 3.73845532368e-08
29.1729778855 3.66432843715e-08
29.2032717358 3.54970433825e-08
29.2335655862 3.91834875993e-08
29.2638594365 3.7179158864e-08
29.2941532869 3.63160870656e-08
29.3244471372 3.66208102342e-08
29.3547409876 4.39627719822e-08
29.3850348379 3.62241835387e-08
29.4153286883 3.4733630309e-08
29.4456225386 3.67930439875e-08
29.475916389 3.63396602059e-08
29.5062102393 3.67934996099e-08
29.5365040897 3.75866518697e-08
29.56679794 3.90841319241e-08
29.5970917904 3.75983477818e-08
29.6273856407 3.76094218485e-08
29.6576794911 3.32456546978e-08
29.6879733414 3.55641834566e-08
29.7182671918 3.68734708604e-08
29.7485610421 3.61823911571e-08
29.7788548925 3.79570606226e-08
29.8091487428 3.95202055697e-08
29.8394425932 3.85711235972e-08
29.8697364435 3.59774341689e-08
29.9000302939 3.76546124924e-08
29.9303241442 3.76252554623e-08
29.9606179945 3.81500882903e-08
29.9909118449 3.6282459367e-08
30.0212056952 3.34342182269e-08
30.0514995456 3.75518578336e-08
30.0817933959 4.04295082288e-08
30.1120872463 3.55271369987e-08
30.1423810966 3.52929722771e-08
30.172674947 3.75530598414e-08
30.2029687973 3.57599434207e-08
30.2332626477 3.61508976031e-08
30.263556498 3.57568408336e-08
30.2938503484 3.65605178283e-08
30.3241441987 3.54001921116e-08
30.3544380491 3.66702984617e-08
30.3847318994 3.72185871014e-08
30.4150257498 3.72295755143e-08
30.4453196001 3.50505619135e-08
30.4756134505 3.67359281858e-08
30.5059073008 3.59126171204e-08
30.5362011512 3.65656432263e-08
30.5664950015 3.54710408273e-08
30.5967888519 3.60540448252e-08
30.6270827022 3.63573107296e-08
30.6573765526 3.68275895946e-08
30.6876704029 3.68478448752e-08
30.7179642533 3.58803886932e-08
30.7482581036 3.57681745474e-08
30.778551954 3.54815833417e-08
30.8088458043 3.69408366095e-08
30.8391396547 3.7158897974e-08
30.869433505 3.50332206051e-08
30.8997273553 3.72599629912e-08
30.9300212057 3.63364119076e-08
30.960315056 3.66872635743e-08
30.9906089064 3.53418598706e-08
31.0209027567 3.70282962213e-08
31.0511966071 3.69789902148e-08
31.0814904574 3.68734701096e-08
31.1117843078 3.69740149552e-08
31.1420781581 3.60111784435e-08
31.1723720085 3.74360873564e-08
31.2026658588 3.64505923856e-08
31.2329597092 3.58586765292e-08
31.2632535595 3.51908122488e-08
31.2935474099 3.71176215318e-08
31.3238412602 3.62175092895e-08
31.3541351106 3.60075823988e-08
31.3844289609 3.66266727672e-08
31.4147228113 3.44460668732e-08
31.4450166616 3.47298984997e-08
31.475310512 3.59583538778e-08
31.5056043623 3.78463029753e-08
31.5358982127 3.71852728655e-08
31.566192063 3.6290424059e-08
31.5964859134 3.42323620542e-08
31.6267797637 3.37796787176e-08
31.6570736141 3.60825612772e-08
31.6873674644 3.63400133109e-08
31.7176613148 3.57410074747e-08
31.7479551651 3.54191624946e-08
31.7782490154 3.63489107081e-08
31.8085428658 3.48139695046e-08
31.8388367161 3.56554038368e-08
31.8691305665 3.62747514746e-08
31.8994244168 3.54475259934e-08
31.9297182672 3.42564593629e-08
31.9600121175 3.60929046211e-08
31.9903059679 3.55631919291e-08
32.0205998182 3.48959399838e-08
32.0508936686 3.56988555742e-08
32.0811875189 3.57736042404e-08
32.1114813693 3.40484141385e-08
32.1417752196 3.40546530449e-08
32.17206907 3.45993180143e-08
32.2023629203 3.61124269841e-08
32.2326567707 3.55390403182e-08
32.262950621 3.51326689576e-08
32.2932444714 3.36786369181e-08
32.3235383217 3.51346895341e-08
32.3538321721 3.41020802536e-08
32.3841260224 3.51151867665e-08
32.4144198728 3.46088653809e-08
32.4447137231 3.54369968203e-08
32.4750075735 3.437868024e-08
32.5053014238 3.51843260366e-08
32.5355952742 3.48518442131e-08
32.5658891245 3.43789489951e-08
32.5961829749 3.49227788086e-08
32.6264768252 3.53422453906e-08
32.6567706756 3.54387535661e-08
32.6870645259 3.57465996531e-08
32.7173583762 3.5131497655e-08
32.7476522266 3.51595478326e-08
32.7779460769 3.57394640265e-08
32.8082399273 3.47756585861e-08
32.8385337776 3.47144795138e-08
32.868827628 3.48220855878e-08
32.8991214783 3.45483095222e-08
32.9294153287 3.45536076265e-08
32.959709179 3.55718323721e-08
32.9900030294 3.51470217538e-08
33.0202968797 3.33591129645e-08
33.0505907301 3.46184653479e-08
33.0808845804 3.46924416583e-08
33.1111784308 3.53631300121e-08
33.1414722811 3.48758548201e-08
33.1717661315 3.47577974631e-08
33.2020599818 3.53792144955e-08
33.2323538322 3.46379648321e-08
33.2626476825 3.46529006399e-08
33.2929415329 3.40542560947e-08
33.3232353832 3.49197788958e-08
33.3535292336 3.50207965054e-08
33.3838230839 3.43221367617e-08
33.4141169343 3.5046377266e-08
33.4444107846 3.4893121753e-08
33.474704635 3.46140807191e-08
33.5049984853 3.48861527491e-08
33.5352923357 3.47189104048e-08
33.565586186 3.44870681131e-08
33.5958800364 3.43545547255e-08
33.6261738867 3.41846202462e-08
33.656467737 3.47359503098e-08
33.6867615874 3.43568939287e-08
33.7170554377 3.45030209949e-08
33.7473492881 3.41624477424e-08
33.7776431384 3.42203355155e-08
33.8079369888 3.45198827931e-08
33.8382308391 3.41009562799e-08
33.8685246895 3.42502981885e-08
33.8988185398 3.44012802049e-08
33.9291123902 3.39401206842e-08
33.9594062405 3.41472164645e-08
33.9897000909 3.48709831841e-08
34.0199939412 3.43192770536e-08
34.0502877916 3.36463553019e-08
34.0805816419 3.37560074436e-08
34.1108754923 3.42946542217e-08
34.1411693426 3.36013824355e-08
34.171463193 3.39833519198e-08
34.2017570433 3.40474917806e-08
34.2320508937 3.41978513138e-08
34.262344744 3.40653396418e-08
34.2926385944 3.43034363167e-08
34.3229324447 3.43555657354e-08
34.3532262951 3.42624084119e-08
34.3835201454 3.44845850476e-08
34.4138139958 3.38323958091e-08
34.4441078461 3.39815178072e-08
34.4744016965 3.37923094497e-08
34.5046955468 3.42120022418e-08
34.5349893972 3.38584683723e-08
34.5652832475 3.33149409726e-08
34.5955770978 3.38096723451e-08
34.6258709482 3.4083645561e-08
34.6561647985 3.42373615375e-08
34.6864586489 3.37247494772e-08
34.7167524992 3.395640359e-08
34.7470463496 3.42497002337e-08
34.7773401999 3.39951256909e-08
34.8076340503 3.39022971661e-08
34.8379279006 3.36499931038e-08
34.868221751 3.33280147834e-08
34.8985156013 3.36130198868e-08
34.9288094517 3.40621964447e-08
34.959103302 3.37135936549e-08
34.9893971524 3.36737521403e-08
35.0196910027 3.38018233694e-08
35.0499848531 3.36824981064e-08
35.0802787034 3.35334915103e-08
35.1105725538 3.37278250383e-08
35.1408664041 3.37978047287e-08
35.1711602545 3.35296637778e-08
35.2014541048 3.37588966921e-08
35.2317479552 3.34771978837e-08
35.2620418055 3.32450870423e-08
35.2923356559 3.31787500379e-08
35.3226295062 3.32078957045e-08
35.3529233566 3.34098101267e-08
35.3832172069 3.35905164043e-08
35.4135110573 3.35093987566e-08
35.4438049076 3.31934003802e-08
35.474098758 3.36493767198e-08
35.5043926083 3.33585355843e-08
35.5346864586 3.34131217989e-08
35.564980309 3.3746242235e-08
35.5952741593 3.3413704048e-08
35.6255680097 3.33279977721e-08
35.65586186 3.35800626761e-08
35.6861557104 3.32083501972e-08
35.7164495607 3.33214832312e-08
35.7467434111 3.32835460668e-08
35.7770372614 3.33271292482e-08
35.8073311118 3.34485174531e-08
35.8376249621 3.33048488528e-08
35.8679188125 3.33086099519e-08
35.8982126628 3.31211400325e-08
35.9285065132 3.30400200423e-08
35.9588003635 3.31486432479e-08
35.9890942139 3.3287367207e-08
36.0193880642 3.31795959467e-08
36.0496819146 3.3167265911e-08
36.0799757649 3.3163238618e-08
36.1102696153 3.31795855338e-08
36.1405634656 3.29577668327e-08
36.170857316 3.31559137907e-08
36.2011511663 3.31112085507e-08
36.2314450167 3.31022693669e-08
36.261738867 3.29918951232e-08
36.2920327174 3.29309843341e-08
36.3223265677 3.29278277423e-08
36.3526204181 3.30965542627e-08
36.3829142684 3.3051045903e-08
36.4132081188 3.3014764639e-08
36.4435019691 3.31165455575e-08
36.4737958194 3.30088664796e-08
36.5040896698 3.29223748842e-08
36.5343835201 3.28410356931e-08
36.5646773705 3.29156531539e-08
36.5949712208 3.2826863647e-08
36.6252650712 3.29079210055e-08
36.6555589215 3.28959241578e-08
36.6858527719 3.2964971543e-08
36.7161466222 3.30903634861e-08
36.7464404726 3.29490162646e-08
36.7767343229 3.2844044302e-08
36.8070281733 3.28500795492e-08
36.8373220236 3.26969609008e-08
36.867615874 3.28266210534e-08
36.8979097243 3.27046306126e-08
36.9282035747 3.27299864958e-08
36.958497425 3.26463651439e-08
36.9887912754 3.27400018388e-08
37.0190851257 3.26496352019e-08
37.0493789761 3.26685558388e-08
37.0796728264 3.26803559202e-08
37.1099666768 3.27212778897e-08
37.1402605271 3.26782770095e-08
37.1705543775 3.2697733107e-08
37.2008482278 3.27645575965e-08
37.2311420782 3.2787336264e-08
37.2614359285 3.26558033211e-08
37.2917297789 3.26802806071e-08
37.3220236292 3.26959216729e-08
37.3523174796 3.27354203246e-08
37.3826113299 3.26870230727e-08
37.4129051802 3.26301628241e-08
37.4431990306 3.25160590612e-08
37.4734928809 3.26275330032e-08
37.5037867313 3.25589115218e-08
37.5340805816 3.24737365664e-08
37.564374432 3.24633759424e-08
37.5946682823 3.24304001556e-08
37.6249621327 3.25064318006e-08
37.655255983 3.24286507748e-08
37.6855498334 3.23605176867e-08
37.7158436837 3.23843402351e-08
37.7461375341 3.23584512833e-08
37.7764313844 3.2427917133e-08
37.8067252348 3.2352567777e-08
37.8370190851 3.2355379729e-08
37.8673129355 3.23891441288e-08
37.8976067858 3.23561361283e-08
37.9279006362 3.23552155594e-08
37.9581944865 3.23847510555e-08
37.9884883369 3.23811444322e-08
38.0187821872 3.22855613502e-08
38.0490760376 3.2379631426e-08
38.0793698879 3.22729066396e-08
38.1096637383 3.22943275083e-08
38.1399575886 3.23362101777e-08
38.170251439 3.22953777386e-08
38.2005452893 3.22824564577e-08
38.2308391397 3.22607541632e-08
38.26113299 3.22249293778e-08
38.2914268404 3.21674747751e-08
38.3217206907 3.22273372899e-08
38.352014541 3.21910281453e-08
38.3823083914 3.22053618756e-08
38.4126022417 3.22164114677e-08
38.4428960921 3.21389595312e-08
38.4731899424 3.21804293449e-08
38.5034837928 3.21376450204e-08
38.5337776431 3.21338341021e-08
38.5640714935 3.21370729247e-08
38.5943653438 3.20763712533e-08
38.6246591942 3.21043067527e-08
38.6549530445 3.21296164738e-08
38.6852468949 3.2164084348e-08
38.7155407452 3.20803675024e-08
38.7458345956 3.20830577236e-08
38.7761284459 3.20621397915e-08
38.8064222963 3.20918799407e-08
38.8367161466 3.2033668792e-08
38.867009997 3.20716405667e-08
38.8973038473 3.19981693877e-08
38.9275976977 3.20484118163e-08
38.957891548 3.20032028046e-08
38.9881853984 3.20095463378e-08
39.0184792487 3.1995471662e-08
39.0487730991 3.19902711035e-08
39.0790669494 3.19596730327e-08
39.1093607998 3.19895615709e-08
39.1396546501 3.1986718548e-08
39.1699485005 3.19420701132e-08
39.2002423508 3.19174062885e-08
39.2305362012 3.19171416986e-08
39.2608300515 3.18984557444e-08
39.2911239018 3.19040439304e-08
39.3214177522 3.18967244109e-08
39.3517116025 3.1908088934e-08
39.3820054529 3.18746869764e-08
39.4122993032 3.18694084935e-08
39.4425931536 3.18509988816e-08
39.4728870039 3.18254376564e-08
39.5031808543 3.18212338697e-08
39.5334747046 3.17952921828e-08
39.563768555 3.18086585888e-08
39.5940624053 3.17873758845e-08
39.6243562557 3.17788631905e-08
39.654650106 3.18032259746e-08
39.6849439564 3.17731100908e-08
39.7152378067 3.17676603786e-08
39.7455316571 3.17528316377e-08
39.7758255074 3.17475258314e-08
39.8061193578 3.17387045479e-08
39.8364132081 3.1723664261e-08
39.8667070585 3.17200965969e-08
39.8970009088 3.16994231466e-08
39.9272947592 3.16761730023e-08
39.9575886095 3.16853213618e-08
39.9878824599 3.16711366254e-08
40.0181763102 3.16529527217e-08
40.0484701606 3.16562820994e-08
40.0787640109 3.16468605963e-08
40.1090578613 3.16332502176e-08
40.1393517116 3.16276221896e-08
40.169645562 3.16175765168e-08
40.1999394123 3.16055259142e-08
40.2302332626 3.16152915328e-08
40.260527113 3.1598198466e-08
40.2908209633 3.15858650894e-08
40.3211148137 3.15734172251e-08
40.351408664 3.15642677616e-08
40.3817025144 3.1559976524e-08
40.4119963647 3.15386398254e-08
40.4422902151 3.15411292418e-08
40.4725840654 3.15388426261e-08
40.5028779158 3.15219648155e-08
40.5331717661 3.15140595102e-08
40.5634656165 3.15016671253e-08
40.5937594668 3.15052242941e-08
40.6240533172 3.14921661928e-08
40.6543471675 3.14856308208e-08
40.6846410179 3.14733584674e-08
40.7149348682 3.14723500021e-08
40.7452287186 3.14560858602e-08
40.7755225689 3.14408532713e-08
40.8058164193 3.14385949891e-08
40.8361102696 3.1430226414e-08
40.86640412 3.14277454845e-08
40.8966979703 3.141687551e-08
40.9269918207 3.13998802308e-08
40.957285671 3.13943781169e-08
40.9875795214 3.13939481668e-08
41.0178733717 3.13754862579e-08
41.0481672221 3.13737458934e-08
41.0784610724 3.13640142074e-08
41.1087549228 3.13563030403e-08
41.1390487731 3.13473606981e-08
41.1693426234 3.13453301052e-08
41.1996364738 3.13297131648e-08
41.2299303241 3.13236691538e-08
41.2602241745 3.13155683102e-08
41.2905180248 3.13077894597e-08
41.3208118752 3.1301475996e-08
41.3511057255 3.1290899427e-08
41.3813995759 3.12791691127e-08
41.4116934262 3.12785970163e-08
41.4419872766 3.12733336654e-08
41.4722811269 3.1259685678e-08
41.5025749773 3.12523486765e-08
41.5328688276 3.12457071387e-08
41.563162678 3.1235436098e-08
41.5934565283 3.12292496033e-08
41.6237503787 3.12272864498e-08
41.654044229 3.12215554628e-08
41.6843380794 3.12131677283e-08
41.7146319297 3.120017229e-08
41.7449257801 3.11941932624e-08
41.7752196304 3.11832328226e-08
41.8055134808 3.11832632938e-08
41.8358073311 3.11705035965e-08
41.8661011815 3.11590961495e-08
41.8963950318 3.11561456403e-08
41.9266888822 3.11433643405e-08
41.9569827325 3.11403327642e-08
41.9872765829 3.11306951364e-08
42.0175704332 3.11251197612e-08
42.0478642836 3.11185061845e-08
42.0781581339 3.11142121482e-08
42.1084519842 3.11037116167e-08
42.1387458346 3.1100139381e-08
42.1690396849 3.10932599479e-08
42.1993335353 3.1085729161e-08
42.2296273856 3.10776240902e-08
42.259921236 3.1072877349e-08
42.2902150863 3.10628087117e-08
42.3205089367 3.10565959583e-08
42.350802787 3.10540021688e-08
42.3810966374 3.10438263734e-08
42.4113904877 3.10351487054e-08
42.4416843381 3.10284942295e-08
42.4719781884 3.10252841885e-08
42.5022720388 3.10158816443e-08
42.5325658891 3.1008738896e-08
42.5628597395 3.09999414443e-08
42.5931535898 3.09940942738e-08
42.6234474402 3.0988663388e-08
42.6537412905 3.09829654106e-08
42.6840351409 3.09736414816e-08
42.7143289912 3.09671070466e-08
42.7446228416 3.09607363204e-08
42.7749166919 3.09580792997e-08
42.8052105423 3.09479459987e-08
42.8355043926 3.09425380214e-08
42.865798243 3.09373745725e-08
42.8960920933 3.09302945338e-08
42.9263859437 3.09230105735e-08
42.956679794 3.09167757412e-08
42.9869736444 3.09112728252e-08
43.0172674947 3.09034000061e-08
43.047561345 3.08993935466e-08
43.0778551954 3.08945052829e-08
43.1081490457 3.08877136693e-08
43.1384428961 3.08806771519e-08
43.1687367464 3.08756678477e-08
43.1990305968 3.08704273187e-08
43.2293244471 3.08629682309e-08
43.2596182975 3.08578256793e-08
43.2899121478 3.08508095722e-08
43.3202059982 3.08454067942e-08
43.3504998485 3.0838280068e-08
43.3807936989 3.08336094871e-08
43.4110875492 3.08260560407e-08
43.4413813996 3.08203807976e-08
43.4716752499 3.08148315703e-08
43.5019691003 3.08095924928e-08
43.5322629506 3.08035990314e-08
43.562556801 3.07974785528e-08
43.5928506513 3.07920826424e-08
43.6231445017 3.07860773003e-08
43.653438352 3.07806838191e-08
43.6837322024 3.07753079654e-08
43.7140260527 3.07688701268e-08
43.7443199031 3.07640569365e-08
43.7746137534 3.07583713657e-08
43.8049076038 3.07522957113e-08
43.8352014541 3.07470687444e-08
43.8654953045 3.07415618175e-08
43.8957891548 3.07360552392e-08
43.9260830051 3.07306190805e-08
43.9563768555 3.07252226458e-08
43.9866707058 3.07201784875e-08
44.0169645562 3.07151518023e-08
44.0472584065 3.07096093889e-08
44.0775522569 3.07049475007e-08
44.1078461072 3.06991507806e-08
44.1381399576 3.06937431348e-08
44.1684338079 3.06890367001e-08
44.1987276583 3.06837260475e-08
44.2290215086 3.06783534456e-08
44.259315359 3.0673185895e-08
44.2896092093 3.0668238146e-08
44.3199030597 3.06634252966e-08
44.35019691 3.0658503345e-08
44.3804907604 3.0653080411e-08
44.4107846107 3.06482898989e-08
44.4410784611 3.06433426796e-08
44.4713723114 3.06385025414e-08
44.5016661618 3.06337780385e-08
44.5319600121 3.06288132996e-08
44.5622538625 3.06239252429e-08
44.5925477128 3.0619237066e-08
44.6228415632 3.06142940824e-08
44.6531354135 3.06097379291e-08
44.6834292639 3.06049112615e-08
44.7137231142 3.06003120139e-08
44.7440169646 3.05958606419e-08
44.7743108149 3.05910561761e-08
44.8046046653 3.0586402901e-08
44.8348985156 3.05817815867e-08
44.8651923659 3.05774091401e-08
44.8954862163 3.05729656917e-08
44.9257800666 3.05684178696e-08
44.956073917 3.05638644308e-08
44.9863677673 3.05594965231e-08
45.0166616177 3.05550431784e-08
45.046955468 3.05506388136e-08
45.0772493184 3.05463715727e-08
45.1075431687 3.05420481281e-08
45.1378370191 3.05378281855e-08
45.1681308694 3.05335422882e-08
45.1984247198 3.05292967766e-08
45.2287185701 3.05251043051e-08
45.2590124205 3.05209421428e-08
45.2893062708 3.0516728282e-08
45.3196001212 3.05126139007e-08
45.3498939715 3.05085581989e-08
45.3801878219 3.05045286064e-08
45.4104816722 3.05004200969e-08
45.4407755226 3.04964275848e-08
45.4710693729 3.04924325484e-08
45.5013632233 3.0488474712e-08
45.5316570736 3.04845928955e-08
45.561950924 3.04806661982e-08
45.5922447743 3.04767564129e-08
45.6225386247 3.04729465391e-08
45.652832475 3.046910247e-08
45.6831263254 3.04652824932e-08
45.7134201757 3.04615185114e-08
45.7437140261 3.04578079524e-08
45.7740078764 3.04540828745e-08
45.8043017267 3.04503717653e-08
45.8345955771 3.04467329038e-08
45.8648894274 3.0443106595e-08
45.8951832778 3.04394967852e-08
45.9254771281 3.04359268804e-08
45.9557709785 3.04323678036e-08
45.9860648288 3.04288401002e-08
46.0163586792 3.04253543299e-08
46.0466525295 3.04218720402e-08
46.0769463799 3.04184173544e-08
46.1072402302 3.04150263563e-08
46.1375340806 3.04116278051e-08
46.1678279309 3.04082767311e-08
46.1981217813 3.04049337899e-08
46.2284156316 3.04016225283e-08
46.258709482 3.03983473494e-08
46.2890033323 3.03950900271e-08
46.3192971827 3.03918652145e-08
46.349591033 3.03886680795e-08
46.3798848834 3.03854922402e-08
46.4101787337 3.0382349716e-08
46.4404725841 3.03792284059e-08
46.4707664344 3.03761370329e-08
46.5010602848 3.03730754551e-08
46.5313541351 3.03700361508e-08
46.5616479855 3.03670239291e-08
46.5919418358 3.0364040959e-08
46.6222356862 3.0361081749e-08
46.6525295365 3.03581509121e-08
46.6828233869 3.03552478179e-08
46.7131172372 3.03523709009e-08
46.7434110875 3.03495211729e-08
46.7737049379 3.03466971171e-08
46.8039987882 3.03439007543e-08
46.8342926386 3.03411298717e-08
46.8645864889 3.03383866842e-08
46.8948803393 3.03356714948e-08
46.9251741896 3.03329815938e-08
46.95546804 3.03303174411e-08
46.9857618903 3.03276817776e-08
47.0160557407 3.03250715053e-08
47.046349591 3.03224884505e-08
47.0766434414 3.03199326434e-08
47.1069372917 3.03174026719e-08
47.1372311421 3.03148998583e-08
47.1675249924 3.03124235407e-08
47.1978188428 3.03099737956e-08
47.2281126931 3.03075509647e-08
47.2584065435 3.03051544559e-08
47.2887003938 3.0302784586e-08
47.3189942442 3.03004412743e-08
47.3492880945 3.02981246327e-08
47.3795819449 3.02958346345e-08
47.4098757952 3.02935712133e-08
47.4401696456 3.02913343016e-08
47.4704634959 3.0289123971e-08
47.5007573463 3.02869401719e-08
47.5310511966 3.02847828615e-08
47.561345047 3.02826521162e-08
47.5916388973 3.0280547909e-08
47.6219327477 3.02784702691e-08
47.652226598 3.027641906e-08
47.6825204483 3.02743943442e-08
47.7128142987 3.02723960895e-08
47.743108149 3.02704244283e-08
47.7734019994 3.02684791738e-08
47.8036958497 3.02665603954e-08
47.8339897001 3.02646680684e-08
47.8642835504 3.02628022078e-08
47.8945774008 3.02609627725e-08
47.9248712511 3.02591497924e-08
47.9551651015 3.02573632317e-08
47.9854589518 3.02556031044e-08
48.0157528022 3.02538693976e-08
48.0460466525 3.02521620941e-08
48.0763405029 3.02504812022e-08
48.1066343532 3.02488267054e-08
48.1369282036 3.02471985986e-08
48.1672220539 3.02455968815e-08
48.1975159043 3.02440215401e-08
48.2278097546 3.02424725755e-08
48.258103605 3.02409499778e-08
48.2883974553 3.02394537393e-08
48.3186913057 3.02379838596e-08
48.348985156 3.02365403275e-08
48.3792790064 3.02351231404e-08
48.4095728567 3.02337322932e-08
48.4398667071 3.02323677798e-08
48.4701605574 3.0231029595e-08
48.5004544078 3.0229717734e-08
48.5307482581 3.02284321912e-08
48.5610421085 3.02271729621e-08
48.5913359588 3.02259400417e-08
48.6216298091 3.02247334253e-08
48.6519236595 3.02235531085e-08
48.6822175098 3.02223990864e-08
48.7125113602 3.02212713546e-08
48.7428052105 3.02201699091e-08
48.7730990609 3.02190947454e-08
48.8033929112 3.02180458594e-08
48.8336867616 3.02170232472e-08
48.8639806119 3.02160269048e-08
48.8942744623 3.02150568284e-08
48.9245683126 3.02141130143e-08
48.954862163 3.02131954588e-08
48.9851560133 3.02123041585e-08
49.0154498637 3.02114391099e-08
49.045743714 3.02106003097e-08
49.0760375644 3.02097877547e-08
49.1063314147 3.02090014418e-08
49.1366252651 3.0208241368e-08
49.1669191154 3.02075075302e-08
49.1972129658 3.02067999259e-08
49.2275068161 3.02061185521e-08
49.2578006665 3.02054634064e-08
49.2880945168 3.02048344862e-08
49.3183883672 3.02042317891e-08
49.3486822175 3.02036553127e-08
49.3789760679 3.02031050549e-08
49.4092699182 3.02025810137e-08
49.4395637686 3.02020831868e-08
49.4698576189 3.02016115725e-08
49.5001514693 3.0201166169e-08
49.5304453196 3.02007469745e-08
49.5607391699 3.02003539874e-08
49.5910330203 3.01999872063e-08
49.6213268706 3.01996466297e-08
49.651620721 3.01993322563e-08
49.6819145713 3.01990440849e-08
49.7122084217 3.01987821145e-08
49.742502272 3.01985463438e-08
49.7727961224 3.01983367723e-08
49.8030899727 3.01981533991e-08
49.8333838231 3.01979962231e-08
49.8636776734 3.01978652441e-08
49.8939715238 3.01977604616e-08
49.9242653741 3.0197681875e-08
49.9545592245 3.01976294841e-08
49.9848530748 3.01976032889e-08
