0.0 4.72619172423e-06
0.0302938503484 0.000296090302575
0.0605877006968 0.000134855641907
0.0908815510451 0.00011845838918
0.121175401394 0.000156589750669
0.151469251742 0.000125838086968
0.18176310209 0.000129991923343
0.212056952439 0.000149562257226
0.242350802787 0.000159985103538
0.272644653135 0.00015439192361
0.302938503484 0.000155763947747
0.333232353832 0.000149093669604
0.363526204181 0.000118111567375
0.393820054529 0.000187498643211
0.424113904877 8.20195390264e-05
0.454407755226 5.05424060574e-05
0.484701605574 3.77410099062e-05
0.514995455922 0.000182585750498
0.545289306271 0.000219715249605
0.575583156619 0.000167601964866
0.605877006968 0.000182767074058
0.636170857316 0.0002052205529
0.666464707664 0.00015814803619
0.696758558013 0.000140952544537
0.727052408361 6.06635915734e-05
0.757346258709 6.81080898258e-05
0.787640109058 4.12195892626e-05
0.817933959406 0.00014502269402
0.848227809755 1.76050559822e-05
0.878521660103 0.00010913591174
0.908815510451 0.00017446954159
0.9391093608 0.000216970798783
0.969403211148 0.000220308443882
0.999697061497 0.000202200453075
1.02999091184 5.569919374e-05
1.06028476219 0.00010930977974
1.09057861254 0.000106415332909
1.12087246289 0.000170814226199
1.15116631324 9.33662157403e-05
1.18146016359 7.30989671809e-05
1.21175401394 2.98296963637e-05
1.24204786428 3.50190468347e-05
1.27234171463 3.2961306187e-05
1.30263556498 2.30121897948e-05
1.33292941533 4.5483504712e-05
1.36322326568 1.63035713736e-05
1.39351711603 6.73743500374e-06
1.42381096637 2.99608102651e-05
1.45410481672 1.87877218021e-05
1.48439866707 1.44246562957e-05
1.51469251742 3.84608636249e-05
1.54498636777 6.60775651794e-05
1.57528021812 1.86733562333e-05
1.60557406846 2.82106213069e-05
1.63586791881 1.64194575018e-05
1.66616176916 5.54555068832e-05
1.69645561951 4.09286758703e-05
1.72674946986 3.94033471733e-05
1.75704332021 2.25727518734e-05
1.78733717055 1.10116213931e-05
1.8176310209 1.86459672765e-05
1.84792487125 7.34284564447e-06
1.8782187216 4.22970985387e-05
1.90851257195 3.63453468435e-05
1.9388064223 4.20365640941e-05
1.96910027264 5.63470135028e-05
1.99939412299 2.95615969998e-05
2.02968797334 4.71833122555e-06
2.05998182369 1.6355491342e-05
2.09027567404 8.27737255753e-06
2.12056952439 5.28759291345e-06
2.15086337473 2.7688854001e-05
2.18115722508 4.81806490236e-05
2.21145107543 3.05359993132e-05
2.24174492578 3.82786115187e-05
2.27203877613 3.52965599507e-05
2.30233262648 2.63816893081e-05
2.33262647683 4.35581411506e-05
2.36292032717 7.63017276362e-06
2.39321417752 2.69423345849e-05
2.42350802787 5.1874140232e-05
2.45380187822 5.34479524418e-05
2.48409572857 3.4546887307e-05
2.51438957892 2.5221955379e-05
2.54468342926 2.70681309333e-05
2.57497727961 4.46503302346e-05
2.60527112996 3.73103200423e-05
2.63556498031 2.00111599538e-05
2.66585883066 1.19556115662e-05
2.69615268101 1.48775442439e-05
2.72644653135 2.64622222883e-05
2.7567403817 1.51873185517e-05
2.78703423205 2.04939187095e-05
2.8173280824 2.69670281165e-05
2.84762193275 3.1358371359e-05
2.8779157831 2.01175316173e-05
2.90820963344 2.11077972016e-05
2.93850348379 8.10571071048e-06
2.96879733414 9.08245895804e-06
2.99909118449 1.8655053917e-05
3.02938503484 3.48756236752e-05
3.05967888519 1.94026825788e-05
3.08997273553 6.75921305783e-06
3.12026658588 7.2795309463e-06
3.15056043623 1.63242556516e-05
3.18085428658 1.47621932697e-05
3.21114813693 2.62862518789e-05
3.24144198728 1.62524205593e-05
3.27173583762 1.20849332919e-05
3.30202968797 5.20304232098e-06
3.33232353832 1.23977040079e-05
3.36261738867 1.88091923584e-05
3.39291123902 1.68572514467e-05
3.42320508937 1.22322881676e-05
3.45349893972 1.69350439418e-05
3.48379279006 1.63252917129e-05
3.51408664041 1.03747653628e-05
3.54438049076 1.36243111857e-05
3.57467434111 1.39324507419e-05
3.60496819146 1.98571644879e-05
3.63526204181 1.16881395293e-05
3.66555589215 5.55221725924e-06
3.6958497425 4.11709584627e-06
3.72614359285 6.69314373584e-06
3.7564374432 1.53917487989e-05
3.78673129355 2.06994016535e-05
3.8170251439 1.80355113469e-05
3.84731899424 1.46383640677e-05
3.87761284459 8.93104527471e-06
3.90790669494 7.19121085705e-06
3.93820054529 1.44049882659e-05
3.96849439564 1.37207090672e-05
3.99878824599 7.04675356691e-06
4.02908209633 7.03103386262e-06
4.05937594668 9.66439583922e-06
4.08966979703 2.34241166022e-06
4.11996364738 3.63421762778e-06
4.15025749773 2.06580330883e-05
4.18055134808 1.46030991059e-05
4.21084519842 5.44097539407e-06
4.24113904877 1.23530380136e-05
4.27143289912 5.80140038912e-06
4.30172674947 1.09601348096e-05
4.33202059982 4.12094685985e-06
4.36231445017 2.72575251174e-06
4.39260830051 1.93839483685e-05
4.42290215086 1.59696265431e-05
4.45319600121 1.78468931643e-05
4.48348985156 1.39102199906e-05
4.51378370191 1.44811051729e-05
4.54407755226 9.35927579692e-06
4.57437140261 1.51880850396e-05
4.60466525295 7.68159109664e-06
4.6349591033 1.08585578517e-05
4.66525295365 1.2204379746e-05
4.695546804 2.0133551069e-05
4.72584065435 1.76249188802e-05
4.7561345047 2.54356349523e-05
4.78642835504 1.46087442174e-05
4.81672220539 1.67124173784e-05
4.84701605574 1.36928004809e-05
4.87730990609 2.09005566981e-05
4.90760375644 1.75270009348e-05
4.93789760679 1.57788924357e-05
4.96819145713 1.13453068324e-05
4.99848530748 8.66048290728e-06
5.02877915783 2.08968897814e-06
5.05907300818 6.9650429796e-06
5.08936685853 1.29370475807e-05
5.11966070888 1.09581963996e-05
5.14995455922 1.3035527105e-05
5.18024840957 7.70595288665e-06
5.21054225992 8.18856786207e-06
5.24083611027 7.92592501843e-06
5.27112996062 4.77246359446e-06
5.30142381097 9.26113724893e-06
5.33171766131 7.08742208017e-06
5.36201151166 3.17874684945e-06
5.39230536201 8.29268791834e-07
5.42259921236 2.1647270321e-06
5.45289306271 1.04757413351e-05
5.48318691306 6.07205662155e-06
5.51348076341 2.86522344361e-06
5.54377461375 3.3310018628e-06
5.5740684641 3.18760068155e-06
5.60436231445 8.61544849108e-06
5.6346561648 1.01689065708e-05
5.66495001515 5.2907798248e-06
5.6952438655 4.11067579099e-06
5.72553771584 2.25829806035e-06
5.75583156619 1.2592242051e-06
5.78612541654 4.3924818313e-06
5.81641926689 6.22930470547e-06
5.84671311724 4.81304533258e-06
5.87700696759 6.68273871999e-06
5.90730081793 6.04358363329e-06
5.93759466828 6.75396234545e-06
5.96788851863 3.69742559047e-06
5.99818236898 7.06804787684e-06
6.02847621933 1.18770040311e-05
6.05877006968 1.32315724427e-05
6.08906392002 8.59008903053e-06
6.11935777037 7.75489465027e-06
6.14965162072 5.08939195826e-06
6.17994547107 4.49486165217e-06
6.21023932142 4.32430972353e-06
6.24053317177 3.48536275092e-06
6.27082702211 4.32786207613e-06
6.30112087246 4.10930000182e-06
6.33141472281 4.76657418935e-06
6.36170857316 2.84830547102e-06
6.39200242351 2.9667718301e-06
6.42229627386 5.4290921627e-06
6.4525901242 4.49294073843e-06
6.48288397455 1.32471264663e-06
6.5131778249 2.90580146638e-06
6.54347167525 4.6713339362e-06
6.5737655256 3.15477064907e-06
6.60405937595 2.54650316159e-06
6.6343532263 5.76821880163e-06
6.66464707664 4.41491864224e-06
6.69494092699 5.20089406546e-06
6.72523477734 1.90261878206e-06
6.75552862769 3.10229946743e-06
6.78582247804 1.53582729257e-06
6.81611632839 9.11735955914e-07
6.84641017873 3.86743910019e-06
6.87670402908 3.76045917686e-06
6.90699787943 2.04214270097e-06
6.93729172978 1.76119788278e-06
6.96758558013 5.34967442186e-06
6.99787943048 4.03988057667e-06
7.02817328082 3.53120697203e-06
7.05846713117 2.21446995026e-07
7.08876098152 1.40150783375e-06
7.11905483187 1.372819104e-06
7.14934868222 2.75753779436e-06
7.17964253257 3.56074978829e-06
7.20993638291 4.09508570467e-06
7.24023023326 1.28057673573e-06
7.27052408361 1.42872187881e-06
7.30081793396 1.94240212106e-06
7.33111178431 3.25193068022e-06
7.36140563466 1.60761205746e-06
7.391699485 4.68332854488e-06
7.42199333535 3.85404307928e-06
7.4522871857 1.35561158163e-06
7.48258103605 1.71008028219e-06
7.5128748864 8.79119957602e-07
7.54316873675 1.61854033339e-06
7.57346258709 1.75702155585e-06
7.60375643744 1.56376884118e-06
7.63405028779 8.89167990801e-07
7.66434413814 1.04316446489e-06
7.69463798849 1.55740811972e-06
7.72493183884 3.44416356848e-06
7.75522568919 3.77378440324e-06
7.78551953953 3.04586460735e-06
7.81581338988 3.63502463863e-06
7.84610724023 3.03826813256e-06
7.87640109058 3.67357673267e-06
7.90669494093 4.58589570239e-06
7.93698879128 4.30132837862e-06
7.96728264162 4.06878889798e-06
7.99757649197 2.89562077944e-06
8.02787034232 2.24091079729e-06
8.05816419267 7.64367440035e-07
8.08845804302 1.17366612468e-06
8.11875189337 2.05676276954e-06
8.14904574371 9.26510749305e-07
8.17933959406 2.1439835143e-06
8.20963344441 1.25080639555e-06
8.23992729476 1.65125236765e-06
8.27022114511 2.48644277701e-06
8.30051499546 2.3977453901e-06
8.3308088458 2.93715283482e-07
8.36110269615 3.34204785151e-06
8.3913965465 2.61600759535e-06
8.42169039685 3.39580280294e-06
8.4519842472 2.4216068184e-06
8.48227809755 1.11790620311e-06
8.51257194789 4.9408932019e-07
8.54286579824 1.79290019697e-06
8.57315964859 9.50657836806e-07
8.60345349894 7.70289463738e-07
8.63374734929 2.38243929342e-06
8.66404119964 2.80175637887e-06
8.69433504998 2.39682372851e-07
8.72462890033 1.23957021888e-06
8.75492275068 1.75427183012e-06
8.78521660103 1.57855961357e-06
8.81551045138 2.40730942696e-06
8.84580430173 8.19303597656e-07
8.87609815208 1.13894807146e-06
8.90639200242 3.07961455461e-06
8.93668585277 1.95326614885e-06
8.96697970312 1.70533921063e-06
8.99727355347 1.08297281978e-06
9.02756740382 6.02807664249e-07
9.05786125417 1.33763465277e-06
9.08815510451 1.45373519589e-06
9.11844895486 1.58842702334e-06
9.14874280521 2.16353399885e-06
9.17903665556 3.30507199193e-06
9.20933050591 4.61836767516e-06
9.23962435626 1.89183042119e-06
9.2699182066 6.85883978804e-07
9.30021205695 1.5761655616e-06
9.3305059073 5.38848826362e-07
9.36079975765 1.38432433322e-06
9.391093608 1.41718953566e-06
9.42138745835 3.42368217915e-06
9.45168130869 2.39862449186e-06
9.48197515904 6.57608637868e-07
9.51226900939 1.25874845554e-06
9.54256285974 6.27186864963e-07
9.57285671009 1.68187159064e-06
9.60315056044 1.24225931313e-06
9.63344441078 4.81767339566e-07
9.66373826113 1.12429748707e-06
9.69403211148 1.47306002325e-06
9.72432596183 2.806569554e-06
9.75461981218 2.13966931739e-06
9.78491366253 1.34796396672e-06
9.81520751287 6.45803369512e-07
9.84550136322 1.02642448739e-06
9.87579521357 8.81844139189e-07
9.90608906392 5.37870500298e-07
9.93638291427 4.1581600566e-07
9.96667676462 2.90705233163e-07
9.99697061497 1.27595461617e-06
10.0272644653 4.23354377291e-07
10.0575583157 1.0593265444e-06
10.087852166 1.62276395654e-06
10.1181460164 1.30132627872e-08
10.1484398667 7.1657848241e-07
10.1787337171 1.48279915229e-06
10.2090275674 1.97719864916e-06
10.2393214178 8.89847763199e-07
10.2696152681 7.8442269107e-07
10.2999091184 1.43861030513e-06
10.3302029688 5.91256952751e-07
10.3604968191 1.91892258851e-06
10.3907906695 1.12166591681e-06
10.4210845198 9.47548145517e-07
10.4513783702 3.88006231001e-07
10.4816722205 3.04761220833e-07
10.5119660709 1.09419397859e-06
10.5422599212 1.36866408329e-06
10.5725537716 7.80302862812e-07
10.6028476219 1.01998762778e-06
10.6331414723 1.41464894607e-06
10.6634353226 1.6025667981e-06
10.693729173 1.28778780202e-06
10.7240230233 4.99789435863e-07
10.7543168737 1.95433654576e-07
10.784610724 1.40162803717e-06
10.8149045744 1.04164028231e-06
10.8451984247 1.4753418728e-06
10.8754922751 1.39562730224e-06
10.9057861254 1.31245818902e-07
10.9360799758 3.08118180905e-07
10.9663738261 6.23154207886e-07
10.9966676765 1.59677111251e-06
11.0269615268 1.95836292568e-06
11.0572553772 2.83873151239e-07
11.0875492275 1.46043643117e-06
11.1178430779 8.65845769698e-07
11.1481369282 6.08221388112e-07
11.1784307786 8.68497404482e-07
11.2087246289 1.42953897123e-06
11.2390184792 1.41350457419e-06
11.2693123296 1.69780376594e-07
11.2996061799 6.4210249805e-07
11.3299000303 8.54598701391e-07
11.3601938806 3.96618317213e-07
11.390487731 8.00509541213e-07
11.4207815813 1.46599848608e-06
11.4510754317 2.17413659414e-06
11.481369282 1.10722832131e-06
11.5116631324 6.83446538355e-07
11.5419569827 8.86808937022e-07
11.5722508331 2.11946912143e-06
11.6025446834 9.94976464396e-07
11.6328385338 1.9865867737e-06
11.6631323841 1.20200480261e-06
11.6934262345 7.45636065789e-07
11.7237200848 1.21725110328e-06
11.7540139352 2.19209111934e-06
11.7843077855 2.11706607533e-06
11.8146016359 2.076173121e-06
11.8448954862 2.01811294397e-06
11.8751893366 2.78953260343e-06
11.9054831869 1.99991908876e-06
11.9357770373 2.07827694513e-06
11.9660708876 1.09045799648e-06
11.996364738 1.24777006914e-06
12.0266585883 1.06969379801e-06
12.0569524387 7.4400064042e-07
12.087246289 4.88607469476e-07
12.1175401394 1.32903301949e-06
12.1478339897 5.18991182679e-07
12.17812784 6.94809023921e-07
12.2084216904 1.36290425129e-06
12.2387155407 1.5050002857e-06
12.2690093911 1.9621815072e-06
12.2993032414 4.65471530816e-07
12.3295970918 1.14687662254e-06
12.3598909421 1.05883357938e-06
12.3901847925 8.61501137229e-07
12.4204786428 8.84302804817e-07
12.4507724932 8.15730626729e-07
12.4810663435 1.06233727261e-06
12.5113601939 2.51559254567e-07
12.5416540442 4.48684892994e-07
12.5719478946 4.58528517011e-07
12.6022417449 4.30330981487e-07
12.6325355953 3.55278998786e-07
12.6628294456 5.46106389096e-07
12.693123296 5.23790213218e-07
12.7234171463 4.25263929563e-07
12.7537109967 2.77414991525e-07
12.784004847 7.62667622877e-07
12.8142986974 4.92511254213e-07
12.8445925477 2.16677278622e-07
12.8748863981 5.83631564981e-07
12.9051802484 8.45769125319e-07
12.9354740988 5.7186949497e-07
12.9657679491 3.9645823672e-07
12.9960617995 1.91887714244e-07
13.0263556498 8.08077946906e-07
13.0566495002 5.51916008512e-07
13.0869433505 3.49634647592e-07
13.1172372008 9.05519537982e-07
13.1475310512 5.44078617353e-07
13.1778249015 8.48139897193e-07
13.2081187519 7.92298938669e-07
13.2384126022 9.16587232106e-07
13.2687064526 6.36664514323e-07
13.2990003029 6.87821244138e-07
13.3292941533 2.75041331667e-07
13.3595880036 8.83276269759e-07
13.389881854 1.28926943944e-06
13.4201757043 7.7368341169e-07
13.4504695547 5.88534381885e-07
13.480763405 4.90268803299e-07
13.5110572554 3.68387341366e-07
13.5413511057 1.61904806978e-07
13.5716449561 3.75609982483e-07
13.6019388064 4.51587864013e-07
13.6322326568 6.9647812969e-07
13.6625265071 2.67044533882e-07
13.6928203575 3.68334287839e-07
13.7231142078 9.69994162688e-08
13.7534080582 1.4482697608e-07
13.7837019085 7.70861324279e-07
13.8139957589 6.63757280955e-07
13.8442896092 4.32695103409e-07
13.8745834596 1.01624699637e-06
13.9048773099 1.03978358925e-06
13.9351711603 7.13984841546e-07
13.9654650106 1.38392291961e-07
13.995758861 1.19519952831e-06
14.0260527113 7.21310011715e-07
14.0563465616 8.10012505743e-07
14.086640412 2.75926041341e-07
14.1169342623 1.35230432658e-07
14.1472281127 3.83036416976e-07
14.177521963 7.70900352663e-07
14.2078158134 4.76805023718e-07
14.2381096637 4.10118771496e-07
14.2684035141 4.82379065596e-07
14.2986973644 7.02546950517e-07
14.3289912148 1.1887220777e-07
14.3592850651 5.88464384857e-07
14.3895789155 4.44740683875e-07
14.4198727658 7.16582338412e-07
14.4501666162 4.57667687549e-07
14.4804604665 4.53748204064e-07
14.5107543169 2.35427427717e-07
14.5410481672 2.56866940538e-07
14.5713420176 4.56220260814e-07
14.6016358679 9.0512982965e-07
14.6319297183 5.65118793989e-07
14.6622235686 2.04009690114e-07
14.692517419 8.69076176866e-07
14.7228112693 1.45183798064e-07
14.7531051197 3.07445558729e-07
14.78339897 4.40933206944e-07
14.8136928204 5.6735417358e-07
14.8439866707 5.68853402165e-07
14.8742805211 5.04064087877e-07
14.9045743714 6.89924029462e-07
14.9348682218 7.07171610187e-07
14.9651620721 5.52082464118e-07
14.9954559224 1.76259852031e-07
15.0257497728 1.27675089863e-07
15.0560436231 2.99575421988e-07
15.0863374735 5.59687313797e-07
15.1166313238 3.41796522227e-07
15.1469251742 5.79053666748e-08
15.1772190245 1.52569746468e-07
15.2075128749 1.3632458865e-07
15.2378067252 2.19711025481e-07
15.2681005756 2.75221496964e-07
15.2983944259 4.86561077899e-07
15.3286882763 1.59595197169e-07
15.3589821266 2.34970870336e-07
15.389275977 3.65726123839e-07
15.4195698273 2.91582269177e-07
15.4498636777 2.56294527902e-07
15.480157528 3.98344060384e-07
15.5104513784 3.5891089171e-07
15.5407452287 4.06221736962e-07
15.5710390791 1.58511912329e-07
15.6013329294 3.73571192728e-07
15.6316267798 4.93438917206e-07
15.6619206301 1.52471638768e-07
15.6922144805 3.07061142446e-07
15.7225083308 1.97273470901e-07
15.7528021812 4.47727455992e-07
15.7830960315 6.51820156207e-07
15.8133898819 6.56515313804e-07
15.8436837322 6.54468909812e-07
15.8739775826 6.46140510455e-07
15.9042714329 5.41907380704e-07
15.9345652832 5.11592633368e-07
15.9648591336 4.14919794421e-07
15.9951529839 3.22388173809e-07
16.0254468343 3.67657945005e-07
16.0557406846 5.19690474217e-07
16.086034535 1.4454027382e-07
16.1163283853 4.52473744906e-07
16.1466222357 1.78892425568e-07
16.176916086 6.04792999907e-08
16.2072099364 1.71479476036e-07
16.2375037867 1.10693579687e-07
16.2677976371 2.51995735747e-07
16.2980914874 3.82095735823e-07
16.3283853378 3.28009271362e-07
16.3586791881 1.80791353668e-07
16.3889730385 1.04049233106e-07
16.4192668888 3.41848216538e-07
16.4495607392 2.67313623121e-08
16.4798545895 3.33605367516e-07
16.5101484399 2.1405070252e-07
16.5404422902 3.02377758393e-07
16.5707361406 2.04849938748e-07
16.6010299909 3.035755938e-07
16.6313238413 2.75613152548e-07
16.6616176916 1.23867441553e-07
16.691911542 3.42708064782e-07
16.7222053923 1.70108817188e-07
16.7524992427 1.14936106463e-07
16.782793093 2.00261802157e-07
16.8130869434 2.79416900363e-07
16.8433807937 3.77537037185e-07
16.873674644 2.32535357896e-07
16.9039684944 1.56390242507e-07
16.9342623447 1.16916295814e-07
16.9645561951 1.20871724434e-07
16.9948500454 7.81879780375e-08
17.0251438958 1.55699316066e-07
17.0554377461 1.00293908646e-07
17.0857315965 2.15825995498e-07
17.1160254468 7.87194692533e-08
17.1463192972 2.99362564897e-07
17.1766131475 3.94482861912e-07
17.2069069979 3.98191385573e-07
17.2372008482 4.46792329658e-07
17.2674946986 1.59603398245e-07
17.2977885489 3.51837755234e-07
17.3280823993 5.23686569748e-07
17.3583762496 3.99834675813e-07
17.3886701 4.59565915755e-07
17.4189639503 5.24192738319e-07
17.4492578007 5.0472330015e-07
17.479551651 5.25208725132e-07
17.5098455014 1.33196695579e-07
17.5401393517 1.05029595106e-07
17.5704332021 3.2188492729e-07
17.6007270524 2.66958381943e-07
17.6310209028 5.15293260968e-07
17.6613147531 4.34088073124e-07
17.6916086035 5.18613985494e-07
17.7219024538 1.0608383545e-07
17.7521963042 8.3901411026e-08
17.7824901545 4.98957693348e-08
17.8127840048 2.2276545209e-07
17.8430778552 4.24602983783e-07
17.8733717055 4.4030780516e-07
17.9036655559 4.07438899439e-07
17.9339594062 2.71886580706e-07
17.9642532566 2.46968880923e-07
17.9945471069 1.994341686e-07
18.0248409573 1.8097239651e-07
18.0551348076 2.7939734145e-07
18.085428658 3.18469631796e-07
18.1157225083 2.96945170082e-07
18.1460163587 4.05785824856e-07
18.176310209 1.43241222404e-07
18.2066040594 3.09002776985e-07
18.2368979097 1.97208605582e-07
18.2671917601 1.29799148901e-07
18.2974856104 1.07210379009e-07
18.3277794608 2.18308940802e-07
18.3580733111 3.00702433296e-07
18.3883671615 3.89866779799e-07
18.4186610118 2.51884857077e-07
18.4489548622 3.30505400348e-07
18.4792487125 1.62547379466e-07
18.5095425629 2.3577012086e-07
18.5398364132 2.48239093769e-07
18.5701302636 1.22320740905e-07
18.6004241139 4.46478732945e-08
18.6307179643 9.1629339834e-08
18.6610118146 2.55382122629e-07
18.691305665 2.5269834094e-07
18.7215995153 2.6222100129e-07
18.7518933656 2.5831864698e-07
18.782187216 6.14398150944e-08
18.8124810663 6.9679357908e-08
18.8427749167 1.32574583013e-07
18.873068767 1.5262761125e-07
18.9033626174 5.60765148161e-08
18.9336564677 9.6915280002e-08
18.9639503181 2.82081256347e-07
18.9942441684 2.49394248363e-07
19.0245380188 1.60087879936e-07
19.0548318691 2.58448055706e-07
19.0851257195 3.9635209764e-07
19.1154195698 2.73855785017e-07
19.1457134202 1.40792805697e-07
19.1760072705 7.46312735837e-08
19.2063011209 1.73245414318e-07
19.2365949712 1.29567200325e-07
19.2668888216 2.76710109166e-07
19.2971826719 1.5399985163e-07
19.3274765223 1.43449351101e-07
19.3577703726 2.03025911558e-07
19.388064223 2.14915989983e-07
19.4183580733 1.20067260943e-07
19.4486519237 7.64645090771e-08
19.478945774 9.74505720821e-08
19.5092396244 1.68809100047e-07
19.5395334747 1.67499412636e-07
19.5698273251 1.67249156689e-07
19.6001211754 2.3332729762e-07
19.6304150257 9.56101303229e-08
19.6607088761 1.27903985631e-07
19.6910027264 3.24342957393e-08
19.7212965768 4.00981600669e-08
19.7515904271 1.19018496737e-07
19.7818842775 6.83275593009e-08
19.8121781278 9.26736317448e-08
19.8424719782 6.80206129621e-08
19.8727658285 3.82466207199e-08
19.9030596789 1.82320591838e-07
19.9333535292 2.04549777859e-07
19.9636473796 1.69836006328e-07
19.9939412299 1.30444651212e-07
20.0242350803 5.2156569386e-08
20.0545289306 1.05106198697e-07
20.084822781 2.52335461529e-07
20.1151166313 1.90347248626e-07
20.1454104817 1.80526668089e-07
20.175704332 5.23543037203e-08
20.2059981824 1.05066976756e-07
20.2362920327 6.86324009644e-08
20.2665858831 1.0241116323e-07
20.2968797334 1.40089439882e-07
20.3271735838 6.30397886754e-08
20.3574674341 7.72155345795e-08
20.3877612845 6.54591886511e-08
20.4180551348 1.32374802531e-07
20.4483489852 5.89331068287e-08
20.4786428355 1.04578543843e-07
20.5089366859 5.79204982118e-08
20.5392305362 9.40982063099e-08
20.5695243865 9.27907096037e-08
20.5998182369 1.45361703336e-07
20.6301120872 5.81816847143e-08
20.6604059376 6.33823504734e-08
20.6906997879 7.80915868022e-08
20.7209936383 3.73549120931e-08
20.7512874886 1.18033263753e-07
20.781581339 1.57344540698e-07
20.8118751893 4.11781180533e-08
20.8421690397 4.13912886347e-08
20.87246289 4.7343642729e-08
20.9027567404 6.46031088251e-09
20.9330505907 6.81382135954e-08
20.9633444411 1.22139974437e-07
20.9936382914 1.31136583626e-07
21.0239321418 1.43104002934e-07
21.0542259921 3.37418698884e-08
21.0845198425 7.50273451132e-08
21.1148136928 1.40134068077e-07
21.1451075432 1.19045382831e-07
21.1754013935 5.41707857041e-08
21.2056952439 9.55861972373e-08
21.2359890942 5.83717833524e-08
21.2662829446 5.05549695237e-08
21.2965767949 4.48427709332e-08
21.3268706453 1.26168717614e-07
21.3571644956 9.09207347466e-08
21.387458346 5.95772527988e-08
21.4177521963 7.57695449464e-08
21.4480460467 1.21426640184e-07
21.478339897 4.90861269433e-08
21.5086337473 7.55971915845e-08
21.5389275977 9.3945969563e-08
21.569221448 6.20878759519e-08
21.5995152984 7.63906053469e-08
21.6298091487 6.28820020325e-08
21.6601029991 1.76094194008e-08
21.6903968494 7.99267465537e-08
21.7206906998 1.02162605313e-07
21.7509845501 8.9853185605e-08
21.7812784005 1.2065072956e-07
21.8115722508 6.88549053397e-08
21.8418661012 2.68842472113e-08
21.8721599515 9.19087464016e-08
21.9024538019 5.31655731367e-08
21.9327476522 6.86870656519e-08
21.9630415026 9.35373516477e-08
21.9933353529 1.05903430572e-07
22.0236292033 2.70130383418e-08
22.0539230536 9.01188227574e-08
22.084216904 6.51468179333e-08
22.1145107543 3.11845600564e-08
22.1448046047 4.27886316592e-08
22.175098455 7.75116944672e-08
22.2053923054 6.56361173217e-08
22.2356861557 7.14408725837e-08
22.2659800061 8.52267892254e-08
22.2962738564 6.75642764157e-08
22.3265677068 3.43153379918e-08
22.3568615571 5.67426091955e-08
22.3871554075 2.91798625644e-08
22.4174492578 2.99908041201e-08
22.4477431081 5.39336807077e-08
22.4780369585 2.38520458339e-08
22.5083308088 2.29882932307e-08
22.5386246592 3.86378379001e-08
22.5689185095 4.71373383595e-08
22.5992123599 3.08771266411e-08
22.6295062102 2.07007240544e-08
22.6598000606 7.9772661569e-08
22.6900939109 1.07425426286e-07
22.7203877613 4.67728451098e-08
22.7506816116 6.5446745063e-08
22.780975462 5.24996945086e-08
22.8112693123 4.40518681184e-08
22.8415631627 5.30661643468e-08
22.871857013 3.88469922454e-08
22.9021508634 5.27222780725e-08
22.9324447137 2.36478393308e-08
22.9627385641 7.93372430039e-08
22.9930324144 8.61865744006e-08
23.0233262648 7.27163002129e-08
23.0536201151 6.79404813259e-08
23.0839139655 3.6260755792e-08
23.1142078158 3.45055049262e-09
23.1445016662 3.37137771317e-08
23.1747955165 2.91233190256e-08
23.2050893669 5.00981754176e-08
23.2353832172 2.73346741831e-08
23.2656770676 4.74396200299e-08
23.2959709179 2.47503952635e-08
23.3262647683 5.11084879863e-09
23.3565586186 3.22736510649e-08
23.3868524689 1.12720567882e-07
23.4171463193 7.23801398257e-08
23.4474401696 2.70420534527e-08
23.47773402 1.83946748928e-08
23.5080278703 2.2031539261e-09
23.5383217207 7.12448867845e-08
23.568615571 6.85834041645e-08
23.5989094214 3.89440347398e-08
23.6292032717 7.74418956805e-08
23.6594971221 5.29513466962e-08
23.6897909724 1.95466359655e-08
23.7200848228 1.97493327713e-08
23.7503786731 5.80533190882e-08
23.7806725235 3.24803836848e-08
23.8109663738 4.6902029644e-08
23.8412602242 7.83772688809e-08
23.8715540745 7.98465892047e-08
23.9018479249 5.23701324964e-08
23.9321417752 5.20346636639e-08
23.9624356256 3.54197068984e-08
23.9927294759 1.70967316681e-08
24.0230233263 2.9381754572e-08
24.0533171766 3.92738225631e-08
24.083611027 6.52989173817e-08
24.1139048773 4.09403658934e-08
24.1441987277 4.07565691548e-08
24.174492578 2.74473656059e-08
24.2047864284 4.54888581155e-08
24.2350802787 4.12950285605e-08
24.2653741291 2.07819230103e-08
24.2956679794 5.3058065209e-08
24.3259618297 7.20003504201e-08
24.3562556801 6.67045040876e-08
24.3865495304 3.81590534029e-08
24.4168433808 5.70679862634e-08
24.4471372311 4.6644225603e-08
24.4774310815 4.02855284686e-08
24.5077249318 2.51701339701e-08
24.5380187822 5.43783807381e-08
24.5683126325 5.08119215339e-08
24.5986064829 2.94838880899e-08
24.6289003332 3.07206169082e-08
24.6591941836 3.71231895438e-08
24.6894880339 4.47875323018e-08
24.7197818843 6.77270857271e-08
24.7500757346 3.26896418164e-08
24.780369585 1.25004437421e-08
24.8106634353 2.91845770431e-08
24.8409572857 4.35405362022e-08
24.871251136 6.00894466416e-08
24.9015449864 3.83394073886e-08
24.9318388367 3.83539604733e-08
24.9621326871 2.14378425069e-08
24.9924265374 2.03803199948e-08
25.0227203878 1.84768979168e-08
25.0530142381 1.24425439371e-08
25.0833080885 3.76287537249e-08
25.1136019388 1.53564307359e-08
25.1438957892 6.79260491168e-08
25.1741896395 5.83530870225e-08
25.2044834899 2.58606709676e-08
25.2347773402 5.14189365792e-08
25.2650711905 3.93644199006e-08
25.2953650409 3.50194988992e-08
25.3256588912 3.12363855892e-08
25.3559527416 4.40892414526e-08
25.3862465919 2.94937390574e-08
25.4165404423 4.39436520788e-08
25.4468342926 2.89227499489e-08
25.477128143 4.93443648824e-08
25.5074219933 1.7399752303e-08
25.5377158437 1.48195955478e-08
25.568009694 1.17601783183e-08
25.5983035444 2.60853361615e-08
25.6285973947 4.42038140895e-08
25.6588912451 3.24232819784e-08
25.6891850954 3.24691856829e-08
25.7194789458 3.07752857747e-08
25.7497727961 9.56769032659e-09
25.7800666465 3.29725874273e-08
25.8103604968 3.31877528684e-08
25.8406543472 4.4973523233e-08
25.8709481975 5.83726147264e-08
25.9012420479 3.02646419835e-08
25.9315358982 8.8644133217e-09
25.9618297486 4.28206497421e-08
25.9921235989 3.93654066119e-08
26.0224174493 3.54653916794e-08
26.0527112996 4.87671420988e-08
26.08300515 4.38202029219e-08
26.1132990003 2.84535747046e-08
26.1435928507 2.53665347363e-08
26.173886701 3.55510307828e-08
26.2041805513 3.85298696361e-08
26.2344744017 2.61581613192e-08
26.264768252 1.89525663547e-08
26.2950621024 2.59261579422e-08
26.3253559527 1.88556402308e-08
26.3556498031 4.70640527614e-08
26.3859436534 2.49538454071e-08
26.4162375038 3.50635981773e-08
26.4465313541 3.34201747926e-08
26.4768252045 3.15216679774e-08
26.5071190548 2.66655460491e-08
26.5374129052 2.23823880252e-08
26.5677067555 2.84798123153e-08
26.5980006059 4.1997400417e-08
26.6282944562 3.41372484348e-08
26.6585883066 3.2266559126e-08
26.6888821569 2.62948398073e-08
26.7191760073 3.27412154972e-08
26.7494698576 4.1969563449e-08
26.779763708 2.57790235846e-08
26.8100575583 2.40356998138e-08
26.8403514087 3.19475846862e-08
26.870645259 4.16324226374e-08
26.9009391094 3.93315795235e-08
26.9312329597 3.67540450368e-08
26.9615268101 2.97381481637e-08
26.9918206604 3.5144822917e-08
27.0221145108 2.89916478037e-08
27.0524083611 2.81315194047e-08
27.0827022115 3.88943280862e-08
27.1129960618 3.82177813855e-08
27.1432899121 3.81562394861e-08
27.1735837625 1.87149342309e-08
27.2038776128 2.7356569147e-08
27.2341714632 3.54037509642e-08
27.2644653135 4.44129973411e-08
27.2947591639 4.19021899383e-08
27.3250530142 4.41221086316e-08
27.3553468646 3.02729647938e-08
27.3856407149 3.49873460854e-08
27.4159345653 2.75431818673e-08
27.4462284156 3.09642212985e-08
27.476522266 3.35336124778e-08
27.5068161163 3.23829238325e-08
27.5371099667 2.46972902403e-08
27.567403817 2.75901115301e-08
27.5976976674 3.01880500608e-08
27.6279915177 3.22630416268e-08
27.6582853681 2.88196246315e-08
27.6885792184 2.57764795199e-08
27.7188730688 2.27266696839e-08
27.7491669191 2.99717375378e-08
27.7794607695 2.99481003809e-08
27.8097546198 2.29285930448e-08
27.8400484702 3.32510648166e-08
27.8703423205 3.13033810536e-08
27.9006361709 3.12669892751e-08
27.9309300212 2.91221411254e-08
27.9612238716 3.22987440444e-08
27.9915177219 2.91619848828e-08
28.0218115723 3.41356760842e-08
28.0521054226 3.07714991734e-08
28.0823992729 3.0485599975e-08
28.1126931233 2.71878748334e-08
28.1429869736 3.0520029963e-08
28.173280824 3.10540890207e-08
28.2035746743 3.18443375061e-08
28.2338685247 2.95994407597e-08
28.264162375 2.86034520185e-08
28.2944562254 2.84202226211e-08
28.3247500757 3.33600519495e-08
28.3550439261 3.1434616057e-08
28.3853377764 2.84758187538e-08
28.4156316268 3.08284007421e-08
28.4459254771 3.51618996614e-08
28.4762193275 2.83161127279e-08
28.5065131778 2.68348538065e-08
28.5368070282 3.15423882015e-08
28.5671008785 2.91851808086e-08
28.5973947289 2.96586151126e-08
28.6276885792 2.7319183287e-08
28.6579824296 2.59871394992e-08
28.6882762799 2.73085613691e-08
28.7185701303 3.10635181192e-08
28.7488639806 3.18874744007e-08
28.779157831 3.15708671465e-08
28.8094516813 3.22758070124e-08
28.8397455317 2.96114857353e-08
28.870039382 3.40380675278e-08
28.9003332324 2.86139443851e-08
28.9306270827 3.10188669362e-08
28.9609209331 3.22027647273e-08
28.9912147834 3.23742640987e-08
29.0215086337 3.21206399231e-08
29.0518024841 3.13545072272e-08
29.0820963344 2.55433288113e-08
29.1123901848 3.35213206635e-08
29.1426840351 2.83789127288e-08
29.1729778855 2.81671380024e-08
29.2032717358 2.86842866843e-08
29.2335655862 3.04469733917e-08
29.2638594365 3.34565766082e-08
29.2941532869 2.6028945375e-08
29.3244471372 2.7385256249e-08
29.3547409876 2.82109044447e-08
29.3850348379 3.334707942e-08
29.4153286883 2.73651769467e-08
29.4456225386 2.34590434439e-08
29.475916389 2.24225548817e-08
29.5062102393 2.21447395873e-08
29.5365040897 2.79958036302e-08
29.56679794 2.74133682369e-08
29.5970917904 2.39166629261e-08
29.6273856407 2.3036085163e-08
29.6576794911 3.16914226436e-08
29.6879733414 3.75357346112e-08
29.7182671918 2.66725632539e-08
29.7485610421 2.5773774096e-08
29.7788548925 3.14153460924e-08
29.8091487428 2.75609627899e-08
29.8394425932 3.34518760636e-08
29.8697364435 3.19117701368e-08
29.9000302939 3.11341923079e-08
29.9303241442 3.0403097394e-08
29.9606179945 2.77687174978e-08
29.9909118449 3.28824873813e-08
30.0212056952 3.24396920947e-08
30.0514995456 2.7230768331e-08
30.0817933959 2.61278780823e-08
30.1120872463 2.75252346384e-08
30.1423810966 2.89583518223e-08
30.172674947 2.79670149545e-08
30.2029687973 2.75630213458e-08
30.2332626477 2.41278651435e-08
30.263556498 2.72912487926e-08
30.2938503484 2.66872344912e-08
30.3241441987 3.08662007787e-08
30.3544380491 2.71073391218e-08
30.3847318994 2.94003544796e-08
30.4150257498 2.62264776215e-08
30.4453196001 2.73566504833e-08
30.4756134505 2.84717772137e-08
30.5059073008 2.64189098249e-08
30.5362011512 2.71394068722e-08
30.5664950015 2.65170486937e-08
30.5967888519 3.08442279035e-08
30.6270827022 2.63162339527e-08
30.6573765526 2.8276270668e-08
30.6876704029 3.11711728158e-08
30.7179642533 2.97715665515e-08
30.7482581036 2.99620851058e-08
30.778551954 2.86202902868e-08
30.8088458043 2.81712489314e-08
30.8391396547 3.0610486445e-08
30.869433505 2.99298730088e-08
30.8997273553 3.03040485178e-08
30.9300212057 2.92126363264e-08
30.960315056 3.12456157715e-08
30.9906089064 2.91695963245e-08
31.0209027567 2.85489925378e-08
31.0511966071 3.00164116278e-08
31.0814904574 2.94822529485e-08
31.1117843078 2.94014835864e-08
31.1420781581 2.52472632361e-08
31.1723720085 2.66503104947e-08
31.2026658588 2.76499903705e-08
31.2329597092 2.93392218564e-08
31.2632535595 2.80805502266e-08
31.2935474099 2.79992869329e-08
31.3238412602 2.89283268954e-08
31.3541351106 2.75052390704e-08
31.3844289609 3.01345677912e-08
31.4147228113 2.75209009269e-08
31.4450166616 2.76857574144e-08
31.475310512 2.70793936578e-08
31.5056043623 2.98415102933e-08
31.5358982127 2.96170244674e-08
31.566192063 2.78215826266e-08
31.5964859134 2.68253272413e-08
31.6267797637 2.64830599993e-08
31.6570736141 2.71405050764e-08
31.6873674644 2.71408097067e-08
31.7176613148 2.85603957671e-08
31.7479551651 2.87011809936e-08
31.7782490154 2.76120217014e-08
31.8085428658 2.6766743232e-08
31.8388367161 2.69707874576e-08
31.8691305665 2.81209662847e-08
31.8994244168 2.69621912727e-08
31.9297182672 2.66207987438e-08
31.9600121175 2.8287934e-08
31.9903059679 2.72292485426e-08
32.0205998182 2.75379937412e-08
32.0508936686 2.96702809279e-08
32.0811875189 2.94754301915e-08
32.1114813693 2.76745196643e-08
32.1417752196 2.50065476309e-08
32.17206907 2.66941690811e-08
32.2023629203 2.85995408937e-08
32.2326567707 2.77962908114e-08
32.262950621 2.62208215435e-08
32.2932444714 2.56163331605e-08
32.3235383217 2.77603144146e-08
32.3538321721 2.61472327553e-08
32.3841260224 2.69451565867e-08
32.4144198728 2.55522107822e-08
32.4447137231 2.73298984849e-08
32.4750075735 2.65821724699e-08
32.5053014238 2.68924019382e-08
32.5355952742 2.71577202775e-08
32.5658891245 2.54449215987e-08
32.5961829749 2.66111178191e-08
32.6264768252 2.7833993756e-08
32.6567706756 2.73035774412e-08
32.6870645259 2.68340498635e-08
32.7173583762 2.67042396983e-08
32.7476522266 2.73783414869e-08
32.7779460769 2.80691494732e-08
32.8082399273 2.86582805081e-08
32.8385337776 2.74418124548e-08
32.868827628 2.75509944379e-08
32.8991214783 2.89610394694e-08
32.9294153287 2.70694090278e-08
32.959709179 2.73055402357e-08
32.9900030294 2.71020042682e-08
33.0202968797 2.67165462139e-08
33.0505907301 2.71457680573e-08
33.0808845804 2.70995464633e-08
33.1111784308 2.69676747312e-08
33.1414722811 2.6267223066e-08
33.1717661315 2.64344488264e-08
33.2020599818 2.81600259386e-08
33.2323538322 2.66574497419e-08
33.2626476825 2.70418195825e-08
33.2929415329 2.72415237542e-08
33.3232353832 2.73973884446e-08
33.3535292336 2.69058523215e-08
33.3838230839 2.62801011729e-08
33.4141169343 2.67289013824e-08
33.4444107846 2.70440871753e-08
33.474704635 2.71529616269e-08
33.5049984853 2.73157637747e-08
33.5352923357 2.70299805743e-08
33.565586186 2.64093619027e-08
33.5958800364 2.71336891704e-08
33.6261738867 2.60497981945e-08
33.656467737 2.65187393322e-08
33.6867615874 2.74286168768e-08
33.7170554377 2.75789397757e-08
33.7473492881 2.61712212878e-08
33.7776431384 2.73237709718e-08
33.8079369888 2.66898246726e-08
33.8382308391 2.66381025313e-08
33.8685246895 2.76366534082e-08
33.8988185398 2.73554466708e-08
33.9291123902 2.63712746007e-08
33.9594062405 2.67954164348e-08
33.9897000909 2.73658631954e-08
34.0199939412 2.65722162359e-08
34.0502877916 2.55644903663e-08
34.0805816419 2.617855359e-08
34.1108754923 2.60744691214e-08
34.1411693426 2.5810297962e-08
34.171463193 2.62193420264e-08
34.2017570433 2.65116166988e-08
34.2320508937 2.67221405459e-08
34.262344744 2.58373639552e-08
34.2926385944 2.6409246591e-08
34.3229324447 2.70113080268e-08
34.3532262951 2.71415922851e-08
34.3835201454 2.72592314251e-08
34.4138139958 2.65704671049e-08
34.4441078461 2.6233936405e-08
34.4744016965 2.59840939574e-08
34.5046955468 2.67830023313e-08
34.5349893972 2.64888853716e-08
34.5652832475 2.55617954397e-08
34.5955770978 2.62221533887e-08
34.6258709482 2.6397317815e-08
34.6561647985 2.64706636057e-08
34.6864586489 2.57802377553e-08
34.7167524992 2.68790555968e-08
34.7470463496 2.69788906006e-08
34.7773401999 2.68193922954e-08
34.8076340503 2.67655548207e-08
34.8379279006 2.69572844054e-08
34.868221751 2.60272425344e-08
34.8985156013 2.56293057074e-08
34.9288094517 2.68493171255e-08
34.959103302 2.63294429233e-08
34.9893971524 2.65545449985e-08
35.0196910027 2.66590244167e-08
35.0499848531 2.64541825548e-08
35.0802787034 2.63853229943e-08
35.1105725538 2.61997394774e-08
35.1408664041 2.63745331983e-08
35.1711602545 2.62392504254e-08
35.2014541048 2.6774812312e-08
35.2317479552 2.60544617148e-08
35.2620418055 2.60813370149e-08
35.2923356559 2.60537957401e-08
35.3226295062 2.5592438617e-08
35.3529233566 2.56648776594e-08
35.3832172069 2.62252996851e-08
35.4135110573 2.61290313475e-08
35.4438049076 2.56948323517e-08
35.474098758 2.63154447697e-08
35.5043926083 2.56111586153e-08
35.5346864586 2.58277983104e-08
35.564980309 2.61025798981e-08
35.5952741593 2.59283665702e-08
35.6255680097 2.60436308923e-08
35.65586186 2.64055576195e-08
35.6861557104 2.572020188e-08
35.7164495607 2.60042187137e-08
35.7467434111 2.56364656343e-08
35.7770372614 2.60064330618e-08
35.8073311118 2.60252367839e-08
35.8376249621 2.6112307532e-08
35.8679188125 2.5696965019e-08
35.8982126628 2.55488398754e-08
35.9285065132 2.5590647262e-08
35.9588003635 2.58271161437e-08
35.9890942139 2.60873549968e-08
36.0193880642 2.58291979483e-08
36.0496819146 2.58897915563e-08
36.0799757649 2.57324431985e-08
36.1102696153 2.59502348593e-08
36.1405634656 2.53836825394e-08
36.170857316 2.60403440234e-08
36.2011511663 2.59768524494e-08
36.2314450167 2.56445260908e-08
36.261738867 2.57703393207e-08
36.2920327174 2.54631943226e-08
36.3223265677 2.56337039516e-08
36.3526204181 2.58835939132e-08
36.3829142684 2.58972146426e-08
36.4132081188 2.57379706924e-08
36.4435019691 2.56925443574e-08
36.4737958194 2.57320171338e-08
36.5040896698 2.56022731643e-08
36.5343835201 2.52789191279e-08
36.5646773705 2.5460585799e-08
36.5949712208 2.53509463748e-08
36.6252650712 2.53703420771e-08
36.6555589215 2.56531517649e-08
36.6858527719 2.56747874639e-08
36.7161466222 2.55764494226e-08
36.7464404726 2.57383321832e-08
36.7767343229 2.55642546554e-08
36.8070281733 2.56335023615e-08
36.8373220236 2.55123500833e-08
36.867615874 2.55803117288e-08
36.8979097243 2.52602445004e-08
36.9282035747 2.54633794937e-08
36.958497425 2.53410868807e-08
36.9887912754 2.54694983308e-08
37.0190851257 2.55295560933e-08
37.0493789761 2.53698695847e-08
37.0796728264 2.54118743055e-08
37.1099666768 2.54075388536e-08
37.1402605271 2.53549009238e-08
37.1705543775 2.54607748117e-08
37.2008482278 2.54758496569e-08
37.2311420782 2.57438754838e-08
37.2614359285 2.55458352731e-08
37.2917297789 2.54704701996e-08
37.3220236292 2.54721631563e-08
37.3523174796 2.5406672697e-08
37.3826113299 2.57156677079e-08
37.4129051802 2.55099773042e-08
37.4431990306 2.55134811281e-08
37.4734928809 2.54582755568e-08
37.5037867313 2.55320450976e-08
37.5340805816 2.53833731274e-08
37.564374432 2.53368762894e-08
37.5946682823 2.52953278108e-08
37.6249621327 2.54489659781e-08
37.655255983 2.53689943632e-08
37.6855498334 2.51987751457e-08
37.7158436837 2.50924019081e-08
37.7461375341 2.49853819216e-08
37.7764313844 2.52183608734e-08
37.8067252348 2.51525112736e-08
37.8370190851 2.50746831928e-08
37.8673129355 2.51051599935e-08
37.8976067858 2.52364303536e-08
37.9279006362 2.52354357281e-08
37.9581944865 2.5175214089e-08
37.9884883369 2.51426676446e-08
38.0187821872 2.51297447766e-08
38.0490760376 2.50814932125e-08
38.0793698879 2.51114895639e-08
38.1096637383 2.49708748636e-08
38.1399575886 2.50710134331e-08
38.170251439 2.51296553048e-08
38.2005452893 2.53137560271e-08
38.2308391397 2.5154370713e-08
38.26113299 2.50923151746e-08
38.2914268404 2.51039628152e-08
38.3217206907 2.49931888686e-08
38.352014541 2.49807311251e-08
38.3823083914 2.49849642867e-08
38.4126022417 2.49534209451e-08
38.4428960921 2.5062408419e-08
38.4731899424 2.50750817251e-08
38.5034837928 2.49967775362e-08
38.5337776431 2.50194118094e-08
38.5640714935 2.50554684348e-08
38.5943653438 2.4980979053e-08
38.6246591942 2.49057284752e-08
38.6549530445 2.49506400352e-08
38.6852468949 2.49764565671e-08
38.7155407452 2.49965934942e-08
38.7458345956 2.48989213751e-08
38.7761284459 2.48862368978e-08
38.8064222963 2.50582870006e-08
38.8367161466 2.49024357689e-08
38.867009997 2.50106130325e-08
38.8973038473 2.49273907438e-08
38.9275976977 2.49893883956e-08
38.957891548 2.4949458035e-08
38.9881853984 2.49239805742e-08
39.0184792487 2.49450048203e-08
39.0487730991 2.48876484699e-08
39.0790669494 2.48111131985e-08
39.1093607998 2.48855145529e-08
39.1396546501 2.49338488816e-08
39.1699485005 2.49007047515e-08
39.2002423508 2.48897857184e-08
39.2305362012 2.48320420662e-08
39.2608300515 2.48216273276e-08
39.2911239018 2.48044861035e-08
39.3214177522 2.47506003409e-08
39.3517116025 2.48567583457e-08
39.3820054529 2.48161536086e-08
39.4122993032 2.48309203395e-08
39.4425931536 2.48126164023e-08
39.4728870039 2.47901872594e-08
39.5031808543 2.47997611767e-08
39.5334747046 2.47275977396e-08
39.563768555 2.47608173e-08
39.5940624053 2.4715540342e-08
39.6243562557 2.46831175391e-08
39.654650106 2.47234111428e-08
39.6849439564 2.47386302128e-08
39.7152378067 2.47210409136e-08
39.7455316571 2.47275456918e-08
39.7758255074 2.47179008224e-08
39.8061193578 2.47371373061e-08
39.8364132081 2.46970369916e-08
39.8667070585 2.46821080425e-08
39.8970009088 2.47156330107e-08
39.9272947592 2.46795804839e-08
39.9575886095 2.46440262587e-08
39.9878824599 2.46364889643e-08
40.0181763102 2.46439087516e-08
40.0484701606 2.46143791084e-08
40.0787640109 2.46070363709e-08
40.1090578613 2.46092190564e-08
40.1393517116 2.45965893318e-08
40.169645562 2.46023084444e-08
40.1999394123 2.45549261523e-08
40.2302332626 2.45661896086e-08
40.260527113 2.4574695926e-08
40.2908209633 2.45985595501e-08
40.3211148137 2.45849477202e-08
40.351408664 2.45687686776e-08
40.3817025144 2.45477950569e-08
40.4119963647 2.45306839539e-08
40.4422902151 2.45444882914e-08
40.4725840654 2.45416944962e-08
40.5028779158 2.45448623226e-08
40.5331717661 2.45273840005e-08
40.5634656165 2.44882117786e-08
40.5937594668 2.4500423359e-08
40.6240533172 2.45114632434e-08
40.6543471675 2.45012198099e-08
40.6846410179 2.45006141844e-08
40.7149348682 2.44993137369e-08
40.7452287186 2.44790282768e-08
40.7755225689 2.44670358249e-08
40.8058164193 2.44625702742e-08
40.8361102696 2.44604780657e-08
40.86640412 2.44448954651e-08
40.8966979703 2.44585401926e-08
40.9269918207 2.44482996906e-08
40.957285671 2.44376851406e-08
40.9875795214 2.44309911622e-08
41.0178733717 2.4425961245e-08
41.0481672221 2.44249069002e-08
41.0784610724 2.44075628533e-08
41.1087549228 2.44054180782e-08
41.1390487731 2.44033487278e-08
41.1693426234 2.43918919665e-08
41.1996364738 2.43808433535e-08
41.2299303241 2.43742243453e-08
41.2602241745 2.4371940527e-08
41.2905180248 2.43633953129e-08
41.3208118752 2.43570582739e-08
41.3511057255 2.43541845755e-08
41.3813995759 2.43331508409e-08
41.4116934262 2.43357392513e-08
41.4419872766 2.43304799893e-08
41.4722811269 2.43276512504e-08
41.5025749773 2.43147389329e-08
41.5328688276 2.43142059278e-08
41.563162678 2.43073912019e-08
41.5934565283 2.43052984467e-08
41.6237503787 2.42968318823e-08
41.654044229 2.42903880568e-08
41.6843380794 2.42931161958e-08
41.7146319297 2.42929689301e-08
41.7449257801 2.42741249369e-08
41.7752196304 2.42706525264e-08
41.8055134808 2.42691915143e-08
41.8358073311 2.42614401737e-08
41.8661011815 2.42514292626e-08
41.8963950318 2.42461368898e-08
41.9266888822 2.42430164983e-08
41.9569827325 2.42450565285e-08
41.9872765829 2.42321300668e-08
42.0175704332 2.42213899809e-08
42.0478642836 2.42165969546e-08
42.0781581339 2.42187718311e-08
42.1084519842 2.42095294725e-08
42.1387458346 2.42024357349e-08
42.1690396849 2.41995519345e-08
42.1993335353 2.41894912072e-08
42.2296273856 2.41836136786e-08
42.259921236 2.4181697581e-08
42.2902150863 2.41792082774e-08
42.3205089367 2.41702509422e-08
42.350802787 2.41620904721e-08
42.3810966374 2.4162124098e-08
42.4113904877 2.41556763043e-08
42.4416843381 2.41497772404e-08
42.4719781884 2.41441305966e-08
42.5022720388 2.41415198282e-08
42.5325658891 2.41343774785e-08
42.5628597395 2.41297454121e-08
42.5931535898 2.41254819588e-08
42.6234474402 2.41170409977e-08
42.6537412905 2.41147814e-08
42.6840351409 2.41074688875e-08
42.7143289912 2.41056462957e-08
42.7446228416 2.40968497215e-08
42.7749166919 2.40920283853e-08
42.8052105423 2.40891880585e-08
42.8355043926 2.40834027581e-08
42.865798243 2.40787243594e-08
42.8960920933 2.40733463291e-08
42.9263859437 2.40712939446e-08
42.956679794 2.40644211371e-08
42.9869736444 2.4058322417e-08
43.0172674947 2.40556300638e-08
43.047561345 2.40491721986e-08
43.0778551954 2.40439142743e-08
43.1081490457 2.40402129057e-08
43.1384428961 2.40349810637e-08
43.1687367464 2.40312885907e-08
43.1990305968 2.40261758679e-08
43.2293244471 2.40198025333e-08
43.2596182975 2.40166092429e-08
43.2899121478 2.40110080712e-08
43.3202059982 2.40082786456e-08
43.3504998485 2.40034520779e-08
43.3807936989 2.39975523801e-08
43.4110875492 2.39946587937e-08
43.4413813996 2.39881086495e-08
43.4716752499 2.39834488148e-08
43.5019691003 2.39810673389e-08
43.5322629506 2.39767096354e-08
43.562556801 2.39731807261e-08
43.5928506513 2.39670573978e-08
43.6231445017 2.39627278667e-08
43.653438352 2.39582724195e-08
43.6837322024 2.39548671117e-08
43.7140260527 2.39516348724e-08
43.7443199031 2.39455201665e-08
43.7746137534 2.39417041427e-08
43.8049076038 2.39378129731e-08
43.8352014541 2.39322844732e-08
43.8654953045 2.3929236097e-08
43.8957891548 2.39251225639e-08
43.9260830051 2.3921950357e-08
43.9563768555 2.39156376631e-08
43.9866707058 2.39123233364e-08
44.0169645562 2.39082114957e-08
44.0472584065 2.3903926806e-08
44.0775522569 2.39000528714e-08
44.1078461072 2.38966588445e-08
44.1381399576 2.38920208072e-08
44.1684338079 2.38879827739e-08
44.1987276583 2.38850296213e-08
44.2290215086 2.38810588753e-08
44.259315359 2.38762166545e-08
44.2896092093 2.38722511075e-08
44.3199030597 2.38691135064e-08
44.35019691 2.38647462343e-08
44.3804907604 2.3861021469e-08
44.4107846107 2.38578543187e-08
44.4410784611 2.38529462394e-08
44.4713723114 2.38496053742e-08
44.5016661618 2.38454037814e-08
44.5319600121 2.38420878422e-08
44.5622538625 2.38384334898e-08
44.5925477128 2.38345720344e-08
44.6228415632 2.38310362697e-08
44.6531354135 2.38274014477e-08
44.6834292639 2.38242230163e-08
44.7137231142 2.38200506225e-08
44.7440169646 2.38168380234e-08
44.7743108149 2.38134281879e-08
44.8046046653 2.38097986404e-08
44.8348985156 2.38063468632e-08
44.8651923659 2.38026239872e-08
44.8954862163 2.37993617067e-08
44.9257800666 2.37957094065e-08
44.956073917 2.37926527225e-08
44.9863677673 2.37890996154e-08
45.0166616177 2.37855051336e-08
45.046955468 2.37823736264e-08
45.0772493184 2.37788188859e-08
45.1075431687 2.37754943795e-08
45.1378370191 2.37722359534e-08
45.1681308694 2.37689911905e-08
45.1984247198 2.37656176758e-08
45.2287185701 2.37625217329e-08
45.2590124205 2.37591852377e-08
45.2893062708 2.37562097796e-08
45.3196001212 2.37529333597e-08
45.3498939715 2.3749744062e-08
45.3801878219 2.37464778632e-08
45.4104816722 2.374335699e-08
45.4407755226 2.37403543146e-08
45.4710693729 2.37373435488e-08
45.5013632233 2.37342461887e-08
45.5316570736 2.37312225529e-08
45.561950924 2.37283419122e-08
45.5922447743 2.37253740029e-08
45.6225386247 2.3722339783e-08
45.652832475 2.3719429952e-08
45.6831263254 2.37164770869e-08
45.7134201757 2.37136954295e-08
45.7437140261 2.37106950124e-08
45.7740078764 2.37078516561e-08
45.8043017267 2.37050371478e-08
45.8345955771 2.37021968412e-08
45.8648894274 2.36994506216e-08
45.8951832778 2.36966574693e-08
45.9254771281 2.36939318635e-08
45.9557709785 2.36911605478e-08
45.9860648288 2.36884981296e-08
46.0163586792 2.36858088759e-08
46.0466525295 2.36831230568e-08
46.0769463799 2.36804729033e-08
46.1072402302 2.3677905244e-08
46.1375340806 2.36752652994e-08
46.1678279309 2.36726791091e-08
46.1981217813 2.36701155824e-08
46.2284156316 2.36675702212e-08
46.258709482 2.36650567281e-08
46.2890033323 2.36625635109e-08
46.3192971827 2.36600742928e-08
46.349591033 2.36576280478e-08
46.3798848834 2.36551782041e-08
46.4101787337 2.36527549929e-08
46.4404725841 2.36503782437e-08
46.4707664344 2.36479907983e-08
46.5010602848 2.3645645409e-08
46.5313541351 2.36433137299e-08
46.5616479855 2.36409899067e-08
46.5919418358 2.36387005967e-08
46.6222356862 2.36364305652e-08
46.6525295365 2.36341781954e-08
46.6828233869 2.36319473281e-08
46.7131172372 2.36297372324e-08
46.7434110875 2.36275460616e-08
46.7737049379 2.36253747117e-08
46.8039987882 2.36232263848e-08
46.8342926386 2.36210953859e-08
46.8645864889 2.36189917748e-08
46.8948803393 2.36169029478e-08
46.9251741896 2.36148358463e-08
46.95546804 2.36127919553e-08
46.9857618903 2.36107656332e-08
47.0160557407 2.36087615472e-08
47.046349591 2.36067766547e-08
47.0766434414 2.36048127683e-08
47.1069372917 2.36028681559e-08
47.1372311421 2.36009452011e-08
47.1675249924 2.359904345e-08
47.1978188428 2.35971605193e-08
47.2281126931 2.35952997764e-08
47.2584065435 2.35934581356e-08
47.2887003938 2.35916377872e-08
47.3189942442 2.35898372389e-08
47.3492880945 2.35880576455e-08
47.3795819449 2.35862982614e-08
47.4098757952 2.3584559149e-08
47.4401696456 2.35828406062e-08
47.4704634959 2.35811424854e-08
47.5007573463 2.35794648498e-08
47.5310511966 2.35778072299e-08
47.561345047 2.35761702891e-08
47.5916388973 2.35745536161e-08
47.6219327477 2.35729574932e-08
47.652226598 2.35713815411e-08
47.6825204483 2.35698260441e-08
47.7128142987 2.35682909415e-08
47.743108149 2.3566776139e-08
47.7734019994 2.35652816903e-08
47.8036958497 2.35638076339e-08
47.8339897001 2.35623538413e-08
47.8642835504 2.35609203684e-08
47.8945774008 2.35595072563e-08
47.9248712511 2.35581144456e-08
47.9551651015 2.35567419206e-08
47.9854589518 2.3555389708e-08
48.0157528022 2.35540577962e-08
48.0460466525 2.35527462024e-08
48.0763405029 2.35514548697e-08
48.1066343532 2.35501838359e-08
48.1369282036 2.35489330585e-08
48.1672220539 2.35477025763e-08
48.1975159043 2.35464923516e-08
48.2278097546 2.35453023935e-08
48.258103605 2.35441326993e-08
48.2883974553 2.35429832527e-08
48.3186913057 2.35418540593e-08
48.348985156 2.35407451075e-08
48.3792790064 2.35396563994e-08
48.4095728567 2.35385879275e-08
48.4398667071 2.3537539687e-08
48.4701605574 2.35365116756e-08
48.5004544078 2.35355038873e-08
48.5307482581 2.353451632e-08
48.5610421085 2.35335489686e-08
48.5913359588 2.35326018299e-08
48.6216298091 2.35316748997e-08
48.6519236595 2.35307681748e-08
48.6822175098 2.35298816515e-08
48.7125113602 2.35290153258e-08
48.7428052105 2.35281691946e-08
48.7730990609 2.35273432546e-08
48.8033929112 2.35265375026e-08
48.8336867616 2.35257519352e-08
48.8639806119 2.35249865495e-08
48.8942744623 2.35242413424e-08
48.9245683126 2.35235163108e-08
48.954862163 2.3522811452e-08
48.9851560133 2.35221267632e-08
49.0154498637 2.35214622416e-08
49.045743714 2.35208178848e-08
49.0760375644 2.35201936899e-08
49.1063314147 2.35195896547e-08
49.1366252651 2.35190057767e-08
49.1669191154 2.35184420536e-08
49.1972129658 2.35178984832e-08
49.2275068161 2.35173750634e-08
49.2578006665 2.35168717919e-08
49.2880945168 2.3516388667e-08
49.3183883672 2.35159256866e-08
49.3486822175 2.35154828489e-08
49.3789760679 2.35150601523e-08
49.4092699182 2.35146575949e-08
49.4395637686 2.35142751751e-08
49.4698576189 2.35139128917e-08
49.5001514693 2.3513570743e-08
49.5304453196 2.35132487276e-08
49.5607391699 2.35129468445e-08
49.5910330203 2.35126650922e-08
49.6213268706 2.35124034698e-08
49.651620721 2.35121619761e-08
49.6819145713 2.35119406103e-08
49.7122084217 2.35117393715e-08
49.742502272 2.35115582587e-08
49.7727961224 2.35113972715e-08
49.8030899727 2.35112564089e-08
49.8333838231 2.35111356708e-08
49.8636776734 2.35110350564e-08
49.8939715238 2.35109545652e-08
49.9242653741 2.35108941972e-08
49.9545592245 2.35108539519e-08
49.9848530748 2.35108338295e-08
