-70.14 -20.24 6 0 2 TR ﻿UNAP
-70.07 -20.17 6 0 2 TR NEUQ
-69.76 -20.25 6 0 2 TR POZO
-69.26 -20.50 6 0 2 TR PICL
-69.40 -20.76 6 0 2 TR PINT
-69.73 -19.93 6 0 2 TR HUAR
-69.57 -20.33 6 0 2 TR TIRA
-69.62 -19.67 6 0 2 TR SOG1
-69.38 -19.53 6 0 2 TR SOG2
-69.46 -20.13 6 0 2 TR MAM1
-69.40 -20.09 6 0 2 TR MAM2
-69.91 -19.96 6 0 2 TR BUEN
-70.00 -20.69 6 0 2 TR PATA
-69.66 -20.62 6 0 2 TR CERR
-69.94 -20.08 6 0 2 TR MILI
-70.18 -20.54 6 0 2 TR AERO
-70.01 -21.09 6 0 2 TR CHOM
-69.40 -19.82 6 0 2 TR APAC
-70.12 -19.60 6 0 2 TR PSGCX
-70.15 -20.82 6 0 2 TR PATCX
-69.49 -21.04 6 0 2 TR PB01
-69.18 -19.68 6 0 2 TR GO01
-69.89 -20.28 6 0 2 TR HMBCX
-69.15 -20.14 6 0 2 TR PB08
-69.66 -19.76 6 0 2 TR PB11
-69.8960 -21.3197 6 0 2 TR PB02
-69.7533 -22.0476 6 0 2 TR PB03
-70.1494 -22.3335 6 0 2 TR PB04
-70.1859 -22.8679 6 0 2 TR PB05
-69.5717 -22.7058 6 0 2 TR PB06
-69.8861 -21.7266 6 0 2 TR PB07
-69.1535 -20.1411 6 0 2 TR PB08
-69.2419 -21.7964 6 0 2 TR PB09
-70.5541 -23.5134 6 0 2 TR PB10
-70.3280850 -18.6140583 6 0 2 TR PB12
-69.59553 -19.13108 6 0 2 TR MNMCX
